961	
	0.4766198856	0.4513254205	0.4511908344	0.4505178761	0.4504797829
	0.4505974065	0.4507297469	0.4517829501	0.4521438335	0.4516717862
	0.4505664713	0.3799811647	0.0008853984677	0.001279039721	0.521014775
	0.8116633565	0.6476821498	0.5746454156	0.7287882263	0.7118449958
	0.685719001	0.6460437637	0.6039870776	0.5797601122	0.5650979291
	0.5576112554	0.5519273138	0.5475664807	0.5456508891	0.5486186291
	0.5343854525	0.426085497	0.3817737138	0.3868929492	0.3783841123
	0.3760656504	0.3753731593	0.3744075944	0.3723118894	0.3734453903
	0.3710533488	0.3778158794	0.3533919902	0.0009225982384	0.0007526351639
	0.3440852434	0.9332841991	0.1508418077	0.01924556351	0.3839431096
	0.6599502718	0.7066965538	0.7006185718	0.6723248568	0.6253223806
	0.5923760888	0.5683861302	0.5610173514	0.5559888523	0.5539607331
	0.5547675663	0.5457429287	0.0002103817071	0.0003645945394	0.0002949781329
	0.0002706582295	0.0002689760673	0.0002686161313	0.0002578980547	0.0002727495594
	0.0003403346537	0.0002905466992	0.000312953269	0.0003644390238	0.000329739642
	0.0002645112405	0.1447076044	0.9703552468	0.007464128998	0.00348339909
	0.00222055542	0.004612044888	0.09903896791	0.2742616614	0.369540002
	0.4501610531	0.5103499639	0.5157540803	0.4927969093	0.4895562133
	0.4919117565	0.4894382715	0.5168908196	0.0003330746204	0.0002400423122
	0.0003132454396	0.0002755785322	0.0002683659362	0.0002686083312	0.0002623952541
	0.0002269755055	0.0002790587936	0.000276107537	0.0002986154461	0.0003333364528
	0.0003869515138	0.0002147171924	0.0002216120875	0.0005247459616	0.9677876018
	0.003230769158	0.001465613505	0.00109995604	0.0009263944182	0.001171021735
	0.002054364913	0.01686717973	0.2605044101	0.3894401651	0.4288107406
	0.4093303966	0.4088944051	0.4024309943	0.4689525737	0.8928535694
	0.9220761577	0.7792378937	0.5644295468	0.4878481827	0.4950214926
	0.4993962238	0.4822627257	0.501732662	0.4767353175	0.458001235
	0.4316621683	0.4077370571	0.3517172444	0.0002708204218	0.0002821663229
	0.0002791642707	0.9945693507	0.935650836	0.004165877359	0.00119810442
	0.0008703805051	0.0006760554716	0.0006212567925	0.0005658291106	0.20924589
	0.3489235385	0.3574950771	0.3389947187	0.3280963578	0.4111288086
	0.9195503684	0.9753782953	0.9707133899	0.9428231705	0.8531803816
	0.7661450957	0.710872208	0.668084519	0.6270001479	0.5905276137
	0.5576265878	0.5287695103	0.5046888595	0.4839517943	0.4652087498
	0.000930177487	0.0002508747329	0.0002589746937	0.0003983973193	0.9909002856
	0.1257919876	0.01243758273	0.001643662646	0.0007811402815	0.0003998104969
	0.000363551793	0.1946282325	0.3135147627	0.2793129772	0.2700469122
	0.3458873485	0.863566824	0.8498672147	0.2204314603	0.9686452964
	0.9492990871	0.8910309626	0.8228706565	0.7666321654	0.7195178425
	0.6787200913	0.6438164876	0.6149825835	0.592502081	0.5752360835
	0.5719754389	0.566411457	0.473973643	0.0003505354313	0.0003005648935
	0.000300753026	0.9496527276	0.9525442017	0.9620553172	0.936725327
	0.0242273421	0.0003503288719	0.0003373783973	0.1201103514	0.1697014184
	0.1869586534	0.2567071778	0.8289350176	0.4555282714	0.02052784676
	0.1055887415	0.9430530577	0.9247504051	0.8651491193	0.8100414007
	0.7644622394	0.7255733893	0.6929694483	0.6677211897	0.6490388253
	0.6353018807	0.6281960713	0.6331244554	0.63867439	0.5886189585
	0.466652749	0.000335093438	0.0003549918442	0.6346064384	0.2541402377
	0.003011609532	0.7152276659	0.05056589638	0.0003481476729	0.0004272438422
	0.001662192832	0.003110403053	0.01550594696	0.7662419664	0.7821906248
	0.01179512278	0.01325040379	0.5609055616	0.9107896348	0.8688086535
	0.8119208906	0.768028589	0.7317640354	0.7014128983	0.6782086221
	0.6628212355	0.654972899	0.6547791842	0.6629709735	0.6784780939
	0.6857580315	0.6623796214	0.5702458347	0.0003741303978	0.0004278189963
	0.002378654734	0.003889365421	0.004407181633	0.9940075123	0.0007875429249
	0.0005381377001	0.0008537025375	0.0006879633665	0.001085067294	0.7222974202
	0.7912777547	0.01477879476	0.004945815595	0.04067042485	0.788691734
	0.8475832024	0.7902804279	0.7433384261	0.7071415161	0.6759983428
	0.650748107	0.6336905286	0.6266755289	0.6309727979	0.647416041
	0.6763215033	0.7135460997	0.7470631455	0.7665383428	0.663442085
	0.0005655205925	0.0008574148226	0.002043992833	0.00371349427	0.9188616401
	0.0007242173274	0.00070632885	0.001879587414	0.001125743854	0.0009476201022
	0.6874829441	0.7729942011	0.05419498804	0.003092510446	0.006210667672
	0.5266742936	0.7890926919	0.7563152798	0.7055239273	0.6674118108
	0.6334113379	0.6023134613	0.5769401375	0.5603021617	0.5550403931
	0.5641338762	0.5923493168	0.6429069943	0.709640367	0.7950522936
	0.8606953565	0.7556263245	0.002343568206	0.002737414103	0.003291362424
	0.9891607239	0.0007546339686	0.0007127814548	0.05197791328	0.1455954534
	0.1474045642	0.6573283979	0.7419017217	0.2783822786	0.002611315381
	0.003251931505	0.2223629892	0.7003585627	0.7074444402	0.6638224696
	0.6261815818	0.5917353272	0.5565706111	0.5223540037	0.4914204073
	0.4654857151	0.4471423775	0.4440683834	0.4664603316	0.5213423682
	0.612407433	0.7688669319	0.8939247808	0.9174680502	0.1887278497
	0.03062808165	0.9894255419	0.0008448215052	0.0007565413959	0.09949812365
	0.2404914326	0.3225993788	0.629775143	0.7069527148	0.4290196876
	0.002790975298	0.002326979966	0.04495985699	0.5977062428	0.6498051585
	0.6203133275	0.5897416112	0.5602517016	0.5278364444	0.492144158
	0.4538200698	0.4125378276	0.3688840357	0.3301426504	0.3081126229
	0.3097969493	0.3497504186	0.4626794268	0.6809608501	0.866868277
	0.7157873155	0.07896099375	0.9832578212	0.0009052752849	0.0008125513709
	0.08028039015	0.2794767622	0.3696920324	0.6035549402	0.671929534
	0.4942530233	0.004116476783	0.001780530785	0.007356350248	0.4918687602
	0.5930552079	0.5758803762	0.5580052046	0.5386400679	0.5160751858
	0.4882965916	0.4534676528	0.4091324128	0.3542385537	0.2946894379
	0.2447403244	0.2109935538	0.199524428	0.224398994	0.3196197378
	0.5268158716	0.7436642357	0.8033723851	0.9782521131	0.0009836422401
	0.0008794537024	0.04998427936	0.3033815498	0.3985340396	0.5802729169
	0.6354796705	0.532105078	0.01143611316	0.001351933182	0.002425977011
	0.4020729238	0.5365540494	0.5322107043	0.5278267896	0.5219449911
	0.5141402487	0.5015930253	0.4795993154	0.443033486	0.3883402447
	0.3186330374	0.2494125761	0.1965561379	0.1703326093	0.1813292938
	0.2490530694	0.4464778802	0.7890761389	0.929171791	0.943900591
	0.001113332424	0.0009981769119	0.03535254704	0.3220019596	0.422870812
	0.5607214901	0.5993983819	0.5421556401	0.1061787588	0.001124799167
	0.001424487165	0.3346694051	0.4810129277	0.4906321737	0.4970265978
	0.5049407909	0.5143185747	0.5212836504	0.5189379257	0.4999665953
	0.4578695982	0.3917510127	0.3173245379	0.2657961636	0.2622886044
	0.3352561055	0.5215823625	0.7552503116	0.9012772757	0.9339056428
	0.3466845662	0.001256116473	0.001133987664	0.03303103247	0.3402161864
	0.446397263	0.5443876985	0.5669473876	0.5355275123	0.287970152
	0.001035169604	0.001143364625	0.2682682952	0.4308895061	0.4502593277
	0.465821585	0.4855320424	0.5114759496	0.5385477196	0.5587980238
	0.5650996693	0.5517638084	0.5183252242	0.4824713416	0.4932017768
	0.5962614849	0.7314096117	0.8357118197	0.895906893	0.8905769249
	0.4684543609	0.003868491189	0.001269799146	0.001260726355	0.04204063803
	0.3699639074	0.4727845706	0.5300972248	0.5388165977	0.5240899872
	0.404442342	0.001082707307	0.0009883501134	0.1280051146	0.3825207964
	0.4096145532	0.4347748198	0.4646376132	0.5036368964	0.5468118523
	0.5865819689	0.6179840373	0.6392753533	0.6541128321	0.6778453985
	0.7345120745	0.8004453534	0.6784572617	0.02790135926	0.006539675262
	0.00254718511	0.001766423367	0.001653589508	0.001733714064	0.001740477814
	0.08176604877	0.4086967402	0.4956898083	0.5175475256	0.5135152414
	0.5115197288	0.4590912666	0.001438586179	0.0008218091856	0.007473040775
	0.3328955758	0.3688400372	0.405107095	0.443785553	0.4905071299
	0.5417040207	0.5921965487	0.6401252874	0.686658502	0.7347601585
	0.7876727335	0.8416366177	0.8686297546	0.7398829112	0.05730400684
	0.007974356623	0.00384731569	0.002165351317	0.001693200022	0.002269002046
	0.008201077502	0.3038636765	0.5355032658	0.5382879598	0.5075656793
	0.4910322122	0.4947509543	0.4758016144	0.007063391393	0.0007367192424
	0.001290982184	0.2974252051	0.3308778588	0.3779517102	0.4240979979
	0.472496917	0.5216071989	0.5710671616	0.6234259953	0.6821009002
	0.7476409519	0.8139269992	0.867871264	0.8923875068	0.8402873756
	0.3579518492	0.02331386102	0.03126691146	0.05761181157	0.1812926154
	0.4810668119	0.7015773531	0.6924042298	0.8153282078	0.6597065539
	0.5000782313	0.4731907334	0.4740174935	0.4689771792	0.1759428862
	0.0007483623832	0.0008698513174	0.2654817371	0.3056995718	0.3567194389
	0.4079964125	0.4513623799	0.4881508495	0.5246295859	0.5685524286
	0.6260325359	0.6980190585	0.7757326972	0.8419483394	0.8818268431
	0.8844110393	0.8110011282	0.635625012	0.7031152837	0.8942251977
	0.9414770358	0.9378161869	0.9236500732	0.9109032407	0.9170014141
	0.7837895593	0.4939511701	0.4593884192	0.4588456997	0.4563250246
	0.4083605485	0.0007455422891	0.0005247785942	0.145655481	0.2840663433
	0.3431224148	0.3969722855	0.4282789368	0.444724284	0.4595518008
	0.4842554843	0.5265804836	0.5896986653	0.6684382421	0.7473434939
	0.8086051069	0.8429783339	0.8498715744	0.8467861266	0.873838894
	0.9088744659	0.9118954688	0.8962201858	0.8812379425	0.8751743278
	0.8906480751	0.7918797354	0.4884842019	0.4478320738	0.446685513
	0.4458433418	0.4318990232	0.005755373684	0.0005085174747	0.0008573382548
	0.2688492868	0.3325232791	0.386739244	0.4013878656	0.3949046088
	0.3863057944	0.3878879697	0.4067285625	0.4463281922	0.5049882169
	0.5735173729	0.6365078303	0.6805497618	0.7022368584	0.7087995023
	0.7137244614	0.7215866596	0.7235550288	0.7202798701	0.7245199123
	0.7432690624	0.7786449795	0.7085845132	0.4832938381	0.4373835771
	0.4365092699	0.4395929367	0.4350052256	0.3333716134	0.000608763615
	0.0007104483628	0.2770800932	0.3306913295	0.3754433397	0.3713697356
	0.3449931983	0.317862909	0.300407191	0.2977811974	0.3122189082
	0.342520986	0.3833261946	0.424151891	0.4512621143	0.4575809426
	0.4520391773	0.4501233769	0.4597350673	0.4808784912	0.5126648987
	0.551364876	0.5927091225	0.6330827977	0.6085580839	0.4781263505
	0.4273382113	0.4275197342	0.4357629223	0.4397367761	0.3935625155
	0.0006011829861	0.0006181191681	0.2966334727	0.3474261367	0.3683690476
	0.3446514344	0.3037749714	0.2655565224	0.2367164099	0.2203474461
	0.2178367444	0.2283402089	0.2490481366	0.2749226895	0.2970171609
	0.3055321425	0.3027255768	0.3049941187	0.3246493353	0.3604208691
	0.4059939181	0.4538798092	0.4975407233	0.530481753	0.5437561278
	0.4733285189	0.4180366179	0.4190044121	0.4310902852	0.4452474908
	0.4200153091	0.0006232270353	0.0005989004781	0.2216171518	0.3673993944
	0.3669564945	0.3254925712	0.2765368485	0.2342160223	0.2008902564
	0.1779014955	0.1664510121	0.1664805608	0.1769318938	0.1962399883
	0.2205630769	0.2409818133	0.2498021954	0.2538714209	0.2696224646
	0.3056639043	0.3565558353	0.4082281608	0.4488454406	0.474285317
	0.508944084	0.4699150472	0.4110573077	0.4111540618	0.4231942312
	0.4479798581	0.4452273962	0.000694606507	0.0004877570867	0.02327613972
	0.3912760381	0.3695170192	0.315986772	0.2657009829	0.2242704857
	0.1907227077	0.1652959442	0.1491822435	0.1430537159	0.1468161114
	0.1602669801	0.1825846	0.2089185963	0.2291503136	0.238241561
	0.2459005461	0.2677844214	0.3111696922	0.3679826916	0.4161957962
	0.4391631916	0.487234254	0.4696999521	0.4093038313	0.4070683597
	0.4132957033	0.4408483095	0.478280421	0.002471008649	0.0004629118027
	0.0008949482185	0.4107124471	0.377046413	0.3201486952	0.2737701879
	0.2355344738	0.2033188738	0.177088138	0.1578888017	0.1466838973
	0.1437298586	0.1489418448	0.1624693863	0.1835178392	0.2071224107
	0.2251146993	0.2350682767	0.2447895906	0.2665835063	0.3094435901
	0.3691198744	0.4067737219	0.4699105879	0.4760675742	0.4184258353
	0.4154678916	0.4126281543	0.4238270861	0.5014230839	0.1537183733
	0.0004923908262	0.0005884734425	0.4047241604	0.3840873437	0.3389181556
	0.3011761498	0.2674857616	0.2366050426	0.2089781593	0.1857493308
	0.1679825952	0.1559963959	0.1496385117	0.1496566744	0.1582927177
	0.1766542924	0.2007129665	0.2227784558	0.2382142053	0.2482272471
	0.2628966564	0.3027009018	0.3577743755	0.4527226836	0.4963496586
	0.4507606304	0.4596693528	0.4614527134	0.452828557	0.4799555472
	0.3401682407	0.0004816581382	0.0005250786178	0.4021910925	0.3909570739
	0.3664547277	0.3435890392	0.3191265545	0.2913084396	0.2597924766
	0.2258656405	0.1923076594	0.1623735487	0.1391014461	0.1255942456
	0.1249807505	0.1388939193	0.1653087486	0.197713163	0.2272069863
	0.2457151821	0.2491149729	0.2465177752	0.2600686488	0.4199746213
	0.5241804488	0.5086366128	0.5170836938	0.5284035864	0.5302039272
	0.5230279924	0.5795289913	0.000790967507	0.0005900727513	0.5119589131
	0.4658078983	0.4538214208	0.4459526487	0.4378611167	0.4262788493
	0.4078847619	0.3801339506	0.3428155997	0.2996320267	0.2583116527
	0.2284351354	0.2180563139	0.2304349498	0.2614389727	0.3002036565
	0.3354322677	0.3599110286	0.3689840895	0.350457039	0.3156559943
	0.3816019843	