961	
	0.5000270628	0.4784308672	0.4770950187	0.4768251703	0.4766290208
	0.4764003395	0.4742564233	0.4137973712	0.0625702101	0.02689957302
	0.05133620877	0.3862718493	0.4710794561	0.4821189333	0.4980337885
	0.5411336052	0.6074113888	0.629068459	0.5901463412	0.5810601989
	0.590845474	0.5860078058	0.5757383972	0.5590119048	0.5472055661
	0.5420707759	0.5392593116	0.5369813472	0.5355610028	0.5345406345
	0.5368697651	0.4882675932	0.4298884796	0.4265659455	0.4264839704
	0.4263209376	0.4258694802	0.4235803315	0.3874007356	0.08016416751
	0.02211382704	0.02228266898	0.2524303292	0.4212408959	0.433275329
	0.4463996728	0.5014242354	0.6330894492	0.7170289234	0.6339189046
	0.5700051866	0.6251284026	0.6320228677	0.6207177627	0.5973993085
	0.5694975294	0.5482284226	0.5381510901	0.5324125255	0.5286180567
	0.5258697036	0.533208078	0.003955047476	0.003439413676	0.003454264311
	0.003479671036	0.003498774503	0.003517092115	0.003542477441	0.00359605786
	0.003645017103	0.003721268187	0.003430706772	0.02094041094	0.4359737797
	0.4427077603	0.4439671132	0.47119712	0.592564088	0.689334377
	0.2389005909	0.1872239283	0.2713168192	0.3789943264	0.4329447121
	0.4861786009	0.5482190112	0.5397488841	0.5216198384	0.5137174955
	0.5099524187	0.5066770538	0.525411063	0.005660521925	0.003158614922
	0.003469089103	0.003461623695	0.00348182858	0.003498203052	0.003516757562
	0.003550733134	0.003613647673	0.003778175887	0.002434571298	0.002411291376
	0.003310933967	0.003827588526	0.01159815078	0.4341569456	0.4987704205
	0.721030669	0.3307104811	0.09110331695	0.05393110203	0.04146039962
	0.04181614622	0.05689719692	0.1157333365	0.3040599041	0.4945655588
	0.4866134827	0.4840705432	0.4821798266	0.5132680011	0.4753010758
	0.4130711425	0.4128066431	0.4156636553	0.4192987258	0.4238297752
	0.4290416747	0.4343864677	0.4390523679	0.4420648799	0.4380597519
	0.004518331715	0.003808185196	0.002799428713	0.002852986054	0.003559716688
	0.00804670079	0.6854721558	0.8849576079	0.1511378	0.06832125832
	0.03586812668	0.02207002616	0.01388772632	0.01010119027	0.009672802101
	0.009016823098	0.4612737151	0.4621084486	0.4622193453	0.5021633007
	0.4890925357	0.4303210361	0.4285808594	0.4307593813	0.4338185046
	0.437523672	0.4415947426	0.4455711958	0.4490486742	0.4518328542
	0.4533450776	0.4536654432	0.4519722377	0.394454779	0.007762023263
	0.003574346385	0.003059553463	0.003505400284	0.01049481287	0.9664261525
	0.1515910849	0.09530980452	0.05024482654	0.02530350968	0.01411620881
	0.01020768716	0.005441646041	0.004664596261	0.4502489548	0.4516077627
	0.4953788772	0.5066777249	0.4637399867	0.4632042996	0.4632948059
	0.4641443624	0.4655512158	0.4673117715	0.4692144793	0.4711248085
	0.4729443166	0.4743907958	0.4751973617	0.4765276464	0.4780461974
	0.4760675135	0.4666161871	0.01233622651	0.003830991367	0.003722256897
	0.003968677239	0.8583863932	0.3356441397	0.2931040619	0.2667124388
	0.2585395655	0.2136367539	0.08401614102	0.00420810206	0.003681860515
	0.4470655754	0.4925842368	0.5262579336	0.5018978929	0.5013516219
	0.5001400282	0.4991950008	0.4987990784	0.4989572432	0.4996126992
	0.5006253863	0.501707518	0.502440472	0.5027578592	0.5032026918
	0.5038829428	0.5051767188	0.5045999819	0.5009568274	0.485747851
	0.01336198895	0.003319943234	0.003238282525	0.8009546228	0.8401284965
	0.8326978293	0.7619852736	0.7820392761	0.8756646502	0.6105434315
	0.003880723528	0.005704150635	0.4889684086	0.5424988134	0.5368648284
	0.534593803	0.5333192288	0.531695109	0.5304453922	0.5296677528
	0.529396491	0.5294771878	0.5295877264	0.5294255599	0.529098481
	0.5291077344	0.5296268165	0.5306808356	0.5322723295	0.53464466
	0.5377332025	0.5285080921	0.4961594533	0.003447525042	0.003771890423
	0.008406246523	0.01541757702	0.625471347	0.7128097305	0.09128522224
	0.3361582402	0.005372579942	0.003513098825	0.4527410619	0.5488231134
	0.5559193415	0.5525155805	0.5523123918	0.5513308937	0.550427525
	0.5495462012	0.5487392962	0.5479922033	0.5472011316	0.5463102452
	0.5455609	0.5454002753	0.5461131592	0.5478530717	0.5507636886
	0.5552996829	0.5618923471	0.5707168566	0.5760307605	0.573108675
	0.005673653609	0.006694541371	0.006947131212	0.008805432986	0.01823787106
	0.02673075509	0.0554221144	0.9360834311	0.003266383812	0.004717608864
	0.5433735691	0.5527255471	0.5508708105	0.5519908801	0.5525978421
	0.5530460766	0.5529689735	0.5522787859	0.5511475839	0.5498269316
	0.5484957202	0.5474172272	0.5469533739	0.5474065652	0.5490479772
	0.5521586224	0.557263051	0.5651600847	0.577039107	0.5946099037
	0.6243942806	0.6547359888	0.6463019235	0.05066260699	0.01249505
	0.01397355211	0.01938821984	0.03701403022	0.8699404064	0.01032244065
	0.0064818912	0.5292739768	0.5302803927	0.5317990234	0.5339324378
	0.5362226071	0.5385077803	0.5401513462	0.5406728021	0.5400910622
	0.5388910326	0.5374624706	0.5360536422	0.5349358825	0.5343836177
	0.5346648165	0.5360560845	0.5389325994	0.543756479	0.5511065524
	0.5620721326	0.5794440417	0.6096294097	0.6581612735	0.7006527026
	0.7135192723	0.6821220826	0.6766706707	0.7084782308	0.9055286879
	0.01094017436	0.009817110885	0.5102852397	0.4945196632	0.4974739415
	0.5003100732	0.5043484511	0.509416492	0.5146790404	0.5187238652
	0.5205105541	0.5204051712	0.5192294033	0.5174663908	0.5154315792
	0.5133967033	0.5116038296	0.510279534	0.5096748981	0.510028157
	0.511555364	0.5145736711	0.51988442	0.5281237025	0.540059742
	0.560815693	0.5837473281	0.5554092063	0.5448760134	0.6207763143
	0.859663092	0.01253859476	0.01125693635	0.4894822659	0.4496090503
	0.4473441202	0.4497749519	0.4568766266	0.4679418087	0.4809033282
	0.4921157613	0.4987775731	0.5010469107	0.5005635757	0.4985091822
	0.4955319572	0.4919993298	0.4881559812	0.4842250833	0.4804836905
	0.4772877587	0.4751081687	0.4745815215	0.476456718	0.4809299462
	0.4872821266	0.49636536	0.5084264104	0.5196221619	0.5498211445
	0.6563429764	0.8173199485	0.01408618939	0.01280294346	0.4698889332
	0.3994393023	0.3829475934	0.3835500707	0.3964718912	0.4187353943
	0.4448916913	0.4667158182	0.4797715786	0.4851603115	0.4857414184
	0.4836246446	0.4799727232	0.4753355127	0.4699904036	0.4641729422
	0.4582291934	0.452725481	0.4485489857	0.4469268946	0.4491766031
	0.4560337245	0.4673392756	0.4834829406	0.5070077202	0.5438620463
	0.6079882869	0.7000501301	0.7400738991	0.01568358576	0.01435421443
	0.4535644638	0.3470366664	0.3124476999	0.3126806024	0.3344588065
	0.3722548436	0.4151513379	0.4481929429	0.466778024	0.4746457162
	0.4761581687	0.47420633	0.4703243638	0.465208301	0.4591763005
	0.4524673661	0.4454470245	0.4387853709	0.4336224825	0.431617256
	0.4346825948	0.4443457748	0.4613330638	0.4866043353	0.5235436183
	0.5774072708	0.6481863432	0.6996003859	0.6158668664	0.01759766461
	0.01601898015	0.4406660769	0.2918542431	0.2459356986	0.2500788523
	0.2836349361	0.3401494494	0.3995624522	0.4401521622	0.4610568289
	0.469590461	0.4714093809	0.4697019592	0.4660185702	0.4610661548
	0.4551885099	0.4486275431	0.4417160517	0.4350755911	0.4298242143
	0.4277182501	0.4311377151	0.4428479718	0.4654982094	0.5019176266
	0.5550021275	0.620290955	0.6766280464	0.6708682346	0.4178257027
	0.02039211584	0.01804522511	0.4301164035	0.2329277073	0.1890701146
	0.2011941917	0.2503312715	0.3291772635	0.4010504907	0.4424581988
	0.4614638207	0.4687109551	0.4701916091	0.468721804	0.4655459308
	0.4612623954	0.4562204086	0.4506834682	0.4449537016	0.4395373901
	0.4353686028	0.4340686563	0.4383212101	0.4525405847	0.4825082821
	0.5341438995	0.6043195689	0.6631258432	0.6729015054	0.5250632108
	0.1084723408	0.02441151316	0.0210203361	0.4195649549	0.1744535665
	0.144060377	0.1661711146	0.23705869	0.3410686474	0.4162855272
	0.4511669268	0.4651474996	0.4700484118	0.470897917	0.4696729712
	0.4671867454	0.4638853918	0.460118328	0.4562171256	0.4525539822
	0.4496753335	0.4485800443	0.4511624009	0.4608200439	0.4833418941
	0.5275463483	0.600494593	0.6665852663	0.6763396164	0.5483019212
	0.1526199693	0.05485910397	0.03292562173	0.02939411577	0.3999842991
	0.1239153175	0.1107259229	0.1441386092	0.2466995585	0.372143164
	0.4372232143	0.4610178685	0.4692684376	0.4718513631	0.472123996
	0.4711863762	0.4694750439	0.4673123524	0.4650859512	0.4633080369
	0.4626815696	0.4642815176	0.4699734823	0.4830575714	0.5086153261
	0.5521410583	0.6122840655	0.6747422628	0.675662635	0.4710804267
	0.1547702425	0.07067367478	0.04526778359	0.04330045577	0.05604309409
	0.3349035232	0.08750951452	0.08640197053	0.1364882558	0.2829886385
	0.4111672481	0.45574881	0.4685691909	0.4721611869	0.4730361527
	0.4729548068	0.47236929	0.4714613095	0.470499555	0.4699847642
	0.4707475339	0.474078883	0.4819640035	0.4974508902	0.5247775083
	0.5675678689	0.6217763038	0.6621679247	0.6275955214	0.3362055753
	0.139632988	0.08524634497	0.06234020519	0.05620520884	0.07086116148
	0.1534971813	0.1930269064	0.06653411912	0.06930382747	0.1484168963
	0.3431066437	0.4444624516	0.468148035	0.4727381909	0.4732581667
	0.4731165324	0.4729500835	0.4727959662	0.472690618	0.4729112088
	0.4741169153	0.4774827617	0.4848444602	0.4988150582	0.5226692355
	0.5592160464	0.6068967683	0.6520650261	0.6597629073	0.5480123591
	0.2953373148	0.1484220776	0.0926415074	0.08387578154	0.1110748786
	0.1942197246	0.3852337292	0.09107733455	0.05678757974	0.06154151691
	0.1892063632	0.406640497	0.4658960252	0.4743014622	0.4737261355
	0.4725451723	0.4719817002	0.4719885475	0.4723483864	0.4730196512
	0.474304168	0.4769812221	0.4824287155	0.4926786743	0.510258796
	0.537492307	0.5746336782	0.6163425905	0.6476450884	0.6405372944
	0.5477466677	0.3582980777	0.237159603	0.2189710119	0.2708476869
	0.3647624219	0.4324904471	0.485486217	0.04783276276	0.04899112767
	0.0672041257	0.2726033314	0.4528755219	0.4767375989	0.4753905335
	0.4721282126	0.4702616301	0.4697420505	0.4701267787	0.4710606767
	0.4724552959	0.4746056915	0.4783020763	0.484901202	0.4962492239
	0.514272283	0.5399998234	0.571879008	0.6038118766	0.6242342244
	0.617061383	0.5667342965	0.4930261245	0.4755723612	0.5098534277
	0.5413308178	0.5424396536	0.5353983611	0.5280275256	0.03088187612
	0.03690087637	0.09591722798	0.3776314314	0.4757920613	0.4794841573
	0.4729904797	0.4687132575	0.4668283436	0.4666346722	0.4675006696
	0.4690197757	0.4710699735	0.473886406	0.478142754	0.484977802
	0.4958352199	0.5119551055	0.5334495772	0.5581780048	0.5810485551
	0.5945243917	0.5909024349	0.5686175643	0.5460030522	0.5476707089
	0.5581204602	0.5544449014	0.546948411	0.5479019701	0.542798575
	0.02395956394	0.02753005603	0.1752664906	0.4497348813	0.4822601291
	0.4762540104	0.4684227066	0.4642058698	0.4626788256	0.4629089928
	0.4642467327	0.4663073874	0.4689540479	0.4723229467	0.4768725968
	0.4833962404	0.4928738085	0.5060269348	0.5225964629	0.5406813874
	0.5566620648	0.5659910522	0.5649377166	0.5539244666	0.5410307955
	0.5347044276	0.5321116373	0.5283341356	0.5271531968	0.5318151747
	0.5376451913	0.02093408027	0.02290502747	0.3438258003	0.4786913592
	0.4799523689	0.4695139596	0.4625151465	0.4591041052	0.4581374768
	0.4587599481	0.4604598262	0.462961221	0.4661583954	0.4700932268
	0.4749684893	0.4811664367	0.4891891035	0.4994013137	0.5115614336
	0.5244007392	0.5356552886	0.5426481199	0.543236628	0.5372232848
	0.5276858197	0.5192906408	0.5145287947	0.5131990132	0.5146384085
	0.5180220495	0.529983321	0.01900585486	0.02037161099	0.4348387629
	0.479099776	0.4720091295	0.4618794944	0.4564025217	0.4540122141
	0.4535355813	0.4543439647	0.4561674558	0.4589215793	0.4625997769
	0.4672060543	0.4727249751	0.4791331115	0.4864309241	0.4946217415
	0.5035531979	0.5126601004	0.5208255344	0.5265341729	0.5282982762
	0.5254130271	0.518982732	0.5120610406	0.507790235	0.5068703365
	0.5075053207	0.5083947019	0.5244928095	0.01738514784	0.0187120757
	0.4653927431	0.4720583054	0.4614594627	0.4544416513	0.4510059287
	0.4495094437	0.4491457054	0.4496966284	0.4512243329	0.4538972631
	0.4578783145	0.4632355901	0.4698713385	0.4774916178	0.485645791
	0.4938356332	0.5016304747	0.5086807905	0.514580165	0.5186773817
	0.5200763496	0.5180994789	0.5131842208	0.5072982692	0.5028247576
	0.5006628923	0.4996563069	0.4989095438	0.5197507145	0.0151728051
	0.01735635699	0.491988817	0.465212688	0.4534232292	0.4495658792
	0.4473573955	0.4456087923	0.4443249537	0.4438139272	0.4444767127
	0.4467324902	0.4509502912	0.4573625334	0.465962079	0.4764049602
	0.4879590056	0.4995441014	0.5098893361	0.5177813453	0.5223228775
	0.5231147238	0.5203374923	0.5147744574	0.5077545155	0.5007884436
	0.4949447478	0.4906561825	0.4878488938	0.4874116605	0.5149925596
	0.02721497031	0.0196615804	0.5977077347	0.5043784402	0.4973950875
	0.4944594235	0.4923382745	0.4905084975	0.4889974206	0.4879966851
	0.4877676643	0.4885981568	0.4907570194	0.494436668	0.4996853307
	0.5063402276	0.5139793753	0.5219102768	0.5292123633	0.5348525494
	0.5378937952	0.5377930413	0.5347121327	0.5296476656	0.5241215953
	0.5193878097	0.5157411133	0.5127993248	0.5105491933	0.5093343494
	0.5199655159	