961	
	0.5008775525	0.4808537381	0.4798975907	0.4798873977	0.4801589091
	0.4804200031	0.4798424512	0.4558790369	0.1110712564	0.01036053068
	0.01572659892	0.4161883481	0.5252190341	0.7397043954	0.6226281262
	0.8120990166	0.8591722395	0.7842052078	0.6949956373	0.6474412524
	0.6145758931	0.5947138446	0.5797168913	0.5690720489	0.5617196919
	0.5567178309	0.5532101177	0.550973362	0.5494745804	0.5511807923
	0.5427238254	0.4743585258	0.4294170898	0.4305339958	0.4297813324
	0.4277812301	0.4263986941	0.4225901136	0.3905753781	0.1135373
	0.00917838806	0.007098262304	0.2817373114	0.4053763375	0.7552917806
	0.3837794342	0.03415977065	0.0443390454	0.3491636343	0.7169517771
	0.698106385	0.6754373263	0.6490477816	0.6323975163	0.6120489685
	0.5945478672	0.5799203457	0.5701332329	0.5638946842	0.5600519067
	0.5600394103	0.5513720286	0.003236142261	0.002933859649	0.002737611448
	0.002760915073	0.002990423533	0.002953672958	0.002871495383	0.002789862483
	0.003078980284	0.003273053692	0.003182767843	0.002714919624	0.3265861508
	0.455361679	0.9014934676	0.03283211507	0.0161251455	0.01209872462
	0.015463498	0.01317088762	0.2426925371	0.5071671568	0.5518869825
	0.5727214404	0.5732207395	0.5681708984	0.5513736619	0.5419597491
	0.5372199223	0.5338155317	0.540800187	0.004671852669	0.002648218113
	0.002875534519	0.002714893587	0.002864939514	0.002968711019	0.002924892256
	0.002766872099	0.002902129773	0.003201074211	0.003595421278	0.001827016548
	0.001812547874	0.00288100875	0.03015961703	0.9686023925	0.8541961159
	0.03001873005	0.01901289021	0.008523767782	0.006617312074	0.006920541816
	0.003468221109	0.0570159179	0.4072650294	0.4900330212	0.5173920044
	0.5062782657	0.4999828044	0.4961309007	0.5222199349	0.4654413795
	0.3920008271	0.3938613351	0.3996088202	0.4040987486	0.4086968956
	0.4142173035	0.4190634638	0.4237359198	0.4249607684	0.4075607972
	0.05394117785	0.002877417681	0.002000447218	0.002139938695	0.003181911448
	0.7968343737	0.9288375264	0.5954876435	0.7925829479	0.01384411688
	0.008955919467	0.00438025319	0.004118086608	0.00509128982	0.005423718566
	0.004952439624	0.4631492838	0.4631475364	0.4623602256	0.5037825877
	0.4903203325	0.4254734201	0.422579654	0.425371737	0.4293063366
	0.4339881932	0.4390764512	0.4440706538	0.4487147984	0.4524165828
	0.4545091994	0.4530075569	0.4360375597	0.4106653934	0.003826427545
	0.002125532593	0.002113323792	0.003741354941	0.8614655693	0.8211149453
	0.9289471685	0.950052217	0.8664288388	0.006699522928	0.006002375562
	0.005252718828	0.003210394483	0.003028762383	0.4335576661	0.4416119256
	0.4911368326	0.5143117608	0.4749405861	0.4733288501	0.4726911043
	0.473224057	0.4744645152	0.4761125172	0.4780723203	0.4802710863
	0.4823802907	0.4838674114	0.4849136687	0.4863283254	0.4834583116
	0.4740902889	0.4370254084	0.003057275664	0.002566507575	0.002609356544
	0.01279260368	0.03761437385	0.2870486839	0.8260281507	0.9371204823
	0.8974334469	0.3733985838	0.1263514859	0.002999533523	0.00272392273
	0.4261392938	0.4847843648	0.5344625155	0.5178477117	0.5173873999
	0.5150892605	0.513352444	0.5121985393	0.5115716757	0.5114849131
	0.5117804037	0.5120352072	0.5118017882	0.5111033156	0.5107655074
	0.5106404941	0.5097932901	0.5068769075	0.4881813614	0.4266468366
	0.003943121679	0.004670955829	0.007495189977	0.01535635076	0.04435762603
	0.08424749934	0.6039926471	0.8034456247	0.3996629102	0.3089686461
	0.00290708023	0.004261693401	0.4757711356	0.5476242046	0.5487287551
	0.54844814	0.5459308732	0.5434577037	0.5411178769	0.5391610146
	0.5377528391	0.5367511567	0.5357454327	0.5344411804	0.5330514045
	0.5320946701	0.5318331258	0.5327778195	0.5353306968	0.5368962983
	0.5292693806	0.4163071138	0.01468390411	0.009624195502	0.009461956331
	0.01318929965	0.03335953878	0.03784815351	0.6690216714	0.6790797596
	0.3946236507	0.004378202538	0.00289253021	0.439015187	0.5510705874
	0.5619195496	0.5622274165	0.5604404171	0.558501675	0.5562831249
	0.5541841663	0.5525574166	0.551352232	0.5501943857	0.548870181
	0.54766104	0.5470931301	0.5475586087	0.5498066101	0.5549585203
	0.5633576784	0.5745572275	0.5730902649	0.4687988271	0.07648711813
	0.03409760449	0.02144707937	0.01973070246	0.03837656987	0.1455820184
	0.7331209535	0.5319600332	0.3737627836	0.002744100432	0.004012682174
	0.5441856466	0.554789923	0.5566726254	0.556439449	0.5561364402
	0.5554026178	0.5546590452	0.5543479116	0.5543538721	0.5541639509
	0.5535193145	0.552720999	0.5523536478	0.5529946732	0.5554272424
	0.560717904	0.5699272374	0.5827579176	0.608186509	0.641384424
	0.6724535464	0.5312420945	0.2909381993	0.09113200068	0.05576777613
	0.1018252614	0.6503492004	0.6414541245	0.4598752351	0.007861236664
	0.005472045337	0.5287635744	0.5282377033	0.5313077567	0.5331103941
	0.5355501165	0.537992272	0.5407217638	0.5439218246	0.5469352032
	0.5488373483	0.5493378621	0.5489100502	0.5483304462	0.5483272955
	0.5496134837	0.55292092	0.5590128852	0.5684584985	0.585660028
	0.6323443738	0.7260770482	0.7753376456	0.6346646125	0.3429175243
	0.2788176424	0.4284383682	0.6757483933	0.6895378653	0.5239247076
	0.007780098799	0.007439886111	0.5083100024	0.4862222459	0.4864539802
	0.4898453697	0.496376822	0.5046296822	0.514232162	0.5241345487
	0.5322994893	0.5372846709	0.5391364077	0.5388958227	0.5377606116
	0.5366576613	0.5362303027	0.5368867285	0.53886628	0.5423958989
	0.5488516791	0.5670444725	0.6120064459	0.6583780559	0.6363436607
	0.5574306167	0.5499658861	0.6079625605	0.7061179648	0.6983429186
	0.5569695197	0.008328489797	0.007918815452	0.4866106255	0.434415375
	0.423460437	0.4266531311	0.4394469937	0.457962707	0.4795386527
	0.4999416444	0.515011117	0.5233588633	0.5262125978	0.5256963217
	0.5236072215	0.5211028704	0.5188389864	0.5171364394	0.5161132436
	0.5158527599	0.516778637	0.5208340459	0.5310366672	0.5436520097
	0.5439510785	0.5388151378	0.5641767654	0.6291400547	0.7052653106
	0.701845493	0.5322402523	0.009003149224	0.008444240433	0.4661169915
	0.3773302319	0.3457813597	0.347160712	0.3695932134	0.4048349052
	0.4443282059	0.4779230362	0.4999068683	0.5105835517	0.5134669004
	0.5120673093	0.5087147445	0.5047081231	0.5007572848	0.4973039626
	0.4946992122	0.4932940606	0.4934360371	0.4953866342	0.4992230947
	0.504975349	0.5127486344	0.5298671795	0.5718736667	0.6447849979
	0.7120373114	0.6965530792	0.3989204224	0.009990167431	0.009188799547
	0.4472208967	0.3157556614	0.2620088864	0.2636343064	0.2979868695
	0.3562304252	0.4179281005	0.4641529814	0.4903974986	0.5011047863
	0.5028126216	0.5001438011	0.4955943071	0.4904148055	0.4853468734
	0.4810213279	0.478096145	0.4772090674	0.4787894211	0.4828955001
	0.4895272087	0.4994421124	0.5146234589	0.5424771505	0.5962840993
	0.6736576163	0.7256455345	0.6415191527	0.1490086303	0.01159025071
	0.01023018739	0.4286313136	0.2478241937	0.1870833165	0.1928296566
	0.2383698198	0.3233950277	0.4072776933	0.4613719508	0.487051656
	0.495207243	0.4949356808	0.4910975827	0.4858733422	0.4802893962
	0.4750671	0.4709715692	0.4688397534	0.4693986319	0.4730200531
	0.4797085752	0.4896481511	0.5040205309	0.5261361455	0.565450451
	0.6320768633	0.7048266438	0.7213921682	0.4567057995	0.05660143425
	0.01480869818	0.01234366495	0.4073893484	0.1770198773	0.129956701
	0.1417646802	0.1986666611	0.3138680787	0.4141301937	0.467673439
	0.487797804	0.4918548504	0.489615185	0.4851841817	0.4801050331
	0.4751088852	0.4708526609	0.4681255342	0.4677443782	0.4702642458
	0.4757182252	0.4838097263	0.4950021677	0.5121318864	0.5417440843
	0.5955741866	0.6716804886	0.7222161025	0.6428691592	0.1570206577
	0.03252086019	0.01995652303	0.01762760857	0.3758149438	0.1185944215
	0.09016995796	0.1086917416	0.1814726221	0.3301072334	0.4344159787
	0.4778929492	0.4897199598	0.4897470953	0.4862804655	0.4820860462
	0.4780216998	0.4745527889	0.4722459875	0.4718021935	0.4738295105
	0.4784828632	0.4852543615	0.493538553	0.5046903921	0.5246171008
	0.5639426414	0.633486488	0.7052846516	0.6996776158	0.3868961595
	0.06156957833	0.02600211121	0.02375632691	0.03151479799	0.3121599648
	0.07913811838	0.0654587111	0.08946057767	0.1905785994	0.3681192899
	0.4594619977	0.4869812911	0.4907535567	0.4879990972	0.4843587974
	0.4812135909	0.478864117	0.4775765705	0.4778117845	0.4801031673
	0.4847538269	0.4915057685	0.4995529019	0.5086481996	0.5219023203
	0.5483462728	0.6003100008	0.6757042385	0.7118405912	0.5350292378
	0.1075993695	0.03852795412	0.0279041063	0.03010622814	0.06997068078
	0.189164825	0.05482598809	0.05117899371	0.08271071501	0.2338750226
	0.4167606635	0.4804453292	0.4922173605	0.4900949986	0.4861852027
	0.4833433592	0.4818479977	0.4816061544	0.482741827	0.4856096774
	0.4905799127	0.4977563757	0.5068278947	0.5174376271	0.5306261592
	0.5512205653	0.5881057397	0.6431480664	0.688914755	0.5838769207
	0.175365761	0.05438626812	0.03504800014	0.0349320367	0.05329838588
	0.2203690279	0.08724473882	0.04131476622	0.04299339468	0.09113630745
	0.3095017995	0.4606356653	0.4930872684	0.4930230113	0.4877632857
	0.4841182005	0.4827611985	0.4832153915	0.4851322682	0.4885348679
	0.4937022415	0.5009476244	0.5104533741	0.5223637955	0.5373682453
	0.5577838163	0.5878845033	0.6286297268	0.6590825979	0.5992370275
	0.265423837	0.07125061842	0.04467996838	0.04213279164	0.05511147339
	0.1261934063	0.3944924424	0.04419180217	0.03452019579	0.04039284448
	0.1231946826	0.3935921735	0.4889877408	0.4973154446	0.4901098519
	0.4841067934	0.481701886	0.4821704783	0.4845797141	0.4884296927
	0.4936747227	0.500567468	0.5094955545	0.5209457325	0.5357154884
	0.5553362771	0.5821183632	0.6167537136	0.6488097183	0.6365924728
	0.4642187604	0.1791322838	0.06562577916	0.05471638935	0.0689173738
	0.1498401099	0.311765705	0.4620509008	0.02575939499	0.02837764873
	0.0463307169	0.2131025242	0.4591813368	0.5009008188	0.4946173371
	0.4846238855	0.4795183052	0.4788703689	0.4811944255	0.4853487809
	0.4907581333	0.4973263934	0.505303578	0.5151984897	0.527801383
	0.5443146628	0.5663419113	0.5949091224	0.6267415015	0.645508904
	0.6071961358	0.4378290634	0.211567919	0.1244750345	0.1430224181
	0.254843312	0.3805965576	0.4466842028	0.5007097095	0.01769243388
	0.02119766117	0.06778666737	0.3482920622	0.4944678685	0.500724829
	0.4871853476	0.4776262667	0.4743463668	0.4755757068	0.4795579198
	0.4851390251	0.4917254795	0.4991651283	0.5076687525	0.5177913652
	0.5304478618	0.5468610941	0.5681475635	0.5939177266	0.6190270224
	0.6282139717	0.5910679262	0.4760725415	0.3461880936	0.3226544428
	0.3871109145	0.4639303918	0.4919729983	0.5105974457	0.5286966187
	0.01418138053	0.01614979307	0.1279899936	0.4456496257	0.5036759158
	0.4926331913	0.4775198646	0.4700581359	0.468893774	0.4717893818
	0.4770822752	0.4837514318	0.4912318697	0.4992916677	0.5080111656
	0.5178302612	0.5295680096	0.5442509122	0.5625126771	0.5832919869
	0.6017106146	0.606734295	0.5816433075	0.5196203771	0.462916874
	0.4600725	0.4877338141	0.5055230416	0.5132047899	0.532237544
	0.543005212	0.01263101042	0.01371775791	0.2860258846	0.4899916557
	0.4976992699	0.479965344	0.467235007	0.462549215	0.4633327026
	0.4674578028	0.4736221416	0.481061495	0.4892964119	0.4980087071
	0.5070532767	0.5165611161	0.5270238853	0.5391753147	0.5534629033
	0.5690276267	0.5824207052	0.5867656593	0.5733465178	0.540912721
	0.5089603258	0.4975394159	0.500772133	0.5063031554	0.513818696
	0.5346815734	0.5462855783	0.011495134	0.01235574941	0.4072851524
	0.4981920691	0.4839480998	0.4661295536	0.4575182759	0.4556378254
	0.4578297663	0.4625472832	0.4690379548	0.4769017173	0.4858253769
	0.4954601927	0.5054239438	0.5154097617	0.5253438519	0.5354607979
	0.546103288	0.5571064338	0.566890545	0.571801817	0.5668719524
	0.5501203334	0.528449322	0.5126431109	0.5064293589	0.5066245081
	0.5101219814	0.5256134503	0.5419359749	0.01030161917	0.01133378506
	0.4637835947	0.4867896443	0.4660084292	0.4538963885	0.449987583
	0.4502073943	0.4527596621	0.4570792014	0.4630847007	0.4708067686
	0.4801959993	0.4910204323	0.502830571	0.5150008961	0.5268530645
	0.5378340982	0.5476561119	0.5562242142	0.5631857441	0.5671866074
	0.565536247	0.5557086795	0.5388558249	0.5208382012	0.5076516427
	0.5004116499	0.4967813013	0.5049181513	0.5311082622	0.008804916109
	0.01020405804	0.5052426798	0.4737362241	0.4553757653	0.4499140755
	0.4481418889	0.4476494278	0.448377924	0.4507702327	0.4553024124
	0.462365835	0.4721943515	0.4847913397	0.4998591106	0.5167403609
	0.5343884266	0.5513978951	0.566133327	0.5769618789	0.5825221067
	0.5819085279	0.5747254402	0.5611855941	0.5424979517	0.5212276269
	0.5007596405	0.4839566274	0.4730366099	0.4758863036	0.5161872178
	0.01580955924	0.01143751201	0.6369552618	0.5118638646	0.5032497138
	0.4986457478	0.495431868	0.4931173554	0.4918355597	0.4918085694
	0.4932875404	0.4965065798	0.5016254636	0.5086786664	0.5175378551
	0.5278814008	0.5391586176	0.5505443079	0.5609050515	0.5688373592
	0.5728686242	0.571891879	0.565763022	0.5556661614	0.5436076369
	0.5310954177	0.5185263084	0.5064376283	0.4975004903	0.4954688371
	0.5143000628	