961	
	0.5674607858	0.5311589059	0.5213463	0.5181731224	0.5164063224
	0.5157991055	0.5160061201	0.515200193	0.4960138054	0.3189258094
	0.04092636188	0.004189457938	0.003297415283	0.01767606199	0.1882269996
	0.4635942677	0.5684670454	0.6085082298	0.6317559326	0.6496385569
	0.6653651992	0.6798489271	0.6933656955	0.7060621912	0.7180072215
	0.7291277667	0.7392096925	0.7480350029	0.7565307834	0.7499613771
	0.7248610699	0.534306623	0.4791015651	0.4609165263	0.4565868532
	0.4537936299	0.4526018636	0.4526470847	0.451192921	0.4308360643
	0.2890757293	0.0451617014	0.00393613128	0.002154741821	0.008624219225
	0.1042483012	0.3712842916	0.508990041	0.568113112	0.6052851967
	0.63401665	0.6586828176	0.680764502	0.7008166451	0.7191818851
	0.7360748486	0.7515010953	0.7652590403	0.7770720894	0.786941943
	0.7831896146	0.7499530619	0.5279951745	0.4657238806	0.4413100906
	0.4368836225	0.4343145781	0.4336867438	0.43473908	0.4352931739
	0.4229940088	0.3173305096	0.06679131937	0.004694244444	0.001940450017
	0.00595856653	0.07275664567	0.3167475706	0.4668054861	0.5334846912
	0.5783274411	0.6138988018	0.6441583807	0.6707010891	0.6943383024
	0.7156621491	0.7350548561	0.7525952337	0.7680871772	0.7812159653
	0.7918872483	0.7892078055	0.7579533034	0.5266129517	0.4641103894
	0.4393305441	0.4352110111	0.4333890908	0.4339760465	0.436466135
	0.4390190433	0.4328471352	0.3555545929	0.09815048828	0.005797232331
	0.001897436411	0.004929862606	0.06265024139	0.3179485092	0.4722911526
	0.5297401697	0.5686609322	0.6020635175	0.6321906658	0.6594957069
	0.6842233711	0.7067285077	0.7272992129	0.7459565678	0.7624406002
	0.776363588	0.7875470639	0.7852078776	0.7538017109	0.5254345723
	0.4625648101	0.4377414737	0.4338061195	0.4326738235	0.434364302
	0.4381017362	0.4422833587	0.4404185791	0.3842619894	0.1303287829
	0.006861729388	0.001869557435	0.004278692499	0.05475031211	0.3204266355
	0.4808519562	0.5316169711	0.5650593592	0.5950982983	0.6234881388
	0.6501471171	0.6749306315	0.6979565654	0.7193628001	0.7390385322
	0.7565816919	0.7714656313	0.7833903415	0.7816679065	0.7511592916
	0.5244349872	0.4612197854	0.4364999372	0.4329265782	0.4325180571
	0.4350591428	0.4396308466	0.4450056062	0.4463049073	0.4051789256
	0.1588447233	0.007846842914	0.001862537142	0.003840445039	0.048303176
	0.318899041	0.4841308595	0.5304306196	0.5608285564	0.5887029858
	0.6155217064	0.641194115	0.6655769146	0.6887670065	0.7108358617
	0.7315348914	0.7502657035	0.7662971805	0.7791525883	0.7782156633
	0.7486816959	0.5240061702	0.4605066714	0.4358285613	0.4325310835
	0.4327256002	0.4357910727	0.4406672005	0.4467009326	0.4504572464
	0.420005987	0.1806496018	0.008557175182	0.001859798446	0.003549481054
	0.04352613482	0.3160128886	0.4851584678	0.5277767148	0.5554389837
	0.5812463626	0.6064699381	0.6310480222	0.6549191492	0.678241476
	0.7010640491	0.7229914782	0.7431813832	0.760639049	0.7746549914
	0.774685237	0.7462620633	0.525250523	0.4612756933	0.4361178801
	0.4328519472	0.433453687	0.4367574931	0.4413281309	0.4471952305
	0.4527522675	0.4302894698	0.1947331159	0.008725750469	0.001842537138
	0.003405945122	0.04115247442	0.3147853538	0.4853759282	0.524231142
	0.5487331361	0.5720196124	0.5953568428	0.6186792769	0.6419904511
	0.66553235	0.6893428519	0.7128468314	0.7348903353	0.7541426819
	0.7696007363	0.7708091756	0.7436931051	0.5290846524	0.4633083418
	0.4363606843	0.4334971645	0.4347547308	0.4388971792	0.442848903
	0.4473097627	0.4534006778	0.4369548204	0.2013115746	0.008191084664
	0.001795744843	0.003445240718	0.04230526428	0.3181516306	0.4849571524
	0.5190260562	0.5397206445	0.5600294373	0.5812233071	0.6031613838
	0.6259017802	0.6498155934	0.6749519708	0.7005104511	0.7249313396
	0.7464524875	0.7637090987	0.7663593706	0.7408008321	0.5470151542
	0.4629385275	0.4314246716	0.4264149509	0.4289400581	0.4425624151
	0.4477335357	0.4502562328	0.4549242271	0.4407816057	0.2008539059
	0.007100272847	0.001719531392	0.00375381519	0.04901609143	0.328517471
	0.4832127492	0.5108666944	0.5271779356	0.5442704042	0.563231069
	0.5837394235	0.6059314847	0.6304048408	0.6572774596	0.6854783273
	0.7129232384	0.7372973031	0.7568000524	0.7612255399	0.7375074584
	0.2682871874	0.2301882249	0.2120568314	0.2178308124	0.2940854291
	0.4369297141	0.4582447457	0.4640736309	0.4671251325	0.4408277349
	0.1886746896	0.005778895082	0.001616857805	0.004548076403	0.0656202847
	0.346949631	0.4786741182	0.4985233192	0.5104287394	0.5244940211
	0.541318675	0.5603511929	0.5819286939	0.6070632116	0.6360527381
	0.6675174659	0.6987041905	0.7265953982	0.7488760924	0.7554783536
	0.7338749646	0.003013765579	0.003144586348	0.003017344276	0.003514389302
	0.009186172453	0.1452906356	0.2331008709	0.2454273156	0.2532210281
	0.2343739821	0.1013091478	0.004123907614	0.001518690515	0.006536281918
	0.101306414	0.372517166	0.4701398287	0.4822520814	0.490660182
	0.502275522	0.5170267755	0.5342579122	0.5547927317	0.5803664589
	0.6116323477	0.6468698824	0.6824803043	0.7145599266	0.7401968409
	0.749420781	0.7301379365	0.002366882619	0.0005170995346	0.0001337394821
	0.000104896853	0.0002634190467	0.001812451882	0.002992224383	0.002933898711
	0.00303830646	0.003093811232	0.002562722499	0.0008192814567	0.001568664115
	0.01267710217	0.1710385627	0.4030451898	0.4594525016	0.4657238524
	0.4719641798	0.4814944189	0.493723838	0.5081909834	0.5266106256
	0.5518444789	0.5851286631	0.6243717627	0.6649176906	0.7017600398
	0.7313133478	0.743605129	0.7267136847	0.4557732985	0.04791107143
	0.0133009585	0.01005062409	0.009249240672	0.009000480051	0.008281854679
	0.007447161563	0.006284913918	0.004455528009	0.002392914246	0.0007869087336
	0.001107424817	0.02292009999	0.2583605712	0.4292230515	0.451771969
	0.4551049156	0.4597351713	0.466729817	0.4753164294	0.4854429135
	0.500080968	0.5236570473	0.5582557252	0.6013914255	0.6471175633
	0.6890967349	0.7230319956	0.7387951941	0.7241774454	0.9639663935
	0.9716715124	0.96607857	0.9625151686	0.9564681805	0.9514143221
	0.9468669345	0.9331097783	0.89450655	0.7392596581	0.3181595369
	0.03291138482	0.003189520793	0.00373786622	0.1487980889	0.4165834591
	0.4491414093	0.4534416748	0.4563177874	0.4601540538	0.464107184
	0.4684155926	0.4775441952	0.4979648227	0.5329420488	0.5795997103
	0.6304694026	0.6776841573	0.7163023184	0.7358737522	0.7232048479
	0.8326786329	0.9267938354	0.9499858316	0.9455699416	0.9266629662
	0.9271981299	0.9502648294	0.9552897594	0.9514690032	0.9534348131
	0.9519323825	0.7733287882	0.1899064764	0.005814193334	0.005897601972
	0.1857786472	0.4274962567	0.4558891586	0.4592803286	0.4606532733
	0.4602025782	0.4581227266	0.4605096687	0.476479277	0.5109494811
	0.5606838776	0.6164385125	0.6686730288	0.712062689	0.7357272137
	0.7245041756	0.3299332339	0.3255889285	0.3068567817	0.205997911
	0.1092937343	0.1011582452	0.1898799401	0.1690906565	0.1356701624
	0.1166185001	0.5507914834	0.9522829159	0.9355150808	0.363339598
	0.007547562475	0.006143389294	0.1922811663	0.4348943546	0.4628675315
	0.4658195635	0.4627464096	0.4547461387	0.4497008795	0.4601590833
	0.4934765045	0.5460424262	0.6063755685	0.6631203426	0.7111397613
	0.7391804141	0.728786029	0.2605383071	0.1626965049	0.1315252186
	0.08258489575	0.03501134485	0.02611780467	0.08097713458	0.0331605583
	0.008043189536	0.00506137097	0.01105979482	0.2169695469	0.9574471379
	0.9563135941	0.4889284495	0.008627726433	0.006271391892	0.1942825647
	0.4399412702	0.4712130982	0.4703152765	0.4575907978	0.4444825512
	0.4482376005	0.4803403734	0.5364689717	0.6015827768	0.6621705179
	0.7143942347	0.7470924549	0.736841195	0.3478879753	0.2195211429
	0.1792197023	0.1368401137	0.04789800051	0.01764564911	0.05067623935
	0.39968419	0.02574174241	0.002951152596	0.001714813594	0.007563573583
	0.423604564	0.9725744883	0.9514866755	0.4980605807	0.00857660002
	0.006129271801	0.1932457719	0.4488890596	0.4781350266	0.4633479769
	0.4401122285	0.4348891257	0.4678343087	0.531956962	0.6041802015
	0.6680052315	0.7233325124	0.7606690508	0.7497628607	0.4247042388
	0.2867719895	0.2283795821	0.2170021937	0.1131852495	0.02542496273
	0.01976713922	0.1843853297	0.5680658175	0.02522431426	0.002020040188
	0.001295753481	0.01662791819	0.8423274812	0.9757010586	0.9323095295
	0.3926698098	0.005009555457	0.005702850234	0.198928817	0.4597781125
	0.4626742217	0.4203257222	0.3984907984	0.4401998712	0.5300863558
	0.6187934354	0.6855775505	0.7409844148	0.7817093369	0.7691353018
	0.4731911098	0.3453242778	0.2742747127	0.2815865545	0.2345146869
	0.08265228948	0.02544495891	0.05404457501	0.4932235133	0.5639334621
	0.01883830944	0.001271030439	0.001650292316	0.07081076781	0.9388546468
	0.9695700072	0.8818830614	0.06723819381	0.001527375933	0.006418559602
	0.2388506417	0.4336853247	0.3659439539	0.300621146	0.3447187624
	0.5080261759	0.6485331135	0.7218301467	0.7713270055	0.8117826176
	0.7965357575	0.4999015985	0.390138	0.3205501816	0.3273975435
	0.3300987564	0.2218865803	0.07687301901	0.05044675872	0.1687131132
	0.6320281506	0.5422021224	0.01079946192	0.0008303227608	0.008831111085
	0.7737834309	0.9685369367	0.9651420493	0.688296542	0.006174950832
	0.001224597825	0.02551767461	0.3043438804	0.3342837437	0.1989378586
	0.1643703015	0.3633847209	0.6530474524	0.7686855094	0.8127074319
	0.8488851904	0.8312807946	0.5177388016	0.4247867047	0.3646336751
	0.3644115283	0.3752550131	0.3374371053	0.2055231841	0.1118585235
	0.1429034607	0.376251368	0.697209143	0.32454659	0.003468184313
	0.002673628887	0.2818036495	0.9259821186	0.9709097027	0.9364827507
	0.06960970126	0.001455986406	0.002598390196	0.05407354703	0.2721577032
	0.1728020907	0.07870847236	0.1123144751	0.445833273	0.7532851152
	0.8421163432	0.8826103955	0.8666779273	0.5348019189	0.4565228545
	0.4083149414	0.4033262458	0.4073657129	0.3944080773	0.3300004627
	0.2379392227	0.2202476076	0.3323959794	0.5710839637	0.5873614416
	0.01678722515	0.0007967427606	0.009723428703	0.6133015557	0.94283323
	0.9752614961	0.8332798608	0.01475021106	0.001003160553	0.00205947724
	0.009239401013	0.02514018802	0.04040102005	0.03041494157	0.09608612574
	0.471239468	0.7997640962	0.8949464785	0.8898601468	0.5525953912
	0.4875802718	0.4510511105	0.4447929691	0.4427218685	0.433313717
	0.4033198551	0.3530089337	0.3254424551	0.3711257406	0.4983553327
	0.6559335781	0.2572595766	0.002799748987	0.001931403044	0.1062734683
	0.7724718398	0.9581658416	0.9724393427	0.4615455772	0.008168224613
	0.0009753065708	0.001026280861	0.002245896964	0.004151394039	0.005749192585
	0.01580033823	0.1228863946	0.6259168537	0.8831047963	0.8956052778
	0.568486784	0.5149970748	0.4883289864	0.4825984444	0.4774380347
	0.4674966414	0.4481959112	0.4203563834	0.4002580685	0.4139175313
	0.472249845	0.5756282979	0.472671116	0.009902069127	0.0006369127174
	0.007992891852	0.3509002879	0.8305957459	0.9715797182	0.9717556121
	0.3860685731	0.007958215491	0.001405400973	0.001204936983	0.00120488755
	0.001883894014	0.003604520463	0.02331637388	0.4170868482	0.9172293421
	0.9255368079	0.578013997	0.5329618025	0.513431175	0.5086062141
	0.5023778003	0.4923331476	0.4767904344	0.457475123	0.4424164719
	0.4440318829	0.4706514008	0.5238512239	0.5661231681	0.2648044286
	0.006034793326	0.002626063804	0.1248649555	0.488968216	0.8381791505
	0.9744386941	0.9729046697	0.4023921615	0.03177990053	0.01030492855
	0.00619144775	0.003597828734	0.00246061964	0.00496067612	0.09567593309
	0.9360859112	0.9730961427	0.5769803972	0.5355894156	0.5199255201
	0.5155831328	0.5092003402	0.5001110634	0.4879264089	0.4745699293
	0.4648440065	0.4642424657	0.4765454729	0.5002590188	0.5276008601
	0.520438771	0.2417386261	0.006380897957	0.005561234513	0.1482527608
	0.425304661	0.7510270083	0.9633967557	0.9803064383	0.9499096692
	0.7626624878	0.4024042741	0.0765588856	0.01103936264	0.002845942864
	0.009039017201	0.3653971163	0.9276707963	0.561145801	0.5187127999
	0.5029241266	0.4976423671	0.4906019251	0.482618801	0.4744979023
	0.4684467959	0.4676134938	0.4733633992	0.4846430636	0.4976980867
	0.5072111711	0.5117041528	0.4928800198	0.2314749547	0.006697325225
	0.005155166733	0.1471843063	0.2957571032	0.5171991211	0.9064890129
	0.9757988562	0.9810342072	0.9702383999	0.8967986745	0.3763127215
	0.02849403803	0.01442797858	0.0949143421	0.5248092621	0.5564168459
	0.506336917	0.4863857545	0.4786441657	0.4697323412	0.4617053239
	0.4565514176	0.4569598182	0.4655194232	0.4821381013	0.5027209327
	0.5210877733	0.5307050523	0.5302858194	0.5256163641	0.5083102226
	0.1826287045	0.002446798844	0.006289107801	0.166487977	0.2343157663
	0.3895666934	0.7240692084	0.9185445162	0.9660344151	0.9784044487
	0.9768026055	0.9575894178	0.934371708	0.9637808465	0.9416752294
	0.5861032213	0.5466297316	0.5245463526	0.517977225	0.5093599353
	0.5018008839	0.4974205688	0.4987941929	0.5082188741	0.525758838
	0.547789994	0.5684374901	0.5817311374	0.5845483661	0.5790303771
	0.559560098	0.3402200557	0.004690791341	0.002476809766	0.1477329647
	0.3120954515	0.3331011808	0.4607349935	0.6774337745	0.8526114704
	0.9374047465	0.9726838952	0.9865565235	0.9919334928	0.9955354102
	0.9937503117	