3277	
	0.9998446879	0.9998446997	0.9998446822	0.9998446605	0.9998446747
	0.9920934402	0.9998327172	0.9998447102	0.999844698	0.9964077472
	0.9984799533	0.9473969072	0.999787094	0.9997463715	0.9994745987
	0.9998447087	0.999844687	0.99984466	0.9998446732	0.9998446571
	0.999844641	0.9836788291	0.9289080665	0.9998447351	0.9998405653
	0.9997950669	0.9998447157	0.7496956408	0.9998228931	0.9998052163
	0.9901127861	0.99919139	0.776368544	0.9997805365	0.9997458545
	0.9998447318	0.9998446855	0.9998446841	0.9998447028	0.9998446194
	0.9998415122	0.9998446512	0.9998446352	0.8143736323	0.7685409127
	0.9996212711	0.9998061443	0.9998447757	0.999844781	0.9997572432
	0.9997916023	0.9998447265	0.7496188982	0.6527866048	0.9998253044
	0.9998073301	0.9998337216	0.9959611389	0.9788161549	0.8702477596
	0.9997728598	0.9997834297	0.9997308696	0.9996927932	0.9998447673
	0.9998447415	0.9998446848	0.9998446632	0.9998447011	0.9998447315
	0.9998446126	0.9998443588	0.9998446459	0.9998446289	0.8769685945
	0.843462643	0.8318544279	0.9996169282	0.9997939905	0.9957370315
	0.9997622592	0.9693797783	0.9998447257	0.9998447448	0.9998447354
	0.9997192961	0.9997307804	0.9996812728	0.7760705149	0.7166201108
	0.9998294127	0.9998069793	0.9926081938	0.998226739	0.9103364338
	0.9738481088	0.9997898149	0.9997480859	0.9997638139	0.9997385977
	0.9997239708	0.999844673	0.9998445656	0.9998445759	0.9998445946
	0.9998446013	0.9998445594	0.9998445575	0.9998445883	0.9037328824
	0.8691200149	0.8896096374	0.9998446329	0.9998446589	0.9971457894
	0.9842698121	0.9305888854	0.9997192952	0.8158997768	0.9998445074
	0.9998444091	0.9998447434	0.9996830623	0.9998447515	0.9996432183
	0.8933863086	0.9998353971	0.9998076739	0.999820319	0.9948452698
	0.9762460263	0.9998036869	0.9998188826	0.9989734922	0.9998444547
	0.9998076412	0.999844422	0.999820356	0.9998341375	0.9998445058
	0.9998444343	0.9998444364	0.05225062489	0.01970479857	0.02849961789
	0.820451552	0.9197911264	0.01007755297	0.006936732577	0.01358417945
	0.008427215153	0.9997741605	0.9998394934	0.9978997339	0.9901830094
	0.9597183602	0.7472770432	0.856973936	0.9077017206	0.4595151285
	0.9997016185	0.999673127	0.9996475105	0.9916232353	0.9996966424
	0.9998447586	0.999567176	0.9996051737	0.9784575934	0.9998422989
	0.9998369187	0.9998395235	0.9961095482	0.9998394295	0.999780163
	0.9997152884	0.9997450541	0.9997943824	0.9997712741	0.9998444129
	0.9998227071	0.5829954462	0.3600929675	0.09903189115	0.7715855837
	0.1797571745	0.887297263	0.02442623249	0.005775996218	0.8424546647
	0.9672631256	0.006237538314	0.003904288768	0.001309877007	0.0003048056963
	0.9963705797	0.9807459778	0.9942708683	0.875119105	0.6031668815
	0.1259403196	0.2471699492	0.1997671059	0.9997834811	0.9993661187
	0.9990902639	0.9961588218	0.9996920545	0.9998194551	0.9766228871
	0.8879785317	0.9943630207	0.9998445698	0.9998444824	0.9986150401
	0.9998446225	0.9998442062	0.9998441213	0.9998443256	0.9998445013
	0.001326402712	0.2708639922	0.951798925	0.9810086471	0.990055935
	0.04846919136	0.9882602239	0.006377727583	0.005802171056	0.007479533713
	0.002898509254	0.001383788457	0.0005480392445	0.0002115779391	0.001154846883
	0.0003263573431	0.0003053521829	0.971949489	0.9333438929	0.9998440726
	0.9870696661	0.7654893908	0.2680416887	0.5411391893	0.05644954935
	0.09998942904	0.01583596676	0.006360547255	0.5393512844	0.9998085423
	0.9901637259	0.9980583921	0.9935643263	0.9979364404	0.9558230259
	0.8211957187	0.60982515	0.9978847905	0.9998445927	0.9997412699
	0.9998443171	0.9998443224	0.9998444892	0.9998445761	0.009764954558
	0.8752130908	0.9949747044	0.6039277652	0.9970090626	0.03019890269
	0.006003465234	0.9989375286	0.003697224584	0.008914242959	0.0007220688664
	0.001759520617	0.0001927461893	0.0002481770929	0.0002243322888	0.0002530528898
	0.000318428321	0.00164469893	0.009824088833	0.0008255737561	0.00050444242
	0.0004461328393	0.8997146325	0.9998441674	0.9241785676	0.001419102659
	0.9074826223	0.6233934749	0.4001883971	0.07095848927	0.1766182014
	0.02143629434	0.004130092033	0.2184924467	0.9985080703	0.9998440858
	0.9998443663	0.2393186762	0.9856792271	0.969997577	0.7783501592
	0.4818482168	0.06079752341	0.01307284292	0.9990751818	0.999773899
	0.9998446164	0.9998445032	0.9998446021	0.5367768843	0.9804839123
	0.6429068959	0.9979298865	0.9986346997	0.9988982428	0.999208154
	0.9991288946	0.1175948094	0.9990994086	0.01269752492	0.003647381653
	0.0008486172589	0.1302668442	0.0001711046033	0.0001978391035	0.0002014391039
	0.0002158510626	0.00022609168	0.04428835043	0.0002647939458	0.0003132417326
	0.0004372786822	0.006559441702	0.001886492169	0.0007943971911	0.0007187667672
	0.6787823	0.0007801086412	0.0003900192751	0.01934123919	0.4906035721
	0.1696724522	0.04601554283	0.005463498843	0.001244620553	0.0004219058016
	0.03889712974	0.6587073842	0.9986601733	0.9998441619	0.999844453
	0.9998445385	0.1349506779	0.8126346733	0.3070126688	0.00264138684
	0.02579990633	0.005496252368	0.0003705505305	0.9995610812	0.9998373685
	0.9998446026	0.9801785452	0.8637522498	0.9969657123	0.9986805651
	0.4720144526	0.2196116274	0.9989978991	0.0001683721716	0.0001706134951
	0.0001656573398	0.01448527604	0.8212526377	0.0871998838	0.9741543905
	0.9822334012	0.001645459909	0.0001700323757	0.8072920012	0.0001711809181
	0.0001694547246	0.0002769069401	0.0002494346926	0.0002346738	0.0002804873597
	0.02430262477	0.0003071169838	0.0003431394469	0.000441658561	0.0006425592937
	0.00250756863	0.006830639157	0.001477084455	0.001148418505	0.2431846898
	0.0002032980373	0.0001631407514	0.007373504766	0.05178561317	0.03845083446
	0.00142860516	0.0002144127685	0.0001631382863	0.0001631348922	0.0001631335623
	0.0001631267825	0.05252481242	0.004959276314	0.5719638675	0.9998439936
	0.9998446358	0.9998442729	0.9998445625	0.0002234019246	0.03955173408
	0.1441876939	0.001162809026	0.005204653957	0.0001631161571	0.9997113853
	0.9998446295	0.135564142	0.9443444475	0.9868762602	0.9970628207
	0.8573308919	0.6933436633	0.9991786487	0.0001698725385	0.0001690666666
	0.0001694300684	0.0001662219169	0.0001709444849	0.009228366362	0.06475392334
	0.2017163093	0.7131459086	0.0009755386453	0.00114024368	0.000167868634
	0.0001705096296	0.0001705643104	0.0001703731596	0.0001694901643	0.002801672738
	0.06051824504	0.0001680643578	0.001434371348	0.001093915271	0.0003836444591
	0.0004662932915	0.000389448688	0.01750740878	0.0005190269544	0.0004658477898
	0.0006018717059	0.001044265322	0.003424503023	0.001999641853	0.0001631286175
	0.002134033193	0.001403257754	0.009302246468	0.0001630472861	0.0001630944395
	0.0008897651589	0.0001631281732	0.0001631232613	0.0001631254384	0.0001631227921
	0.9998446774	0.0001631173503	0.007416523308	0.002325696555	0.383658252
	0.9784461536	0.9998437851	0.9998442042	0.999844672	0.9998445037
	0.0002153341683	0.0001631144217	0.004306769067	0.0002632934844	0.999709075
	0.9998112769	0.08964049796	0.6004425504	0.9877282809	0.9972642936
	0.9645591646	0.9989801625	0.0001664829203	0.0001669021072	0.0001711674186
	0.0001759155415	0.002336502206	0.004952556313	0.006813749461	0.000880087914
	0.0001706094594	0.0003114846063	0.0001690361232	0.000574408534	0.0001723397532
	0.001967406427	0.003812678771	0.0008735153067	0.0007789668683	0.01311797877
	0.0009601820938	0.0008865714503	0.001159786896	0.001954234986	0.00424871125
	0.0001630477418	0.0001630901017	0.0002905958562	0.0001631257498	0.0001631134607
	0.9998446074	0.0001631202756	0.0001631166751	0.0001631139851	0.0002859009735
	0.9998080243	0.0001631090161	0.0001630994712	0.00114818977	0.05992049801
	0.9633127352	0.9998434748	0.9998441757	0.9998438285	0.9998411669
	0.999844556	0.0002069354951	0.0001631126359	0.0001631126079	0.000163106628
	0.0002169278201	0.0001630976629	0.9993472321	0.9995043548	0.05043730638
	0.3437530404	0.9480071826	0.9947895534	0.9976232946	0.8064863338
	0.0001732532008	0.0001816465575	0.0001774317145	0.0001792521376	0.00127502906
	0.001472914305	0.001621212587	0.0003978351674	0.0001778048424	0.0005951009314
	0.0001754173214	0.000179928886	0.001493701476	0.006155324843	0.001326849352
	0.001830645872	0.001382991627	0.01180778079	0.001467385614	0.001603031868
	0.002306905991	0.004395446462	0.0001630651456	0.0001631028838	0.0001630592085
	0.0001630983725	0.9998021124	0.0001631113781	0.0001630686115	0.0001631098102
	0.0001631141428	0.0001629870442	0.9995819784	0.9997717099	0.0001631041085
	0.0001630937355	0.147931938	0.0002867847485	0.0003173003298	0.9138833224
	0.9996751351	0.999843905	0.9998441877	0.9998427294	0.9982259198
	0.9993918286	0.9996700603	0.9998405355	0.0001981996883	0.0001631080196
	0.0001631032998	0.0001630957482	0.0001630886028	0.000163086306	0.0001631095844
	0.997632895	0.9923168901	0.02976874855	0.1597200719	0.9752276031
	0.6170447127	0.0001815649369	0.0001791746079	0.0001842596533	0.0001838385943
	0.0001821341544	0.0001770499217	0.0002376073341	0.0002641481069	0.0002318306116
	0.0001851153198	0.000185526803	0.00109976059	0.001861117844	0.0007687799088
	0.001946331769	0.001431164092	0.009488802409	0.001696674513	0.003423484017
	0.0001630971826	0.0001630649533	0.0001631120531	0.0001631085481	0.0001630677288
	0.0001630031186	0.9987681284	0.9985222427	0.000163098013	0.0001631062564
	0.000163091555	0.0265353414	0.0001629924319	0.9984906584	0.0001630918788
	0.0036924714	0.711985467	0.9992817194	0.9998438974	0.9998417495
	0.9921269615	0.993142128	0.9995754181	0.9996391169	0.9997959652
	0.0001891264455	0.0001630886146	0.0001630988785	0.0001630888591	0.0001630861637
	0.0001631000241	0.0001631082914	0.9681821906	0.0203135706	0.06220429942
	0.2456385445	0.7461925805	0.0001708424482	0.000183012492	0.0001732851863
	0.0001694303481	0.0001712999829	0.0001751611857	0.0001697405815	0.0001717725697
	0.0001703994788	0.0001722606729	0.0001727647365	0.0001738224317	0.0001700558064
	0.0001691232347	0.0001721193401	0.0001745623583	0.0001817816505	0.0001688195252
	0.0004212861597	0.0002114999751	0.0007959225761	0.000907436149	0.004011364711
	0.005497631946	0.001129507346	0.006819499201	0.002423101763	0.0001630973937
	0.0001630931423	0.0001631127054	0.0001630784529	0.9949222771	0.9953476954
	0.0002073221433	0.0001631034759	0.0001631011372	0.0001630994453	0.1539480331
	0.002093979673	0.9965564235	0.9920110287	0.0001630953551	0.0001631019592
	0.0001630886741	0.02183728061	0.9881945909	0.9990368361	0.9998330953
	0.9503398998	0.9704909034	0.9969246019	0.9990459682	0.9996717487
	0.0001797206772	0.0001630860323	0.0001630909226	0.0001630834691	0.0001630966057
	0.0001631062195	0.6989787848	0.08091707607	0.3127117357	0.02043769385
	0.005740720093	0.0001668016073	0.0001759559351	0.0001654447598	0.0001676410721
	0.0001738454208	0.0001679318591	0.0001782163636	0.0001685204903	0.000167095241
	0.000168222847	0.0001664906679	0.0001661615315	0.000167372578	0.0001658134076
	0.0001651196616	0.0001648918328	0.0001641000103	0.0001661146815	0.0002713684102
	0.0003932443511	0.0004893122353	0.002026143808	0.001681928107	0.0007239107076
	0.0001631020542	0.0001630902466	0.9809629025	0.000163084165	0.0001631071134
	0.0001630959497	0.1999250627	0.8487883596	0.9637066985	0.0001630770306
	0.9534415242	0.9839924578	0.9635415052	0.0001630977028	0.0001631043874
	0.0001630904993	0.002940991538	0.9998406501	0.9938524065	0.9997044224
	0.000163084493	0.7446408351	0.8074877083	0.8213460926	0.9903028249
	0.9981430462	0.9994222722	0.9996924619	0.0001699701339	0.0001630825796
	0.000163085725	0.0001630937537	0.0001631051702	0.480771219	0.3159907831
	0.1300578538	0.0526742804	0.01631589147	0.001488259046	0.0001642233593
	0.0001639037484	0.0001635428112	0.0001704049496	0.0001648726001	0.0001645992446
	0.0001639236858	0.0001662939268	0.000187379484	0.0002004796822	0.0004207308393
	0.0003144927216	0.0006542140063	0.0001630913939	0.08147948012	0.9626243921
	0.8046086951	0.0001630815382	0.9391883783	0.8041649242	0.8622482656
	0.0001631011839	0.0001630994361	0.0001922377256	0.000435944839	0.5184086909
	0.9998169594	0.9992479986	0.9998445204	0.2644973798	0.0001630908905
	0.0001630837901	0.9998416096	0.000163097275	0.508218546	0.4011997304
	0.9985047409	0.8529790383	0.9783555914	0.9961420031	0.9997490294
	0.00016311428	0.0001630826011	0.0001630934643	0.0001631047106	0.0004432053047
	0.0003646687716	0.2951350058	0.3520972005	0.168022924	0.1114435534
	0.01744082887	0.002151462803	0.0001632444103	0.0001633310046	0.0001672985283
	0.0001637080283	0.00016336184	0.000163115734	0.000208788095	0.0003421392286
	0.0001907609634	0.0002171443401	0.0002339982786	0.0001900818283	0.0005149365206
	0.09296572014	0.9042802028	0.3971588655	0.000443304656	0.5043491733
	0.3132988943	0.001547253459	0.0002604666884	0.002498920335	0.4356838028
	0.08093076485	0.264660541	0.9997198602	0.9998444734	0.9998445449
	0.9998331436	0.02764677486	0.101093473	0.0001713948251	0.0001630942991
	0.0001630854423	0.9997627622	0.0001631033933	0.2708459509	0.1232492289
	0.9974693815	0.9995177117	0.714017008	0.9844131565	0.9997565013
	0.0001631137686	0.0001630944562	0.0001631053282	0.004393358131	0.002415108542
	0.002599555268	0.26246144	0.2628712378	0.1399811972	0.03598408442
	0.01602252371	0.0001631931937	0.0001631762707	0.0001631177199	0.0001631460115
	0.0001631151226	0.0001644380733	0.0001631158257	0.0001631157581	0.0001631162862
	0.0001631188661	0.0001631166103	0.0009257423739	0.0001930714808	0.0002260692214
	0.1449231844	0.00210675132	0.02214795478	0.05648773267	0.07015030079
	0.0001630950303	0.7887815022	0.065785256	0.03622418885	0.005563110267
	0.004200781213	0.999071887	0.7203041609	0.01354836579	0.07305809993
	0.9813334625	0.008806375517	0.9991236561	0.999691325	0.01365673983
	0.9998446052	0.003778105974	0.0329253107	0.01297107521	0.004017604599
	0.0001630969281	0.0001630966325	0.9998446475	0.0005371533555	0.1205170673
	0.9991841547	0.9990161644	0.9973316542	0.132848439	0.8697994134
	0.9998205678	0.0001631131114	0.000163107069	0.0001631016809	0.09794185364
	0.02353305785	0.01679748511	0.1428065131	0.2876389292	0.2548133905
	0.2796200688	0.401993959	0.0001631161698	0.0001631574884	0.0001631284882
	0.0001631170323	0.0001631161652	0.0001631169975	0.0001631244058	0.0001631256102
	0.0001631192539	0.0006162435857	0.0001631151461	0.0002028901483	0.0008568499017
	0.4140875869	0.005862320533	0.01620275942	0.05257272465	0.1388532818
	0.826774365	0.004213304353	0.0124883168	0.9297394933	0.4484224537
	0.93679675	0.04823020455	0.002616034916	0.9992481927	0.9998446126
	0.3308976315	0.9998446343	0.9998443707	0.002638959317	0.01258872168
	0.002913998244	0.003676753395	0.0001631002768	0.0001631047846	0.9998217779
	0.0001631139428	0.1190285487	0.03247112371	0.0281677624	0.9997749741
	0.9993289423	0.9941466078	0.9808127609	0.3224862297	0.9997787817
	0.0001631122664	0.0001631029382	0.3699743594	0.4096680047	0.7158860941
	0.933345993	0.4517339261	0.3964899557	0.7314741912	0.9108158084
	0.0001631155217	0.0001774668822	0.0001631177412	0.0001867710822	0.0001631239486
	0.000163134693	0.000163119988	0.0001631185848	0.000163127389	0.0002242866565
	0.000163114435	0.005212833519	0.02298977166	0.2259120982	0.7015005751
	0.8569691007	0.005827872251	0.8331530686	0.9535291474	0.9995996044
	0.1691791192	0.001735780619	0.001451728138	0.0001631036503	0.9998446263
	0.9456183516	0.9998420438	0.9998446314	0.01135177074	0.003262050128
	0.003717087809	0.001620882281	0.05365699797	0.0001631054642	0.0001631115608
	0.9998446751	0.000651697136	0.114521932	0.01005002779	0.05756631637
	0.9994235041	0.9984188987	0.9460159001	0.3114682961	0.9998447291
	0.0001630968675	0.0001631108756	0.0001631040518	0.989948491	0.9932540452
	0.9136450962	0.9643125179	0.2284586001	0.7603412145	0.8121858724
	0.9654577209	0.9837922572	0.0001840212468	0.0002327952262	0.0001631233899
	0.0007848096434	0.005674746083	0.0217758652	0.1536242155	0.6172519152
	0.9513298022	0.9768021338	0.8891506402	0.002978046043	0.001766523429
	0.000163102833	0.9988403635	0.9998328192	0.9998446682	0.00800522137
	0.6208389593	0.001737121936	0.00192560592	0.384058559	0.0001631142874
	0.0001631092119	0.9998446628	0.999844699	0.0007400611751	0.01762451043
	0.003481557565	0.02703488067	0.02378937132	0.1240686137	0.9998447017
	0.07705673789	0.9993964699	0.9921682398	0.9660547104	0.08903705374
	0.0001630990251	0.0001630954795	0.9998077767	0.0001631001156	0.0001631043214
	0.0001631078938	0.9971204802	0.9965591645	0.987728877	0.906403824
	0.5879763336	0.9714277268	0.973776744	0.9925113903	0.9994928624
	0.9992702075	0.1145248009	0.001547181129	0.03176413839	0.7925891284
	0.4891569276	0.989828022	0.9984079535	0.003281244498	0.9994174146
	0.0001631034381	0.9998446705	0.01086277462	0.2201473742	0.005026572284
	0.00290059379	0.2486407787	0.9995046219	0.1431142577	0.8657890008
	0.6418055199	0.0001631097167	0.0001631022525	0.9998446633	0.2714729943
	0.005851318188	0.00513187328	0.0139955279	0.02661143084	0.9998446725
	0.00772300684	0.9970396829	0.9994789705	0.9993807538	0.7660048959
	0.007337045327	0.004281501545	0.000163104522	0.0001631007108	0.0001630988264
	0.000163098242	0.0001630988519	0.9998428719	0.0001630998268	0.0001631025544
	0.0001631011177	0.9991430372	0.997911552	0.9996632571	0.8694790006
	0.9916129042	0.9727981771	0.9978056397	0.9995719866	0.9991302407
	0.812287594	0.4655388909	0.9258710376	0.9950752647	0.999839495
	0.9998184398	0.01208384512	0.1142359774	0.007443032432	0.08887755058
	0.4793564546	0.999709918	0.9988955494	0.006994824572	0.7711324764
	0.9998446951	0.0003301463776	0.07382954472	0.9998446713	0.827085784
	0.0001631127757	0.0249787234	0.01866787653	0.01387532545	0.07132096252
	0.9998446629	0.002143611148	0.9292175773	0.9998447484	0.9863477517
	0.9994851113	0.00167174338	0.4449031933	0.0371368429	0.0001631115198
	0.0001631182942	0.0004281049107	0.0001631050191	0.0001993688557	0.000180422993
	0.0001631125607	0.9998433327	0.0001631203758	0.0001631360965	0.0001631271202
	0.9994497173	0.9998052396	0.9029147519	0.9698817548	0.9964349389
	0.9905012991	0.9993203811	0.9985562245	0.9974622495	0.9995052954
	0.9981537102	0.9844672635	0.9674576697	0.995370569	0.9998445618
	0.9998445207	0.9998445416	0.9998445804	0.9987558959	0.294233334
	0.9998446717	0.003246906907	0.6308583851	0.9998446801	0.03792151665
	0.9998446597	0.9998027856	0.9997242047	0.0655504928	0.8493924435
	0.005930916968	0.0201544494	0.06529316964	0.003650618969	0.0008797808874
	0.3489965877	0.0001631506903	0.9998446486	0.9998446497	0.8030894228
	0.0001631667396	0.01676993798	0.0006256984806	0.9382111422	0.9898005002
	0.9995208082	0.009144096939	0.1102029143	0.0001631566511	0.0001631936975
	0.000163163474	0.004024757699	0.0007868116011	0.0001631557872	0.9998116113
	0.9998422066	0.0001632402676	0.0001631831555	0.0001632217988	0.9998445928
	0.9998446169	0.9998445988	0.999498803	0.9997795875	0.9375085646
	0.9766653487	0.9923503493	0.9986285461	0.9953529223	0.9997839746
	0.9997677426	0.9997750702	0.9981573411	0.9998444969	0.999844558
	0.9998445345	0.9998445945	0.999844572	0.9998311617	0.9998066399
	0.9998158126	0.9998197552	0.999822484	0.9997753473	0.0001632894196
	0.9772739131	0.5688420455	0.08948847377	0.000163216472	0.008308633606
	0.04241193855	0.2073168945	0.002339555813	0.001758361691	0.6404982339
	0.0001632235489	0.9931677383	0.9998446445	0.9998445624	0.9124785248
	0.0001632362027	0.0001632782099	0.007503754303	0.3990273746	0.001688119968
	0.01454457075	0.9161221792	0.999390913	0.36694456	0.005543336561
	0.0001633193183	0.0001633388975	0.002268444281	0.008386642368	0.001229054007
	0.0001667996012	0.99894896	0.9998446448	0.0001634243465	0.0001634785768
	0.0001634613238	0.9998101391	0.9998446284	0.9996977074	0.9997035115
	0.9984731044	0.9993985648	0.9661893898	0.9878136606	0.9953374702
	0.9997508416	0.9997741439	0.9996823039	0.9996286359	0.9997269287
	0.9997324387	0.99973636	0.9998167782	0.9998445199	0.9997096962
	0.9998445483	0.9998372354	0.9998445778	0.9998300953	0.9998350687
	0.9988347771	0.0001636306984	0.9525955526	0.9493647945	0.865392681
	0.0001633693018	0.01000245634	0.06566059543	0.4523099036	0.005559312969
	0.01429594599	0.8755401289	0.0001634054186	0.9998446234	0.9998446231
	0.9998446018	0.9755858748	0.0001634158245	0.0001635096136	0.0001636602369
	0.5921422812	0.2452051432	0.9915690006	0.931757865	0.03691365613
	0.2364902232	0.9944905603	0.5058703355	0.5231941697	0.9960968103
	0.0001638191366	0.01413547077	0.05483542228	0.002202310334	0.0001748943316
	0.9987780914	0.9998445206	0.9998445489	0.0001640969018	0.0001643684097
	0.0001646875722	0.9995424634	0.999655193	0.9987107872	0.9988382872
	0.999040728	0.9953398441	0.9977726007	0.9896563267	0.9913998116
	0.9993586993	0.9990052945	0.9920062584	0.9595114443	0.9992681027
	0.9995012476	0.9962127606	0.9736988018	0.9974097337	0.9998213876
	0.9998010738	0.9998432311	0.9998390649	0.9998247475	0.0001645388822
	0.9998321641	0.9998446082	0.000163789345	0.01946980006	0.4445482193
	0.01284454845	0.2255730797	0.9368798344	0.0001638814432	0.99984453
	0.999844581	0.9997763249	0.98293038	0.9940787354	0.9958219935
	0.0001638743321	0.0001642100148	0.0001648111645	0.115400179	0.6702192195
	0.3511739596	0.8971734796	0.9969249748	0.9789630081	0.6404922441
	0.8901825251	0.9426853859	0.9889573427	0.9955351596	0.9934779638
	0.0001677099072	0.0001660910149	0.007026167597	0.02973876526	0.001572683003
	0.0001808013941	0.9947088924	0.9997503943	0.9998444039	0.0001672166031
	0.0001688625094	0.0001696175367	0.9985116377	0.9958622928	0.995191282
	0.9958972123	0.9945954872	0.9946886943	0.9970986205	0.9976119793
	0.8547063373	0.9697003862	0.8195134243	0.961592541	0.9981288446
	0.99350261	0.8589364958	0.9989298028	0.9997139608	0.9998221486
	0.2868740093	0.04913235345	0.9998445154	0.9998445625	0.0001648336542
	0.8433486319	0.264216407	0.8174115072	0.2370228731	0.9919738022
	0.0001650901618	0.0001681273602	0.04941829781	0.0001742157404	0.9998444128
	0.9998444354	0.9998126995	0.999660731	0.9994969968	0.9848342705
	0.9988687785	0.9973898495	0.9979590548	0.0001649420317	0.0001655148225
	0.0001659430797	0.0001678887169	0.2277192219	0.6475111481	0.9361318097
	0.9918995975	0.9890666805	0.9837651526	0.9987588893	0.9403205084
	0.9760272677	0.9640321265	0.0001735856089	0.008390528969	0.001681074225
	0.9930002116	0.9995753539	0.9997347244	0.0001755912471	0.0001773993055
	0.0001786167313	0.99185606	0.9845118189	0.9903764184	0.9921218651
	0.9939236871	0.9971998427	0.9924901085	0.9911627104	0.3755910928
	0.0797708873	0.5239726623	0.8084059989	0.8946674696	0.9814141747
	0.955778769	0.6230521005	0.9927362793	0.9979133545	0.1345193722
	0.01859158371	0.008594656673	0.009266956314	0.8967363693	0.9981468611
	0.0001674035257	0.0001736901851	0.9991168515	0.1057434698	0.02070962468
	0.0001796847001	0.0001802827288	0.997887139	0.9998306735	0.9997937824
	0.9997145173	0.9974641066	0.9990539595	0.9989156072	0.9995393749
	0.999445198	0.9992591004	0.9989349336	0.0001760039769	0.00133241502
	0.0001668379583	0.0001678655026	0.000170096049	0.0001724832038	0.3929195268
	0.73476421	0.9163116926	0.9826736026	0.9988845838	0.9963324481
	0.9994520343	0.9989969106	0.9892915386	0.7657837271	0.9248814591
	0.8750389711	0.0001799303987	0.006942843575	0.9266623069	0.4331370886
	0.7977237755	0.999769705	0.0001826524814	0.0001831335375	0.0001843263563
	0.9686038947	0.9905040778	0.9947284438	0.9974009873	0.9570772576
	0.9554798516	0.1692916924	0.006933340954	0.03048823773	0.3543398753
	0.6101457821	0.8580560895	0.905523109	0.8400030828	0.01494801368
	0.004282760555	0.004629251015	0.004638906213	0.1546512503	0.03897132326
	0.0001848837169	0.0001852170309	0.393455258	0.9960146037	0.9997909071
	0.9998087146	0.9217036576	0.3279139071	0.7107982831	0.2157325261
	0.9998157791	0.9998165377	0.9998440572	0.9996963289	0.9994510996
	0.9988937353	0.0001783132972	0.0001822618356	0.001768145622	0.0001716875318
	0.0001729561951	0.000176934025	0.0001850005461	0.3988477681	0.7671329618
	0.990788036	0.9564660398	0.9998298929	0.9994475798	0.9998118525
	0.9989281879	0.4121620722	0.9862964226	0.04761268209	0.06191686391
	0.9911428894	0.002290245538	0.0001860355468	0.008698982574	0.03174949063
	0.028882905	0.0001621369743	0.0001623403558	0.01596201029	0.9600457153
	0.000183610951	0.0001843064807	0.9654914878	0.9956162883	0.9976576317
	0.8222492399	0.8134500566	0.07254145561	0.009836058712	0.4536845106
	0.1640006522	0.5097773173	0.8652644627	0.01035134259	0.002092855398
	0.001694981456	0.0008292415731	0.002131041218	0.002736325436	0.004912936741
	0.001726069494	0.1282702404	0.0001856277171	0.0001861799686	0.08821892374
	0.9986256156	0.9986478863	0.8181491939	0.393164646	0.0006325732712
	0.0001616876128	0.99983944	0.9998410014	0.9997987652	0.9996602059
	0.9988376149	0.0001868369642	0.007351440752	0.000182539664	0.0001869759269
	0.0001823968434	0.0001781847204	0.001233099369	0.0001781052779	0.000185108728
	0.0001856816901	0.3906519725	0.7042101612	0.9193652796	0.9968454182
	0.983289466	0.9949576439	0.9998441811	0.9453867806	0.9979522281
	0.02282389406	0.6706640258	0.0001626505567	0.0006304797347	0.0001625607843
	0.9828827638	0.9968825909	0.005823109644	0.001055442908	0.0001868967038
	0.036179129	0.1282021958	0.0001620383304	0.0001621912474	0.000162364921
	0.0001625187011	0.02982019169	0.9193073529	0.0001839575839	0.000184518607
	0.9708681064	0.9970215029	0.4480773041	0.6188789095	0.01078917851
	0.02716266989	0.1654106546	0.04621941624	0.1472913787	0.8410668194
	0.5684135494	0.0020159792	0.0006198058755	0.0005084523973	0.0001894126044
	0.0005030535727	0.0009702917179	0.0001629953466	0.0003143447525	0.003911190822
	0.001292067848	0.0001863750675	0.1235336327	0.9998308669	0.6913459612
	0.3325608477	0.0001615985576	0.0001617923105	0.9998363181	0.8761391049
	0.9995302479	0.9998367851	0.9973518397	0.9993370151	0.0001628255643
	0.3826273791	0.0001875319644	0.04333741735	0.01185837532	0.002520191066
	0.0001861833236	0.0001880178053	0.0001858102904	0.0002527653952	0.0001854199695
	0.0001844239474	0.0001846063927	0.9996831864	0.7479262919	0.9741788897
	0.995873379	0.0001627018536	0.1777270425	0.510099932	0.0069357817
	0.000162874355	0.9053394144	0.8626142161	0.002551407807	0.05402471097
	0.0001628843964	0.9731448522	0.9934972663	0.001468333504	0.0001614487173
	0.0001861337739	0.1884710594	0.0001618160013	0.0001619848321	0.000162149891
	0.0001623284911	0.0001624939465	0.107290909	0.02327815995	0.7630951015
	0.9164784503	0.0001910042003	0.0001916381838	0.9602281715	0.9463699969
	0.000427063507	0.1915423186	0.01642079556	0.02752249692	0.04669827259
	0.4446952421	0.1051944719	0.000269105637	0.000162928419	0.0002626680394
	0.0003536002978	0.0002973761655	0.0002489182875	0.0001629184496	0.0001628739754
	0.0005249897937	0.0001708764408	0.002096171775	0.005382848124	0.0007802414583
	0.4073251505	0.0001616212276	0.9997355721	0.936712572	0.9715533967
	0.9998278722	0.9970504038	0.5025862903	0.0001629170859	0.1709404578
	0.571259809	0.8509465803	0.06120873234	0.0001864686308	0.0001872180225
	0.1677293382	0.007116128795	0.03487299196	0.001599834266	0.0001886761669
	0.0001877509571	0.0002198526368	0.0001850375081	0.0001892817087	0.0001857258111
	0.0001630494037	0.9967626464	0.9997969051	0.9547780887	0.9977975378
	0.987897813	0.0001625675182	0.0001626893703	0.0001628547965	0.001438921765
	0.06033463267	0.0009946339669	0.00146616175	0.004723986025	0.0001630302753
	0.4357786968	0.02974228317	0.0001629429184	0.0001630310316	0.9797828672
	0.9018193156	0.0001624527754	0.0001622866917	0.0001620950366	0.000185674758
	0.5404422266	0.0001619861403	0.0001622319301	0.0001621010304	0.0001624038742
	0.02877768801	0.690242957	0.9871172353	0.0002001215636	0.0002084262182
	0.3511922124	0.1489193781	0.0002756277289	0.0002128490186	0.0001645751624
	0.0003430502307	0.02769223372	0.008865995279	0.00942851493	0.02877845954
	0.02790714065	0.007926470212	0.0002346472458	0.0002428286523	0.0002273930612
	0.0001627715691	0.0001628232476	0.0001708664598	0.0001777748349	0.0001628098811
	0.0001628234236	0.0001936243807	0.00161585441	0.003341779021	0.0004410168393
	0.9282095464	0.9880580931	0.2955548323	0.0001630081976	0.07994840039
	0.9685224751	0.8558346267	0.01624559017	0.0003913475002	0.0001865936903
	0.005342940352	0.01190290212	0.0003832757933	0.000183379429	0.0001866165584
	0.000187765103	0.0001847993677	0.0001934603134	0.0001869641392	0.0001630168163
	0.9962720901	0.999835978	0.9944675691	0.9788710711	0.0001630168564
	0.000162887244	0.0001625780332	0.0001627318016	0.000407166866	0.0002901998904
	0.0003297414686	0.003359057011	0.0001630023497	0.2510996173	0.0001630420506
	0.000163033287	0.0001630019818	0.9047652304	0.6375486769	0.0001629526964
	0.0001628109992	0.0001626924199	0.1429087464	0.0001855548716	0.009443119725
	0.0001626421317	0.0001623316312	0.0001626617091	0.0001624553266	0.01308103407
	0.2421311049	0.529019996	0.06310999181	0.000384204777	0.000188343357
	0.0002014320606	0.001204456384	0.0001624693367	0.0001623572015	0.0004247229487
	0.0002273387979	0.003848120878	0.003994681714	0.001393342698	0.003292769646
	0.001105408162	0.0001727456252	0.0001622125137	0.00018585212	0.0002145608262
	0.000241681926	0.0001623538304	0.0001627305886	0.0001627492602	0.000162663991
	0.0001626158688	0.0001624852156	0.0002090946654	0.0001627638852	0.0002988857917
	0.001939990195	0.0012346695	0.0004573395933	0.05340894675	0.9931285199
	0.7742427635	0.01058220447	0.0003982670212	0.0001930285685	0.0001864036666
	0.0001808944855	0.0002067991605	0.0001816856997	0.0001840005247	0.0001849077383
	0.0001842719333	0.000184463938	0.0001809362031	0.0001629802879	0.9960378489
	0.9997717347	0.8954756894	0.9757365637	0.007683144835	0.0001630120099
	0.0001628417048	0.0001626644181	0.0001628604619	0.0001629258508	0.0002737986422
	0.0001629822216	0.0001634437358	0.000288963934	0.002007633794	0.0001629908548
	0.0001629640942	0.01293320217	0.0001629700949	0.000162953183	0.2348298891
	0.6196599304	0.0001633458818	0.0001632372764	0.0001631528068	0.08521074337
	0.0001818140655	0.0002961057963	0.0001631174915	0.0001629318499	0.002418700977
	0.01117614787	0.0519160515	0.0001715202501	0.01777653487	0.0005190313812
	0.000174516131	0.0003533477158	0.0003219552385	0.0001684839103	0.0004852286892
	0.0001624950167	0.0001620817126	0.0002195360995	0.0001626846407	0.001596561988
	0.0002380910067	0.0006289605923	0.0001620324573	0.0001622497871	0.000162513053
	0.0001626718486	0.0001824311557	0.0001625959467	0.0001625771223	0.0002520590596
	0.0003501135301	0.0009800578153	0.0004738383978	0.949436661	0.6454870352
	0.0001626031068	0.0003523590796	0.0001624879426	0.0001831024942	0.0001759877632
	0.0001629097224	0.0001789221637	0.0001812374377	0.0001798787717	0.0001740052551
	0.0001788347467	0.0001629310598	0.9997835717	0.9490265381	0.4124902113
	0.9686815755	0.999458296	0.004490217144	0.0001712638646	0.00016300468
	0.00016303866	0.0001631629746	0.0001632912059	0.0001635082795	0.0001622664743
	0.0001626948654	0.0001628802135	0.0001638240941	0.0001638924008	0.0002568991571
	0.000162964982	0.0001629320415	0.0001630321885	0.0001629008572	0.000157336156
	0.0001628704365	0.4784197752	0.9039487942	0.0001637213993	0.0001636181952
	0.04505395101	0.0001750321083	0.0001709670286	0.0001634430194	0.04473304171
	0.009308229453	0.349811681	0.0001681038183	0.0001672515539	0.0003329203972
	0.0001665281876	0.0001634772444	0.0001651956289	0.0001633826247	0.0001736245108
	0.0001658848626	0.0001488516618	0.0001936184994	0.0001623718848	0.0001623849935
	0.0001648994662	0.0001625263408	0.0001626733107	0.0005925744412	0.0001969074146
	0.0001624558603	0.0001625219161	0.0002203388163	0.0001654327676	0.0001630573961
	0.0001626033318	0.0003037522196	0.0003569405878	0.000365220846	0.000161318159
	0.0001793803547	0.0001749405042	0.0001627986562	0.0001627170401	0.0001709689793
	0.0001701792921	0.0001762877321	0.0001753907833	0.0001685859647	0.0001707046866
	0.0001628428232	0.9474425194	0.3929036065	0.9996265261	0.9695782362
	0.0001696106736	0.002697065017	0.0001633330288	0.0001632377131	0.0001634892081
	0.0001636706296	0.000164468545	0.0001637758641	0.0001593269416	0.0001612124162
	0.0001624321492	0.0001628750611	0.0001639991673	0.001725744551	0.0001641220155
	0.0001629581633	0.0001629018767	0.0001631481209	0.0001633052765	0.0001628040597
	0.0001560068532	0.0001627055586	0.956586921	0.9993870464	0.0001639242
	0.0441555576	0.0001685239747	0.0001689014169	0.0001637496558	0.02006474465
	0.22672934	0.9214456843	0.0001657389046	0.0001651505928	0.000164842976
	0.0001381541096	0.0001440244161	0.0001510553063	0.0001631940565	0.0001631026583
	0.0001633468945	0.0001638260649	0.0001639324722	0.0001475727325	0.0001413431951
	0.0001624780201	0.0001625085313	0.0001628799964	0.0001625959804	0.0001484504127
	0.0002339535387	0.0001754664974	0.0001624715242	0.0002367019952	0.0001655332465
	0.0001625425952	0.0001626450725	0.0001624435248	0.0002642138481	0.0001679748882
	0.0001624755906	0.0001703843836	0.0001667584169	0.0001627315471	0.533489778
	0.9737763298	0.0001678975292	0.003027813873	0.0001635122844	0.0001637070139
	0.000163914903	0.0001641563737	0.0001634871042	0.0001640265174	0.0001583961687
	0.0001597773237	0.0001619645935	0.0001628250712	0.0001627773619	0.0001662653097
	0.001959687083	0.0001373431292	0.0001620581776	0.0001630980505	0.0001628714788
	0.0001632978201	0.0001639129717	0.0001634810987	0.0001626796583	0.0001566939958
	0.0001543778796	0.0001624559347	0.9998535926	0.0001642787138	0.0800850663
	0.0002820463832	0.000165598574	0.0002790812479	0.0001641027685	0.0001641271335
	0.01256679607	0.1561646907	0.7163993887	0.9816474318	0.0001640824304
	0.0001636664071	0.0001396970638	0.0001360480121	0.0001498629183	0.0001450257149
	0.0001632153448	0.0001631818446	0.000163112801	0.0001630619458	0.0001632261454
	0.0001632279978	0.0001405370861	0.0001485707804	0.0001439473647	0.000144756393
	0.0001624402776	0.0001624840222	0.0001625544865	0.0001628638807	0.0001531660323
	0.0001518729103	0.0002012447965	0.0001623622318	0.0001678674396	0.0001679688539
	0.000162177252	0.0001628590256	0.890560508	0.0008782933625	0.000163684411
	0.0001641616492	0.0001644200905	0.0001631826136	0.0001642902727	0.999719947
	0.03139156159	0.0001580737976	0.0001606423438	0.0001617036623	0.0001627035032
	0.001632238441	0.0001383740509	0.000157607532	0.0001616610808	0.0001630403706
	0.000162733338	0.0001633277123	0.0001637941327	0.00016396503	0.0001634910953
	0.0001626275753	0.0001625867169	0.0001526091506	0.0001555807279	0.0001620337141
	0.9809892232	0.4945711847	0.0001643296296	0.0001645426435	0.0001751752943
	0.0001637507889	0.4570631194	0.3310339695	0.02105667455	0.8199139573
	0.0001429055576	0.0001633087559	0.0001635455549	0.0001638738982	0.01153407185
	0.06714689064	0.426082636	0.9462841586	0.0001376147521	0.9996456385
	0.0001633811575	0.000163208048	0.0001490943387	0.000137200128	0.0001444894739
	0.0001630552996	0.0001631523299	0.0001631363901	0.0001631796663	0.0001630719849
	0.0001631420617	0.0001631153385	0.0001631228317	0.0001503654421	0.0001546085503
	0.0001513371063	0.00015124211	0.0001628642498	0.0001621164039	0.0001625310174
	0.0001550431986	0.0001549262712	0.0001615309376	0.0001587915734	0.0001604381636
	0.0001551815863	0.0001598089956	0.0001626454596	0.001889542108	0.0001604705473
	0.0001629530771	0.0001415327945	0.0001592193173	0.0001578212902	0.0001614042834
	0.0001632363959	0.000162673071	0.0001627684562	0.0001628276885	0.000162944172
	0.0001562916842	0.0001628120093	0.0001626051306	0.0001622201686	0.0001625730736
	0.0001577485663	0.0001617051986	0.9998469616	0.9998466461	0.0001635973366
	0.000163806044	0.0001636810676	0.007462998162	0.0009401748337	0.009322254764
	0.9995127303	0.9587703547	0.266502855	0.0001508579759	0.000163208136
	0.0001630795987	0.0001629190057	0.0001510595846	0.0001570904309	0.08736343851
	0.9780858666	0.6525520816	0.0001421918969	0.0001376276429	0.9998457004
	0.0001631982472	0.0001631555853	0.0001631006324	0.0001443116616	0.0001385758729
	0.0001630775748	0.0001630537535	0.0001630522886	0.0001929695266	0.0001631649597
	0.0001631386167	0.0001631250313	0.0001635347464	0.0001630531619	0.0001630311365
	0.0001558574906	0.0001564567975	0.0001552519139	0.0001551996063	0.0001628704802
	0.0001625311226	0.0001628784667	0.0001610572376	0.0001550364294	0.0001532772176
	0.0001569783767	0.0001609364338	0.0001628010225	0.0001497200168	0.0001609486799
	0.007459408684	0.0001626686717	0.0001627292225	0.0001628252057	0.0001627799852
	0.0001589206616	0.0001627245357	0.000162616136	0.0001625580899	0.0001620182818
	0.0001623107924	0.0001610912081	0.0001617733052	0.9997955917	0.9998453978
	0.000162924318	0.0002211909871	0.000162934607	0.02185595017	0.002060008786
	0.181430942	0.9996154757	0.9230475004	0.0001547052241	0.000153035467
	0.0002026860879	0.0001487772579	0.0001630677366	0.0001628515803	0.0001487450602
	0.0001599824247	0.0001576923104	0.2668814309	0.9268933821	0.0001385217272
	0.0001407268965	0.9998441529	0.05199681322	0.000165970372	0.000163060679
	0.0001630340581	0.0001397781839	0.0001470406228	0.0001630875199	0.0001736049448
	0.0002774798886	0.0001634642436	0.0001631223326	0.0001662001156	0.0001631265302
	0.0001630058466	0.0001630162499	0.000157214918	0.0001577153955	0.000201136055
	0.0001564513352	0.0001570571146	0.0001625087043	0.0001629127953	0.0001628962959
	0.0001609230412	0.000156633749	0.0001626746251	0.0001627995743	0.0001627319095
	0.0001615475353	0.0001626659049	0.0001625946175	0.0001624797556	0.0001621793451
	0.0001619329521	0.9995540384	0.9997088481	0.0001628818878	0.04305671465
	0.0001629400435	0.003070143095	0.8722212863	0.9993098487	0.0001618831508
	0.0001619405007	0.0001577770785	0.000154188688	0.0001571190142	0.0002081425838
	0.0001393529664	0.0001508112901	0.0001630472151	0.0001398970253	0.0001557866183
	0.0001628271016	0.0001579679718	0.0001601388139	0.2055452606	0.9047190568
	0.0001452405753	0.9998399276	0.01413499539	0.0002088878182	0.0001630594609
	0.0001630299948	0.000379196991	0.0002107016058	0.0002194098842	0.000162995837
	0.0001631096574	0.0001640552092	0.0002619170597	0.0003901704854	0.0001643108255
	0.000181774805	0.0001924574986	0.0001629950341	0.0001630020727	0.0001589327332
	0.009923799539	0.0001588543355	0.0001590012149	0.000187195198	0.0002283705363
	0.0001623174582	0.0001626494977	0.0001611821032	0.0001620974784	0.0001623864459
	0.0001627405075	0.0001627747782	0.0001626770607	0.0001622540134	0.000162619648
	0.0001625634365	0.0001623173623	0.9995141055	0.9996945732	0.0001628801633
	0.006214559267	0.0002007742744	0.9282878194	0.4470667913	0.0001627615782
	0.0001620927353	0.0001624729643	0.0001624950325	0.0001558085073	0.0001585356755
	0.00016297462	0.0002477233762	0.0001460683948	0.0001545599354	0.0001598524118
	0.0002428015825	0.0002003544766	0.0001629885189	0.0001630464938	0.000163010954
	0.0002488430156	0.000159052049	0.004470918104	0.000162810936	0.0001608366738
	0.05372933255	0.9658888869	0.6038280344	0.0001550452497	0.9995954616
	0.0008056742795	0.0002064359799	0.0001630583715	0.0001630373905	0.006124144689
	0.05430965774	0.0003965315173	0.0003363576602	0.000162997113	0.0001630291041
	0.0001631263147	0.0001630967702	0.0001629457404	0.0001994433807	0.0003230088696
	0.001130235909	0.0001710683198	0.0002230991916	0.0001629580119	0.09306478088
	0.09434325279	0.0002736022995	0.04517289779	0.0001675126867	0.0002012200565
	0.0001627374547	0.0001625286739	0.0001638190463	0.0001627004986	0.000162624627
	0.0001625621345	0.9992807207	0.0001630488532	0.0001629785526	0.000162859419
	0.0001629177024	0.9030721068	0.06892079655	0.0001626998515	0.000162738347
	0.0001625235474	0.0001625853485	0.0001626310663	0.0001578225694	0.0001592755292
	0.0001629930144	0.008788885426	0.0001550268621	0.0001550291266	0.04788550333
	0.0001580594758	0.0001606745782	0.0001629380113	0.0006389042292	0.009039628259
	0.0001629883185	0.000163013275	0.001900235976	0.0001848588295	0.2160057233
	0.006652825482	0.0001627781199	0.000162522315	0.9057546648	0.9983982653
	0.0001584467323	0.01280717316	0.001333946698	0.9998446096	0.9998445781
	0.3985647338	0.06526447406	0.0001630772907	0.0001630656902	0.001026498677
	0.08433926343	0.4130160616	0.003043936895	0.001013866461	0.0001630362882
	0.0004601136995	0.0005166857438	0.0003842610137	0.0001675306984	0.000163003483
	0.0001629804057	0.000241448696	0.0006342472907	0.01431963122	0.002498760756
	0.0002535016335	0.0001630188482	0.8714348523	0.9127141272	0.06970163456
	0.0009408810605	0.0002028075323	0.0001819303036	0.0001915144317	0.0001627465152
	0.0001649781758	0.0001787574604	0.0001626815506	0.0001628344463	0.9225455444
	0.0001626610108	0.0001598209286	0.000163040969	0.7715105867	0.0005223570165
	0.0001572651265	0.0001625863046	0.9998299393	0.4961642052	0.003621367744
	0.01832679472	0.0001607316641	0.0001629399517	0.001695956204	0.0001915679708
	0.2739864666	0.9412063882	0.4997952155	0.03824751846	0.0001630134332
	0.0001629841298	0.007107675455	0.002344760061	0.00131446936	0.03605936006
	0.0001627199207	0.9998445383	0.999737742	0.0001610051256	0.04360248531
	0.2221284656	0.4130714443	0.0215323553	0.9998446494	0.9998446071
	0.9996213968	0.7326800013	0.1068223422	0.0004356150586	0.002125887773
	0.0008285031478	0.586818944	0.9680298953	0.3756872721	0.0001630638508
	0.0001872420263	0.6824272187	0.0001630344603	0.001512898717	0.0001877481559
	0.0005169416775	0.01282158297	0.0001630201923	0.00016301944	0.0001629895609
	0.0004600182447	0.01096342625	0.2059677152	0.02763757273	0.007727173883
	0.0001630544073	0.9992916628	0.9128465439	0.04416389458	0.002954142887
	0.0008845394504	0.0408442221	0.0002720562859	0.0002709599329	0.9133594807
	0.9993675783	0.0116189139	0.001686287135	0.0001629514412	0.001877577861
	0.3469881319	0.997932233	0.09219025114	0.0001629883231	0.01070116949
	0.002831797513	0.9998445889	0.9998446436	0.0001631623312	0.003644215457
	0.2227081838	0.7270465899	0.03843184273	0.1807886743	0.5091457167
	0.01826231602	0.9986179452	0.3332392312	0.9998447155	0.99984466
	0.9757519746	0.8710067643	0.9309851764	0.003780935429	0.001057584625
	0.9718759063	0.9996976345	0.0001632250018	0.9975321949	0.0001630495384
	0.001512763719	0.002437485224	0.0001630491445	0.0002047331948	0.01866491669
	0.0001630067245	0.0001629515608	0.0001629965491	0.0001630236348	0.1482401232
	0.02209387118	0.3774367008	0.9090863591	0.9963305867	0.1455419411
	0.0001631592322	0.999843017	0.05872314343	0.9064104902	0.008347059323
	0.02192780766	0.669116906	0.1732947779	0.9998447118	0.3150464327
	0.0001632293959	0.0001632524779	0.04288770275	0.9419120448	0.9048192994
	0.2285423365	0.6410251256	0.5238672975	0.05936681617	0.9998447489
	0.9998447356	0.9641820602	0.9997630294	0.9964337997	0.9992356378
	0.0004961408612	0.9974381303	0.004910972424	0.001630710141	0.98942416
	0.9901232585	0.0001633568937	0.9998425377	0.0001631172248	0.000163053151
	0.00160029602	0.0002222325688	0.0002290431385	0.0001630253379	0.0001630381943
	0.008796692467	0.0001629707589	0.000162973341	0.0001630051017	0.0001630454056
	0.0001630286733	0.5734942487	0.2350145459	0.9992756029	0.9994999
	0.9989953177	0.6363104878	0.9586144737	0.9984156466	0.9984261896
	0.8676339021	0.0001631703507	0.9998429861	0.9133750673	0.9160282066
	0.3165940129	0.7582205331	0.9977757588	0.956630038	0.0001632642294
	0.9997946778	0.7097380963	0.9432724036	0.7561165603	0.5506963549
	0.1630474468	0.9997820896	0.9825303309	0.9783941689	0.9995264753
	0.9998416828	0.9995215808	0.001165870916	0.0001803231112	0.7542630419
	0.003213424292	0.8505268942	0.9938424447	0.9882677966	0.0001632489953
	0.9998425453	0.0002650129949	0.0001630671653	0.0001630905231	0.0001630448658
	0.0001915231114	0.0001630411741	0.0001630483539	0.0001629926987	0.01070842476
	0.0007125685077	0.0001630066054	0.0001630106518	0.0001630373625	0.0001630196935
	0.0001630542949	0.7202081854	0.8986303089	0.04799876012	0.9995361739
	0.9995673127	0.9995459832	0.9470263646	0.9830086628	0.9996149719
	0.9768576327	0.0001631293606	0.9995269738	0.9997096238	0.9950373494
	0.9995412605	0.9997516597	0.9762528511	0.2563093323	0.9331379426
	0.9997551564	0.999685093	0.9973447611	0.0008135326305	0.9996408136
	0.009241627879	0.009173771653	0.005673772991	0.183182492	0.4210109085
	0.9152940795	0.9997205704	0.9901840362	0.0001959416983	0.0001702538339
	0.9310346208	0.9339257922	0.0001630641153	0.2676617514	0.0001630857792
	0.0001630628204	0.0001630317207	0.0001630296935	0.0001629978133	0.0001630150701
	0.005186745611	0.001471077187	0.000181645865	0.0001630323756	0.0001630582411
	0.9237971445	0.9802103174	0.02914891361	0.9995134335	0.9995559583
	0.9946594869	0.9995885483	0.999624918	0.9949864484	0.0001629151398
	0.9993261294	0.9997493836	0.9997054405	0.9996179238	0.9998380863
	0.9572689455	0.6647949595	0.1014457101	0.02081089966	0.267541756
	0.05849355352	0.8904037452	0.9771267241	0.5832839591	0.0001630595055
	0.05788992945	0.0003130906971	0.0001630550348	0.0001630479551	0.2511542398
	0.0001630133865	0.5921074637	0.1105403057	0.0001630437052	0.0001630616941
	0.0001630241733	0.008071489675	0.0001630122534	0.0001630384846	0.001562091399
	0.000190292739	0.9966003355	0.0001630621716	0.0001630420821	0.8646642904
	0.9842352202	0.03394540577	0.0001628266494	0.9996239086	0.9997340376
	0.9997403359	0.999701187	0.9998351575	0.0001625732013	0.9323605145
	0.999837943	0.9998399632	0.999769799	0.9997553214	0.9998413315
	0.9998422948	0.0005064635265	0.0001630220985	0.07576869772	0.0001630229997
	0.0001630330287	0.417794757	0.1302851649	0.0001630305516	0.0001630167273
	0.007702757612	0.0001630430676	0.0001630556295	0.0001722787626	0.001366989397
	0.9953198443	0.9997227163	0.7319943892	0.000163047605	0.03716323002
	0.9916305624	0.9600515139	0.1256800674	0.0002142743384	0.9997817383
	0.9998336678	0.9998216345	0.9998443487	0.9998142024	0.9998296026
	0.002730885794	0.4446199736	0.002405526501	0.9888100265	0.9998432568
	0.9998425958	0.999844406	0.9998446693	0.0001630489915	0.4248446441
	0.2496152175	0.0001630214429	0.0001629860694	0.003948517739	0.01468246638
	0.0001630640853	0.0001944011835	0.001267608705	0.9984234467	0.9998445837
	0.9091162572	0.7288439389	0.0001630402066	0.1194026289	0.032959703
	0.9951354452	0.9755232224	0.3550848326	0.4598364833	0.002065170133
	0.9998446593	0.9998202559	0.9998434742	0.9998437073	0.9998441462
	0.9998446604	0.9998439781	0.999843379	0.9998441974	0.02724896942
	0.8256452967	0.02223204586	0.864041069	0.9843400373	0.9998446672
	0.9998446682	0.9998443574	0.9998446693	0.0001630176784	0.007443007091
	0.0001630668085	0.001491237868	0.002124478925	0.9997960571	0.9986792959
	0.9998446587	0.9237262012	0.7704178009	0.01123257424	0.0001630491971
	0.0001630262874	0.116880943	0.3838382865	0.05798274473	0.9962337064
	0.9821266259	0.7471231035	0.0002246801913	0.002952394725	0.9998446593
	0.9998446603	0.9998443416	0.9998446144	0.9998446615	0.9998446614
	0.999844666	0.9998446648	0.2724996199	0.02380298299	0.9675724791
	0.999844667	0.9998446682	0.9998443092	0.9998446697	0.9998446582
	0.9281216623	0.0001630597463	0.0001630453618	0.9998446631	0.7223924106
	0.2615247171	0.6644873712	0.0005431899218	0.9997923347	0.9964785165
	0.9834896118	0.9500789338	0.9049569794	0.000163059829	0.0001630455778
	0.002977932115	0.9998446591	0.9998446605	0.9998446615	0.9998446638
	0.9998446626	0.9998446626	0.9998446663	0.999844666	0.9998446649
	0.3197234521	0.9629785445	0.9998446687	0.9998446674	0.9998443607
	0.99984467	0.9998446684	0.1029483782	0.01269799243	0.9998446551
	0.9790170488	0.9982339925	0.9901302521	0.7185192869	0.004347533435
	0.9998446578	0.02175337707	0.0003021028493	0.9998446545	0.999844662
	0.9998446596	0.9998446668	0.9998446652	0.9998446638	0.9998446635
	0.9998446651	0.268802903	0.9607932958	0.9998446667	0.9998446537
	0.9998445068	0.9998446698	0.9998446676	0.9975171872	0.9955415855
	0.180550813	0.5595866009	0.9998446561	0.9998446603	0.01336179554
	0.03844692535	0.9389641031	0.9968293735	0.9998446577	0.9998446647
	0.9998446627	0.9998446627	0.1075093423	0.9751095378	0.5954806471
	0.9998446657	0.9978073294	0.9998446596	0.4666294651	0.9989260706
	0.9229723433	0.9998446635	0.9998446614	0.9440123266	0.8987138832
	0.9991475938	0.9975913977	