2917	
	0.05374697074	0.3215044584	0.08346589993	0.6122508215	0.8580347341
	0.05365122433	0.05579549473	0.3554668383	0.1044265181	0.5486276202
	0.7513200446	0.4822667132	0.3177160735	0.5983676127	0.05356408069
	0.05133270842	0.07342424278	0.1491034638	0.4058185056	0.154262324
	0.2671065267	0.1370136718	0.1071997884	0.05348456348	0.04388122428
	0.06258724396	0.07308817657	0.1620661593	0.1608275414	0.1415421805
	0.1577040704	0.1749626998	0.08998537422	0.05341196547	0.04357673
	0.03814008104	0.0470278832	0.06287061352	0.1718479425	0.1790345527
	0.1498598387	0.1771382217	0.1626195231	0.1749273436	0.09947097674
	0.06100702836	0.08879179973	0.1887471804	0.1838651984	0.1796717182
	0.1296219498	0.07566480673	0.1450223319	0.001962195724	0.001279889446
	0.1252828074	0.1619208418	0.1913196627	0.08776237101	0.05538974201
	0.09146849469	0.1678362967	0.002611950458	0.002685243603	0.04008296285
	0.1808061127	0.2068063456	0.1334687569	0.162344224	0.1804416882
	0.014414608	0.04102907157	0.1127640407	0.1635009407	0.003981830925
	0.03355180368	0.1166578968	0.1073742411	0.1418517352	0.1310991702
	0.1762467815	0.1588362966	0.1825429841	0.1770168465	0.004455664467
	0.00772040306	0.06673665948	0.01963626055	0.13039877	0.1568221391
	0.005216767397	0.02966020215	0.05244363774	0.1040952864	0.1790283075
	0.1673622383	0.1529858107	0.1618727034	0.179317327	0.1358858922
	0.1443865507	0.1832744215	0.1801690757	0.1742492559	0.006193242355
	0.01333037895	0.03683947334	0.0946665333	0.1708810706	0.01170247163
	0.03360449189	0.1687980118	0.129386234	0.2036970635	0.2029290936
	0.2019386763	0.1495118972	0.1700005763	0.241095362	0.2228086829
	0.1240272341	0.06418079662	0.2255750935	0.1725125201	0.1480071187
	0.1644107587	0.09039580641	0.187291958	0.1874204549	0.1801523964
	0.01257197717	0.01579863994	0.01162440304	0.02525070253	0.01441521731
	0.03647196998	0.1857727456	0.07940158024	0.1834132225	0.2571586628
	0.114888188	0.1451013723	0.1663239219	0.2518002783	0.1610841689
	0.2254461144	0.1539291692	0.1311605544	0.01382037379	0.1501703274
	0.1704142261	0.06414191862	0.1894156726	0.186090476	0.1761506214
	0.02590557299	0.01413521385	0.0144953253	0.02974012293	0.01511970589
	0.1097688807	0.1858423721	0.1074685882	0.1402729232	0.1563660832
	0.1749425134	0.1210182756	0.3680541966	0.1356646215	0.1173105845
	0.1229772594	0.01693685427	0.1795455568	0.4403968983	0.01779831626
	0.1512395656	0.1691102768	0.1893007903	0.04152964053	0.09003757552
	0.1868107508	0.1559474766	0.05351329216	0.02079400953	0.02273542353
	0.1487595754	0.1153533789	0.1526937481	0.1293454223	0.655664405
	0.1278636724	0.11397815	0.1156281602	0.1140543827	0.03214210396
	0.03023605137	0.1653280052	0.3113973128	0.5529920728	0.03429277674
	0.02695589206	0.04533634561	0.1483351683	0.1849708416	0.07502989685
	0.04700814922	0.09129900949	0.1846419851	0.119061301	0.07594595839
	0.1309235937	0.1278318833	0.1185300165	0.8191090755	0.1213453395
	0.1508413469	0.1513494518	0.1383283671	0.1288169845	0.05379613285
	0.08886181729	0.04480641565	0.1560831178	0.4960085419	0.05347692814
	0.06724238901	0.8985899571	0.1739383434	0.7946731667	0.8903060148
	0.1123086721	0.1226766879	0.10076216	0.1438381373	0.1740190121
	0.08328477342	0.08930846177	0.09398030527	0.1651082267	0.1128585251
	0.3164170633	0.9019187357	0.1257711138	0.1356912388	0.3562917383
	0.1941152311	0.1661196726	0.1486916249	0.09147582454	0.1019022855
	0.09479441134	0.1363117267	0.7713362377	0.6252749236	0.08595557771
	0.1074354159	0.0895223575	0.7530764611	0.8478561908	0.7628737555
	0.7368222545	0.8818740368	0.1036726119	0.1171653768	0.09820983463
	0.8821679683	0.8824407186	0.8819867667	0.8823425916	0.4046222303
	0.1759715427	0.1555685676	0.1589119639	0.0970106344	0.09437843983
	0.1448650137	0.1237519962	0.5287558742	0.8899607655	0.139376907
	0.4877136833	0.6712555411	0.2256262907	0.1839014597	0.1364988259
	0.1232804075	0.1439840621	0.1465567925	0.7145393872	0.1648164301
	0.10651535	0.1005771579	0.6392056706	0.6882279785	0.8665496455
	0.7803610492	0.7917184961	0.1029028242	0.1076106506	0.1295277514
	0.1137853936	0.09793599332	0.8825030955	0.8821081016	0.8828401901
	0.8825014964	0.8829887237	0.8827257761	0.5237784248	0.6374200986
	0.3605932036	0.8830689999	0.1171779812	0.8831883305	0.186022319
	0.1419788458	0.8830417024	0.883233159	0.294437297	0.2773565643
	0.2189662688	0.1513292492	0.108441117	0.09913611693	0.2304716345
	0.2049668384	0.7249974538	0.8814420021	0.7869881123	0.8506306391
	0.3574976307	0.234201026	0.225669122	0.228706928	0.8899831958
	0.2582648124	0.2208800813	0.1634692643	0.6968508206	0.7432356507
	0.8361743397	0.8233631385	0.7931678202	0.8808108589	0.3137656621
	0.2942395746	0.1117362272	0.102856799	0.8822237761	0.8825196765
	0.882860405	0.8831277125	0.8825484438	0.8834316587	0.8826062746
	0.5310561076	0.7067346234	0.7963994797	0.214028084	0.8833411102
	0.8823888184	0.8818192311	0.2534116865	0.3255402824	0.882002625
	0.3607588867	0.4827865179	0.8821647145	0.8391881893	0.8833514531
	0.3084776822	0.3503336966	0.8670086862	0.3331009866	0.8835216748
	0.8835206727	0.3329709185	0.3538453107	0.4337402448	0.3833541487
	0.311196052	0.2089587992	0.1182607319	0.3974288904	0.4078682195
	0.898828633	0.8811526707	0.8625490472	0.3389021317	0.3100900441
	0.3351534645	0.3311970359	0.28542678	0.827346624	0.7845923541
	0.8746128253	0.881496349	0.6086848851	0.419777679	0.3474351645
	0.3887924737	0.1341468519	0.8815216915	0.8819923071	0.8819691396
	0.8832768468	0.8835395941	0.882584756	0.8819664216	0.6497388713
	0.7578580752	0.8004785597	0.8815500434	0.8794000941	0.8794547304
	0.5325163046	0.8799153378	0.5582827313	0.6939816238	0.867061536
	0.8813187941	0.3923120346	0.3537991756	0.3151971187	0.3406097021
	0.8806906804	0.4287083348	0.5161754385	0.8837023694	0.8836935694
	0.8812660054	0.4066620885	0.5002341148	0.8826127957	0.8809190971
	0.8238017056	0.8836527038	0.7322315087	0.3275867578	0.881291472
	0.8806243179	0.5056123091	0.5304925129	0.3858691858	0.3512975734
	0.6087089722	0.5621039329	0.890634289	0.88070215	0.8921409349
	0.8942296184	0.4599679993	0.3817442475	0.4466342452	0.3978680534
	0.8806254443	0.8934497757	0.8818197204	0.8802123529	0.7213608273
	0.7552374326	0.4946586818	0.3725612275	0.6514265453	0.8799368542
	0.879845028	0.8836463544	0.8833006692	0.8837625518	0.8134483601
	0.8885967965	0.8783781573	0.8739024928	0.8763249208	0.7851588851
	0.8814163244	0.9031014798	0.8771552869	0.4695414464	0.223362587
	0.2888737131	0.195579098	0.6334966988	0.7375224119	0.5399487239
	0.8838828722	0.8775255401	0.4543018296	0.3190492157	0.6483338653
	0.8825989267	0.8705787965	0.8970510273	0.8835273996	0.8636824573
	0.204047131	0.3415925617	0.8742424169	0.876987534	0.8740849533
	0.128178463	0.1309464498	0.8855413943	0.6639599378	0.6036719487
	0.6020443676	0.7380813943	0.6290947044	0.8809354681	0.8797385011
	0.8886620153	0.893815831	0.5136063516	0.6428728168	0.4904425493
	0.8796080341	0.8806373181	0.8806049204	0.7778378845	0.8148472404
	0.7387514226	0.8879204402	0.8749369259	0.8789018227	0.88369486
	0.8840176129	0.8832993397	0.8529074517	0.8710910521	0.8710367954
	0.8740670184	0.8773106008	0.8149874372	0.882965397	0.868845243
	0.1157795066	0.1685684709	0.7851991998	0.8333212749	0.7395273419
	0.8726328855	0.8670215834	0.610024414	0.2532137596	0.4478719798
	0.1989239251	0.820557372	0.7074095001	0.8825676052	0.8773647705
	0.8776476436	0.8785374502	0.1853774086	0.3567611591	0.860881703
	0.8067720751	0.797386826	0.1077627894	0.1007307662	0.1043123979
	0.1088755766	0.8834246541	0.9037625595	0.8778279157	0.8823067495
	0.8329107385	0.8947783444	0.9024005086	0.1462608736	0.7278763118
	0.8406542919	0.8250673153	0.7497250715	0.8175020176	0.8807250179
	0.8800935957	0.8821789079	0.7521278212	0.6367186768	0.4035090034
	0.5893613844	0.8801409365	0.8811402376	0.87969186	0.8745969329
	0.8801257048	0.8866293658	0.8799595879	0.8631116871	0.8835226348
	0.8161198	0.8832053572	0.873942795	0.871197916	0.8761120963
	0.8592850436	0.8827472332	0.8792486795	0.8670607196	0.1180245526
	0.1171249528	0.8611269936	0.8970624019	0.8987359593	0.7841423134
	0.7837655931	0.6354345705	0.1399640685	0.3078788411	0.4398066076
	0.8411498449	0.8825362838	0.1999717312	0.7462717355	0.7132204752
	0.1205280866	0.1207837302	0.1229003269	0.1208112225	0.1183864341
	0.8822805754	0.8825479044	0.8799285619	0.8933924628	0.8951296922
	0.125085605	0.6569096651	0.6447418966	0.1133678721	0.1178486671
	0.8761223099	0.8822945182	0.8823953753	0.4029238206	0.8813431458
	0.2158799281	0.7981451855	0.8781465982	0.8801110015	0.8824444167
	0.8529976119	0.8824232183	0.8820991502	0.8807734334	0.7935934098
	0.6306797767	0.8791235978	0.8811054125	0.8811908134	0.8859642093
	0.8813595046	0.8808178901	0.822586028	0.7145028866	0.8832210614
	0.8834150846	0.8680468638	0.8721573892	0.8801796072	0.8816340976
	0.7087717396	0.1212986393	0.09879123791	0.9026579451	0.8956283741
	0.8906024255	0.7162001946	0.5846131141	0.2135591546	0.1727231588
	0.2643487163	0.4270272245	0.8946675616	0.8825049623	0.1235856106
	0.6124755573	0.6189186037	0.6633167551	0.1204908224	0.1200996097
	0.1147774459	0.1098906607	0.1214617834	0.8826662832	0.8811111557
	0.8961841152	0.9016710284	0.1087401287	0.5780829681	0.5401147557
	0.8763961759	0.8862000188	0.8826642767	0.2913926986	0.4734036398
	0.8822547536	0.882048286	0.8819477846	0.1204883375	0.7932048128
	0.8983146433	0.8818606331	0.4353239543	0.651224988	0.5028180199
	0.4377774013	0.8816169025	0.8819285485	0.8819756456	0.8581226918
	0.8831250471	0.8824923597	0.8812372002	0.8213484419	0.7837020801
	0.8801604591	0.8820714833	0.8821540474	0.8816163775	0.5921835179
	0.8005033084	0.883177942	0.8832636792	0.8693413628	0.882303543
	0.5187891254	0.1212652482	0.1208412652	0.1192355148	0.1417916
	0.892818108	0.891458392	0.8944337893	0.700595746	0.5728415993
	0.1391376556	0.1714845219	0.3654762832	0.2191597335	0.8910277704
	0.8824736408	0.104178281	0.4521630428	0.5810396701	0.5325789231
	0.120329197	0.1195409638	0.1168006789	0.1202841218	0.8826563877
	0.8825047415	0.8831023963	0.8833579693	0.1146016963	0.8782919668
	0.8718021489	0.8828332701	0.2226201068	0.3745036754	0.6298359758
	0.5145306344	0.8828663467	0.882578581	0.8826572078	0.8824196804
	0.1011576541	0.862678333	0.8796964323	0.3673618934	0.4441840774
	0.7762420497	0.3326483954	0.8829409567	0.8824109979	0.7604667945
	0.8824423194	0.875913659	0.847230763	0.1199760923	0.8705279693
	0.8734086115	0.8825319605	0.8817932536	0.8832199097	0.8821646516
	0.8823956831	0.8572064531	0.8296621212	0.8832091713	0.8837138379
	0.8812632941	0.8013092638	0.8796737257	0.8828795893	0.8828001828
	0.4889787159	0.4599788957	0.8704266463	0.883128648	0.8338379949
	0.8827892037	0.4517923782	0.2904911826	0.1212028992	0.1211870666
	0.1206364756	0.1206347978	0.1159381413	0.882839628	0.8828814309
	0.7694131058	0.4668423565	0.6237995724	0.1148885416	0.2945707838
	0.8814138568	0.1116245191	0.1207140967	0.1289356685	0.1652045418
	0.8829871721	0.8833690526	0.8836519574	0.8841140485	0.8816706444
	0.1792659811	0.8669077049	0.2808858839	0.4444442842	0.5906996784
	0.7448039955	0.8831622233	0.8830020212	0.8830955905	0.7887591309
	0.8551076069	0.2804820441	0.3542781654	0.4097686379	0.8659549349
	0.2186910947	0.8830226308	0.8823796764	0.8695110618	0.8685526238
	0.8779467757	0.814958717	0.1175029478	0.8974905293	0.8831515744
	0.1208572791	0.1879971009	0.8834642967	0.8800718277	0.8833089966
	0.8824241137	0.8818322338	0.8814572923	0.8823003743	0.8827275686
	0.8702994652	0.8690376986	0.8844672833	0.8808272554	0.8831012319
	0.8829499823	0.362621417	0.5372920815	0.8832433718	0.5127240173
	0.1260383424	0.1051053554	0.1230992241	0.1228890234	0.1218856199
	0.1206994847	0.118782424	0.1093546555	0.1140365262	0.8815297102
	0.6906329961	0.5729229587	0.3842778004	0.2254686816	0.8908767519
	0.2543135886	0.1212833605	0.1901421656	0.1605846867	0.8834412049
	0.8836843749	0.885572116	0.8862586594	0.8886677042	0.6455983751
	0.8442623038	0.4702581955	0.6900047338	0.8938112363	0.883322353
	0.8829544606	0.897231332	0.2908754906	0.2363698668	0.1078936276
	0.8830524769	0.8829355979	0.882348355	0.859821098	0.8706849338
	0.8807790498	0.7393080901	0.8956311218	0.8827576235	0.883083237
	0.8826310249	0.1217300506	0.1709535748	0.1098182683	0.8834491191
	0.8830758606	0.8738370838	0.8539278583	0.8623214043	0.8271429239
	0.8823170335	0.8522573308	0.8683023206	0.8834586775	0.8850657408
	0.1198577172	0.8841342768	0.4427749651	0.8755735736	0.8823204331
	0.8821020124	0.8818087637	0.8823600396	0.8936530257	0.898336918
	0.8832102833	0.2445157724	0.7764547589	0.3058022914	0.1039802284
	0.107274473	0.1122374257	0.1219122178	0.1209444481	0.1162970796
	0.1609715668	0.1060858956	0.8817033253	0.5939066471	0.2692741838
	0.8816465957	0.8883654234	0.5114125932	0.5376507892	0.1388606316
	0.1337203822	0.5698288248	0.3865638193	0.883533478	0.8836334146
	0.8869271982	0.8929349464	0.4965364743	0.6432833621	0.7614387973
	0.8983398974	0.8829604841	0.8821895575	0.886915368	0.2084023095
	0.1085819891	0.8829535758	0.867688861	0.8792651724	0.7016550466
	0.8821477739	0.8821451918	0.8827739984	0.8827043787	0.8824299005
	0.1123534112	0.1185921973	0.1122883982	0.8833623499	0.8831007458
	0.8828120136	0.8807866602	0.8557366346	0.8882803399	0.8899238531
	0.8680944759	0.7502109619	0.7946041154	0.8450546001	0.8864371033
	0.8827328171	0.8827717003	0.8836626287	0.8841873601	0.8849813281
	0.1080458747	0.1153270182	0.8824392365	0.4080305497	0.262322391
	0.8819350664	0.8867941116	0.8821645392	0.1207897243	0.8816557603
	0.8820766087	0.8820984299	0.88202697	0.8945862516	0.8858660018
	0.8821472914	0.4923359217	0.1316754706	0.8807363653	0.1168968023
	0.1059441007	0.1082130243	0.1075280714	0.1018925127	0.1138500475
	0.1124003637	0.1290027692	0.1103729726	0.8819986078	0.5509570392
	0.8847026846	0.8919229861	0.8699143134	0.8441412302	0.4932482661
	0.1454687191	0.1273467794	0.8828921568	0.8829467198	0.8883891267
	0.3652445554	0.5758448366	0.3662947122	0.8934436032	0.8821056032
	0.8819850664	0.1118017205	0.8654369422	0.8761400903	0.7381041556
	0.8817165957	0.8816611602	0.8818361278	0.8824807114	0.8821526288
	0.1197628893	0.1140758076	0.8824970833	0.8823520531	0.8826591298
	0.882408059	0.8771680354	0.8859489597	0.8868533222	0.8877390328
	0.786744448	0.7187302678	0.6732789998	0.8825315114	0.882828665
	0.8825467851	0.8841906366	0.8835311914	0.8847647699	0.8856539157
	0.1144829348	0.1146865741	0.1107624	0.1241573695	0.3062811737
	0.4546302228	0.8818670488	0.1197544662	0.8811882123	0.8808398565
	0.8811280174	0.882919179	0.1078280887	0.5963470378	0.1203463977
	0.8850106703	0.3784296524	0.4382180421	0.8816603532	0.882104641
	0.8821123428	0.8890721492	0.8815685706	0.6556452633	0.2316512266
	0.1189664202	0.1055130811	0.1072101236	0.1105510473	0.1074953476
	0.1188975491	0.2279838063	0.1077766269	0.1157149444	0.1123572209
	0.8820805219	0.8820883488	0.6540985937	0.5369681643	0.8840417298
	0.8615447447	0.8734461307	0.8364542972	0.5176689817	0.8819777776
	0.8820278598	0.884242503	0.4932577884	0.8440048394	0.8912625167
	0.8820131794	0.1125329267	0.874506517	0.781359832	0.8814112367
	0.7794779656	0.8816891116	0.8822670567	0.8820956294	0.2547424374
	0.8818055289	0.8817601739	0.8823830464	0.8821100982	0.8869599021
	0.8729291599	0.6872949179	0.639544452	0.8827556374	0.8825840813
	0.8823229043	0.8842442371	0.8830460315	0.8859751561	0.1214587305
	0.1209461237	0.1154863339	0.2410407106	0.1095944918	0.3959955845
	0.8819876898	0.1128924169	0.8814756592	0.881710919	0.8762183236
	0.8811398519	0.8051170907	0.5619894582	0.5194150758	0.11877854
	0.8854868258	0.5981245943	0.638785852	0.1137591025	0.2275058594
	0.8837261235	0.8552010294	0.881216975	0.8821246765	0.8821318828
	0.8835244042	0.87850426	0.201088405	0.6011380107	0.327636003
	0.1054214251	0.1069444472	0.1070893598	0.1105855463	0.1089531477
	0.1165164111	0.3152035193	0.2284204463	0.1137271805	0.8820200074
	0.8820219642	0.8820740082	0.5396283771	0.714733894	0.8903490635
	0.8884378599	0.8967720616	0.8883400166	0.8862203055	0.8828204085
	0.8033338398	0.5652281792	0.8359764491	0.853196255	0.5250856053
	0.6499497474	0.718939691	0.8815759548	0.8816428644	0.8815834661
	0.5789999003	0.8818370829	0.8860571604	0.8821026716	0.8820964062
	0.8866781789	0.8747806517	0.5719016146	0.8824701945	0.8826916982
	0.8821963774	0.885069827	0.8828679341	0.1205173959	0.1200295324
	0.1196203417	0.1209655733	0.2040672295	0.1414932645	0.3470734662
	0.8813943716	0.2634061338	0.8812863364	0.8810944911	0.8069581127
	0.8809053285	0.7330277779	0.4836601011	0.4424831138	0.5205916966
	0.8841716479	0.8828398307	0.5395738578	0.3655511517	0.1065228118
	0.8907912969	0.8910150381	0.1088711713	0.106661995	0.497542028
	0.5427936714	0.6942814747	0.8821344133	0.881248788	0.8786594424
	0.8750752692	0.8826129312	0.3083655639	0.1080500515	0.2374068482
	0.1065784794	0.1074241526	0.1080725894	0.1180071068	0.1206101451
	0.6460031624	0.3757559606	0.3311864109	0.1626137637	0.2491586567
	0.881919085	0.8819036585	0.8820348776	0.5510251546	0.8581497814
	0.8846800306	0.8928336346	0.8923866	0.4885999595	0.835341128
	0.5511892454	0.4226491992	0.6454331865	0.88120652	0.8815909476
	0.8871369263	0.8903634861	0.660841632	0.8847818887	0.8818284551
	0.8819206233	0.8860509483	0.8871582624	0.446405188	0.8822777887
	0.8826073086	0.8824679203	0.1212480447	0.1222584912	0.1210291991
	0.3778576943	0.4829514303	0.8815543236	0.8811201552	0.8809547321
	0.7046752505	0.8030447507	0.7375164509	0.870115083	0.3972095265
	0.7005784218	0.8827870803	0.8847101886	0.8824271537	0.2886191897
	0.3200127044	0.1062233035	0.8864710523	0.8898363613	0.1060392393
	0.1062150101	0.2772104696	0.8815000143	0.6294199302	0.8823007513
	0.5648572713	0.8728825499	0.9134148117	0.8837853716	0.09825598982
	0.2950678082	0.4038350749	0.8657291305	0.8766254612	0.8663166015
	0.3425311955	0.1099250335	0.1082380972	0.107068513	0.1124337604
	0.1057378352	0.1054146998	0.1285728214	0.3628995379	0.1324043399
	0.9037270136	0.6375718652	0.5668949862	0.5397704974	0.5974814113
	0.8817475087	0.8818658215	0.8445870967	0.8750925054	0.8800972428
	0.8885231743	0.884382219	0.8931784608	0.8907398657	0.4023223247
	0.6080172487	0.4784846206	0.3752674241	0.2793565692	0.6180369736
	0.8972764046	0.8871455264	0.8882369092	0.8817307227	0.8817741501
	0.8854918763	0.8853917086	0.3325184705	0.8821436392	0.1330497483
	0.1699576907	0.4957465264	0.900082582	0.8922261949	0.8884576474
	0.6613406159	0.8070817677	0.7375236806	0.902782235	0.7087403961
	0.8824434763	0.8817888373	0.2471475486	0.2116872277	0.1056049604
	0.1031600433	0.1041988	0.889184099	0.8819017528	0.5262316124
	0.8465895277	0.9009697452	0.8823083028	0.8842067904	0.8756397114
	0.8841679419	0.1576829582	0.08404548993	0.07689672147	0.09046993885
	0.1349371445	0.8195295572	0.8781310907	0.8765258078	0.8701907162
	0.2333619956	0.1101722301	0.1071946816	0.1047777469	0.4896331182
	0.1024995762	0.1010350931	0.2441858917	0.1251460127	0.3637004279
	0.3185203852	0.8904540109	0.8999626273	0.8497378058	0.6214339888
	0.8815929791	0.8665751456	0.8640640367	0.874897069	0.8790492976
	0.885101708	0.8877245378	0.4386111394	0.2971369422	0.2483632797
	0.3615730736	0.5693318485	0.8351500637	0.8190617494	0.8816273456
	0.8816795559	0.8854801258	0.1758685207	0.3488328428	0.510667489
	0.8602149169	0.8358763243	0.862448721	0.8122022607	0.6017303494
	0.6770710314	0.755675572	0.8909794723	0.8894136374	0.8816247652
	0.8815616168	0.8815585326	0.1598633907	0.1347552656	0.09996962395
	0.4750574135	0.8876382206	0.8182187254	0.8803265605	0.7294304473
	0.6779622971	0.8813944591	0.7636887138	0.7492824747	0.821569074
	0.1599728666	0.08877124673	0.07777834588	0.07222255381	0.08454865798
	0.06249414266	0.05852458668	0.05345178864	0.7715384009	0.8760407729
	0.8716836223	0.101519896	0.3585997645	0.107791324	0.1050300002
	0.1004288467	0.5683402916	0.09899243316	0.2756840082	0.3958749931
	0.1835817831	0.5053693386	0.4988843314	0.8847710828	0.8941638266
	0.895105409	0.8715997572	0.6587313602	0.7301708393	0.8569849392
	0.8854626741	0.8765328489	0.8823389955	0.8796613842	0.3795665611
	0.2218763199	0.2939587147	0.5154830258	0.7160706374	0.8815315661
	0.8862564715	0.1048061178	0.6784244934	0.853524485	0.6991953492
	0.6834628186	0.6316920172	0.5578741521	0.8890707318	0.8870012119
	0.8852779402	0.8814584134	0.8814374867	0.8814244874	0.1084283118
	0.1134436729	0.4284465684	0.8837901041	0.7447782815	0.5355912388
	0.6213220627	0.4892904683	0.6660485273	0.8508110976	0.1515387998
	0.07643676903	0.10790045	0.3562654494	0.3455360584	0.08159376772
	0.0776777522	0.07023692756	0.07089989087	0.06192668951	0.04630022277
	0.04351903282	0.04370947914	0.6677429869	0.4863592987	0.6028602721
	0.4087224243	0.1030649461	0.09893547938	0.1046128925	0.1024665148
	0.09908464089	0.09827494864	0.09507771896	0.5239643765	0.597535475
	0.7063678626	0.587480933	0.885982286	0.6608822301	0.8811364238
	0.8871659659	0.888954428	0.8906519699	0.8860950318	0.6363418563
	0.6706449714	0.8751810214	0.8646960271	0.8806950603	0.8796026775
	0.2898751511	0.2127537861	0.1388282167	0.4671839435	0.6233929742
	0.8796934769	0.7589285515	0.8915840872	0.5644647511	0.5524210227
	0.4694802244	0.8832890756	0.8850896422	0.881601816	0.8169084534
	0.7154661908	0.6248561989	0.1128275873	0.3821688778	0.8802768013
	0.6094595916	0.4746220194	0.1842893731	0.5614420409	0.8471666836
	0.07000366453	0.1055401363	0.3084429145	0.3393458608	0.1949856906
	0.5601381622	0.6886636096	0.8819461879	0.5749371097	0.06524145685
	0.06335170573	0.06048209768	0.06481158278	0.06575212934	0.05715981431
	0.04422591295	0.03069871646	0.0378454541	0.03326219367	0.03100891367
	0.4615327303	0.09873938136	0.4828248815	0.09993205808	0.09633152733
	0.09496635945	0.09676769246	0.09571192811	0.09218384637	0.09672859671
	0.8713551976	0.8924809579	0.8642023045	0.8898034148	0.8039779276
	0.8060268239	0.8772944549	0.8852538243	0.8872131063	0.8877025679
	0.3707392225	0.8000037192	0.8693199382	0.2302250379	0.1379250029
	0.3719435214	0.4726715855	0.890242809	0.4285236649	0.8821354821
	0.8837878367	0.8782114545	0.492871867	0.5082030399	0.1121543949
	0.2859093944	0.4495849287	0.3419462796	0.294785147	0.09759020821
	0.09713814078	0.4939123002	0.05862416206	0.1052850274	0.2172566812
	0.08756937674	0.5252461473	0.8813423651	0.1229341972	0.3480213361
	0.2810745091	0.890728732	0.08847904374	0.06355845968	0.06171728295
	0.0553306676	0.05854187433	0.0604924697	0.05957101358	0.05421250759
	0.04942300683	0.03955942068	0.02911911581	0.02751064766	0.03202514244
	0.248405687	0.3141499976	0.104411967	0.3573967735	0.5895787308
	0.1034206593	0.09958686179	0.09658289355	0.09187969889	0.08963556932
	0.09478359518	0.1002902315	0.89187015	0.8924567773	0.88971634
	0.8754322469	0.7156457725	0.7893449553	0.5829608099	0.8843260245
	0.8827491567	0.8874027913	0.08900135425	0.432755386	0.1717660541
	0.07962728495	0.3196057302	0.8676801108	0.8814539292	0.8697555804
	0.5863094477	0.2817842881	0.2707608171	0.1114204719	0.1963170561
	0.09288523078	0.08544548987	0.08163783258	0.08898971922	0.136745273
	0.05701864826	0.09615569205	0.07245581057	0.2918973658	0.08820625953
	0.09644919983	0.03012354127	0.8889253532	0.890711606	0.08024091949
	0.07897226093	0.8828999307	0.6077825762	0.8821573138	0.5839370281
	0.4327169839	0.06592028131	0.05181124434	0.05481015414	0.0579447514
	0.0551475671	0.04964217175	0.04751254006	0.04514368041	0.04209635064
	0.04143788249	0.02280815087	0.03106319783	0.03818207843	0.03544034055
	0.1820559187	0.1899210342	0.1036789022	0.224286713	0.1106182514
	0.09711987991	0.09176887368	0.08735891198	0.09230973075	0.09939546086
	0.103082608	0.8906045795	0.8878130742	0.8401823005	0.8011727089
	0.8836033151	0.8811350555	0.8857403455	0.03904377911	0.06502191267
	0.4876851702	0.2277542393	0.03524655979	0.005734591956	0.1090780672
	0.07685627509	0.06308019371	0.05704214126	0.1065824294	0.05217216329
	0.2118963751	0.08559936881	0.07964754246	0.09595333204	0.02102452967
	0.8885671631	0.8869226872	0.8901121194	0.06806938341	0.07012679716
	0.0660545687	0.4204431351	0.8795048795	0.8820489273	0.3541235726
	0.2756348397	0.6482489784	0.05583638048	0.8891068382	0.03325074938
	0.05479434776	0.04915398881	0.05019034835	0.05376842835	0.05012111353
	0.04679270675	0.04704134628	0.0434520698	0.04058482964	0.03840604089
	0.0392010323	0.02063639446	0.02552669679	0.02999889007	0.03477378576
	0.03162780584	0.04449783898	0.1285936367	0.03448928385	0.1101790372
	0.1097449165	0.09122642965	0.09033401636	0.09216108623	0.1009599554
	0.8868090772	0.8732582233	0.8721081402	0.8572316179	0.8737383141
	0.5031146084	0.02323367625	0.110085689	0.1076246432	0.1037393107
	0.1211097705	0.006236158507	0.006336933545	0.04189106563	0.04189589825
	0.1026491013	0.09139591458	0.08890242536	0.08309712794	0.09599840851
	0.8866986127	0.8886079744	0.6229209042	0.8899030967	0.05452797666
	0.03891116964	0.07813945645	0.6186301785	0.5904205238	0.5127278444
	0.1524300869	0.8887385634	0.02208660197	0.01756635754	0.8869434643
	0.8864335653	0.02763006993	0.05089792734	0.04505510133	0.03694324276
	0.04126208507	0.0379623619	0.04516133543	0.04219678804	0.03571283601
	0.03875516007	0.03780435173	0.02576955045	0.02374168869	0.02433734434
	0.03127462097	0.02772437742	0.0380976038	0.05309337834	0.01340420075
	0.09282230004	0.1087902267	0.092499088	0.09374946068	0.1011982329
	0.8885673861	0.5430249989	0.8824852615	0.5499572738	0.09579241045
	0.4043055856	0.007723349494	0.0977760137	0.09622407705	0.09721634294
	0.004928670276	0.006401975133	0.005975441054	0.1107499839	0.1005519798
	0.09529506546	0.09244357704	0.09320221388	0.08793471718	0.0992292799
	0.7699441628	0.8904389396	0.38612534	0.8907727694	0.02599612286
	0.07159065881	0.008229319349	0.3344892702	0.3133540192	0.3617086492
	0.006560342785	0.8873906094	0.8906028224	0.8369367712	0.008180573736
	0.0892638246	0.01038774909	0.005657946607	0.008676500569	0.01769015893
	0.03299439164	0.03273305807	0.03015631263	0.03329954687	0.02453152187
	0.02986665921	0.02642176718	0.02600822614	0.0280308625	0.0279112775
	0.02640363851	0.02664290396	0.04433218915	0.06354619444	0.09106560385
	0.1072051953	0.09558415221	0.1002658975	0.8901740916	0.1263818789
	0.8646056978	0.5827708691	0.07815199342	0.0795806497	0.006987975468
	0.08590695507	0.08817405894	0.005952206837	0.006360743855	0.2546876881
	0.1072788188	0.1145136956	0.1117740683	0.1110687677	0.09468369312
	0.1045314566	0.0876710829	0.5162197076	0.8941630159	0.05732249795
	0.007728414296	0.08552712974	0.09245615731	0.5625497381	0.4320162827
	0.8067976849	0.8905793584	0.8950480774	0.676626146	0.008816839487
	0.03569546294	0.0665726012	0.007354170183	0.006194358506	0.5236814828
	0.008989419154	0.006631871147	0.01490954284	0.02641789153	0.02562006838
	0.02013649925	0.02067420889	0.02085114028	0.02718473273	0.03182245639
	0.02901043075	0.03317157385	0.02583642713	0.0295510015	0.04725893792
	0.08339456163	0.08932308572	0.1039189495	0.09819864508	0.9006608933
	0.909514235	0.3285755347	0.07676869914	0.7500198546	0.8092428883
	0.7027636679	0.06980021761	0.07774358131	0.0732251948	0.006124634549
	0.008377124631	0.006936217803	0.2740880706	0.4184830845	0.1281109981
	0.1312141487	0.1302359452	0.1148354338	0.09791197303	0.08658459577
	0.07846180634	0.01092762914	0.07270553273	0.5570873051	0.7388907841
	0.8275418242	0.8970519071	0.6248115037	0.5114109045	0.0464399103
	0.05902130239	0.008227472608	0.009286628697	0.03150725372	0.4072676946
	0.3720029635	0.04930258162	0.08157023936	0.2422516302	0.2525115451
	0.1473910776	0.00801429422	0.01108046832	0.009885145319	0.0182463183
	0.01590962544	0.01589018748	0.02309536011	0.03865819285	0.03390352137
	0.03650807472	0.0390102693	0.03322184907	0.05897829261	0.07551827609
	0.06645584281	0.09701154085	0.07894291704	0.9307261226	0.8307596771
	0.04704415098	0.05591466214	0.9454833768	0.818224172	0.6918443194
	0.05339579171	0.05647543187	0.01196956628	0.01080083569	0.04073811638
	0.01862932972	0.4038081884	0.1498701425	0.5866034512	0.1322146709
	0.1171110721	0.1466537217	0.105503633	0.09712677779	0.09619337309
	0.2942093097	0.05289141287	0.7235092739	0.5018668722	0.580742454
	0.3969004038	0.04997002608	0.01659195535	0.01908174599	0.03278606425
	0.2994507148	0.2190036234	0.07709106429	0.1090360844	0.1983091643
	0.1299934356	0.1290859527	0.314927916	0.3691506184	0.04472158526
	0.02942610518	0.4761927143	0.009007123596	0.009036646705	0.0212403625
	0.01541296605	0.0233511104	0.01070762774	0.01535328311	0.0332463921
	0.05203977111	0.04433652988	0.04305527719	0.04625804089	0.06781426278
	0.07922394823	0.05625454304	0.07420153723	0.06206917932	0.8612115522
	0.7364782017	0.6372160774	0.03084556337	0.03637700592	0.9318283969
	0.7592306785	0.03548332623	0.568879618	0.420921345	0.07189332186
	0.02585731835	0.05435897065	0.5526452775	0.4570640183	0.2233585514
	0.1207393785	0.1133712633	0.1084990129	0.1147160619	0.3497049823
	0.4515916182	0.2840506339	0.02134722408	0.2365313893	0.5142616517
	0.3376873153	0.3735224994	0.09561940333	0.1362322569	0.01978094793
	0.02088752787	0.4079500154	0.5038075065	0.591232454	0.03540628718
	0.01773841373	0.01891698388	0.6530216997	0.4146003873	0.09111302163
	0.01941579493	0.6883435679	0.00995021361	0.01326260455	0.03114557574
	0.02592792096	0.05762669696	0.01149063486	0.02642072108	0.04904754698
	0.06481168235	0.05499073208	0.08497785531	0.04326042579	0.04255950009
	0.793415782	0.5422493305	0.02494187947	0.9312110246	0.7550328065
	0.6226888037	0.8708519306	0.7391874258	0.09012595517	0.05144693662
	0.9022701118	0.746083455	0.2939687825	0.1415307469	0.1209055927
	0.3974379346	0.3535926731	0.1775681506	0.2233825116	0.9070509504
	0.6762020809	0.6219679206	0.6404234837	0.01598933934	0.03160944045
	0.01988719791	0.6230111684	0.4841117018	0.7145385406	0.7632542621
	0.028460811	0.02242397185	0.01711591158	0.01854283881	0.5347341079
	0.7289126649	0.3810345377	0.1086008168	0.01909517144	0.660156854
	0.5287020091	0.641703295	0.256008575	0.9279665795	0.8307036204
	0.01602071232	0.06900585413	0.0784795923	0.04526640938	0.02930272799
	0.02004662427	0.04805897069	0.06013457201	0.07528648398	0.08987060832
	0.02413305149	0.024201972	0.7635454451	0.3805749199	0.01942340531
	0.9264143598	0.8041531435	0.8936368661	0.8896359006	0.8972580297
	0.1189304898	0.2187605409	0.2405008527	0.9633832261	0.7671903425
	0.4044289193	0.3905672144	0.6639676565	0.1083355738	0.9306984171
	0.725202924	0.9048336537	0.8968654661	0.01366265025	0.005221469504
	0.8837248758	0.6777233419	0.9186517004	0.02257929493	0.01929630414
	0.02001419304	0.0168020983	0.01841944709	0.5096896526	0.7948361988
	0.3760727453	0.5976454128	0.4447135926	0.6608894378	0.2376590148
	0.7890439328	0.5350974715	0.8987642423	0.8902375645	0.8894338348
	0.9606763138	0.03136722006	0.4557008185	0.04324647677	0.3635141638
	0.04188149242	0.06023475442	0.05303184849	0.09124806377	0.01898471183
	0.01929315587	0.01962995647	0.6920935739	0.328176421	0.01877742745
	0.5979155299	0.5193736082	0.8938268326	0.8891225773	0.3266526391
	0.474417597	0.7187143161	0.6632892762	0.6495238705	0.8956939847
	0.1527267251	0.004466689726	0.800500414	0.5987457601	0.6503483987
	0.004635126441	0.007447573773	0.01446012809	0.899178897	0.9103271146
	0.8954212952	0.01867047566	0.01631020725	0.01793040299	0.5092609495
	0.8952701663	0.7688984953	0.4962158543	0.5701240409	0.3843476876
	0.3948392482	0.885383022	0.8900554327	0.8799634233	0.2603843508
	0.2712076199	0.1191499452	0.05178159518	0.04923059726	0.6045228239
	0.8377433868	0.08985948943	0.4553624553	0.09155600623	0.07075441029
	0.06295788544	0.0185148234	0.01840115083	0.01826467833	0.01820133332
	0.4648774599	0.4075223938	0.2702718819	0.01787377185	0.2984394439
	0.2886252199	0.4727077184	0.8901240554	0.8922575335	0.7051689337
	0.7252194807	0.8952022483	0.884583428	0.02660689968	0.004107842111
	0.6933079017	0.524484901	0.5488169517	0.4286711759	0.004132120509
	0.004231115901	0.01200368016	0.8942333493	0.9038239178	0.8914383262
	0.0177716639	0.01606544358	0.639759752	0.924118971	0.5691369426
	0.3637069637	0.886899493	0.726445943	0.8002964725	0.1326767898
	0.2548846093	0.1081077519	0.1064515575	0.07476227831	0.8032601552
	0.09340758183	0.4073648609	0.09624396058	0.08888270984	0.07162881953
	0.1224278665	0.01673497388	0.0166014562	0.01627454811	0.01658382849
	0.1035872839	0.0425751852	0.01543988808	0.0463334866	0.1995173977
	0.1064114113	0.8539548302	0.7042271202	0.5396553737	0.8432385392
	0.8914578735	0.003399031504	0.002903988782	0.004100592406	0.6336202443
	0.4468540075	0.3805468993	0.003971868111	0.004027138066	0.00818980484
	0.8873724734	0.8927368551	0.8763245067	0.8371879281	0.7180691348
	0.5638023484	0.2704936292	0.8299912044	0.594303328	0.1007383025
	0.1013464382	0.09257432648	0.2403186428	0.09691836217	0.09445666863
	0.1881079083	0.146345029	0.8272554139	0.8575594881	0.6450379176
	0.4664784521	0.7701174933	0.1039704048	0.1512681284	0.3230920399
	0.3537112564	0.5843066368	0.01066102618	0.01118003669	0.009348921595
	0.0352363889	0.01646666974	0.004181120228	0.1418286056	0.4333678
	0.4976140152	0.4324409684	0.7823092039	0.4069578618	0.002891446811
	0.003390869816	0.4814334524	0.2673263867	0.2320963129	0.003480469351
	0.004130390328	0.8779026101	0.5883821132	0.6178464787	0.600988074
	0.5737498983	0.09287685183	0.08911877895	0.08858321813	0.07569711861
	0.08255616218	0.08672726063	0.08419855686	0.6204330511	0.003679799746
	0.2475361472	0.3161673412	0.08494884666	0.3492895638	0.7727555901
	0.8585910501	0.8606468254	0.8611229628	0.4288418679	0.6483009867
	0.003706421546	0.00340553436	0.003394904051	0.02669961571	0.08379056678
	0.009404357098	0.002902876454	0.1081011242	0.3646915383	0.1339767305
	0.2108920204	0.4749273011	0.3149886993	0.002881589157	0.003501576105
	0.3215651592	0.08370258248	0.08021666242	0.00415847993	0.5857304203
	0.3931180818	0.08137773064	0.07913889578	0.0680262328	0.07460547331
	0.07660819223	0.07409433958	0.1015003818	0.0763582897	0.07791109057
	0.0742926545	0.07213830934	0.3149724761	0.07454841046	0.07116628069
	0.8415199103	0.4750092375	0.8513738627	0.8749489358	0.8659679218
	0.6897428151	0.003757761374	0.003895255914	0.02017824049	0.03782799445
	0.05397101938	0.003046722484	0.002887762168	0.08072132233	0.09590947266
	0.07602084041	0.05695593413	0.0427408556	0.003004921649	0.1285760036
	0.08510709081	0.08140142233	0.04823976382	0.06771425598	0.05918700048
	0.06622859776	0.06619036651	0.05730526026	0.05516751922	0.06758165675
	0.08004689875	0.04506768817	0.06139723935	0.0665889548	0.06422558423
	0.05722610232	0.06173723058	0.06318114634	0.8616354358	0.8587221241
	0.6756846723	0.1369245623	0.4473637338	0.8803272295	0.8806605017
	0.003133000237	0.02314749424	0.04324595276	0.0548576343	0.00382975567
	0.003131707839	0.05403694029	0.04003887143	0.03390141637	0.0359137727
	0.08644181509	0.06284904944	0.05921674679	0.04836857473	0.05211635589
	0.04463897609	0.04809239976	0.07135026983	0.08275194979	0.03597447891
	0.06111459777	0.04121146606	0.05942477335	0.06545965599	0.05793854862
	0.06023769288	0.04832872398	0.8810212649	0.7261704058	0.1939293578
	0.1395008466	0.5534979655	0.003807128921	0.006352283856	0.04128453652
	0.04697637567	0.004590351732	0.02795222175	0.0251641849	0.02998749939
	0.04953502676	0.03283810663	0.03190790981	0.04032049264	0.06676026002
	0.07484011472	0.09365244107	0.08100914136	0.02762889155	0.05813762495
	0.05766498372	0.04753804954	0.05119745967	0.03934083349	0.8813134616
	0.4007856346	0.1547065717	0.1064634953	0.6498111578	0.8815016536
	0.02619021928	0.03680909615	0.03369689495	0.03478439295	0.02537425068
	0.02019799262	0.03280738369	0.0236792336	0.06283183077	0.06971462042
	0.07462815486	0.08920274302	0.07762860048	0.01890233358	0.05253394045
	0.05753977321	0.05249831165	0.0351045635	0.04207630396	0.03586937133
	0.06523434217	0.1059098837	0.3645071433	0.1174649289	0.09510271997
	0.8817148536	0.626476281	0.06239564264	0.03646457827	0.02279987831
	0.02737705535	0.02328408287	0.02352582563	0.06223601318	0.07177221815
	0.06712901547	0.2202478937	0.07826735272	0.01969677522	0.04211259798
	0.05380089495	0.04889002169	0.0433070236	0.02876537519	0.03308339034
	0.3780626422	0.3024746743	0.3718015865	0.2082626389	0.4911516013
	0.3394269854	0.4671294239	0.5271820479	0.5134140628	0.7087113098
	0.8829432296	0.06302626501	0.03636798367	0.0194144922	0.02630860558
	0.02219808339	0.0276279725	0.05777572656	0.07027649416	0.07399966731
	0.06306998908	0.3258710995	0.1666910478	0.07695554035	0.03222130718
	0.04908575908	0.0433841683	0.03717762201	0.02929941987	0.03495835306
	0.7411151851	0.6439286194	0.4363249484	0.2748457388	0.03284253047
	0.03162489521	0.5468625908	0.6315985256	0.8244530455	0.8372343595
	0.8828904303	0.5571218517	0.7346658799	0.8842292206	0.06243032706
	0.042371476	0.02131375311	0.02697639371	0.04967976694	0.05577172036
	0.06652975248	0.06287589983	0.07033402671	0.3723231154	0.1633923961
	0.2490889157	0.07485169732	0.0367701838	0.04480781185	0.03911377798
	0.0357858575	0.0449071574	0.6820700015	0.7918780337	0.4619500202
	0.3307423693	0.03161138343	0.04153312918	0.7893969849	0.7525101327
	0.8831817293	0.8827831507	0.8827375921	0.8828047532	0.8825403493
	0.5448914061	0.6255309633	0.8838410325	0.8835535209	0.883877694
	0.073548077	0.03378029655	0.057922326	0.05639902157	0.05988623702
	0.06621950547	0.07105079508	0.4051120693	0.08137385199	0.2300927044
	0.1505854106	0.314847845	0.03654063375	0.04572849006	0.04961291583
	0.050971662	0.7187742477	0.8032612713	0.4877200729	0.04043743726
	0.06891721173	0.8835273316	0.8825539838	0.8827643958	0.8826149591
	0.8825081648	0.8824839715	0.8824505576	0.8452840409	0.8824244533
	0.5700309415	0.6672039003	0.8826977482	0.8829353707	0.8828783877
	0.8826171093	0.8828370234	0.08628731358	0.06129886355	0.06672798001
	0.05801613126	0.07384392479	0.08197999306	0.08498141509	0.4777715736
	0.3899793241	0.1852505868	0.289836977	0.0614931116	0.06372961084
	0.7566915361	0.5504879987	0.07499649674	0.8824018996	0.8825190394
	0.8824144265	0.8824040855	0.8824149357	0.8823984581	0.8066508678
	0.8823791499	0.6357942721	0.7226737803	0.8824818237	0.8824821423
	0.8823953892	0.882473765	0.1200307335	0.07692008494	0.1821412866
	0.1527290369	0.1472206209	0.09868467738	0.48241521	0.3653032196
	0.2224157923	0.0876493156	0.5983064309	0.0972346967	0.4422665773
	0.882341856	0.8823592903	0.8823217431	0.882360194	0.882342222
	0.882395648	0.7905147687	0.8823746004	0.6964654771	0.8822860893
	0.8823195512	0.8822910193	0.8822707105	0.1537741535	0.2690994278
	0.3346389611	0.391377474	0.5208738826	0.5563464642	0.1338065571
	0.6607655507	0.3331860666	0.5655037065	0.4395107305	0.8823241916
	0.8822993902	0.8822874183	0.8823479432	0.8823642033	0.8004419946
	0.8823183578	0.8822381518	0.8822200376	0.8822553032	0.8821924988
	0.2896864166	0.5582331889	0.6234392932	0.6893769192	0.3372356565
	0.4886975072	0.7252766417	0.88228868	0.8822735666	0.8822703319
	0.8822538475	0.8036514654	0.8821944433	0.8821843684	0.8821976323
	0.8822167536	0.8821380119	0.5503794512	0.8127346536	0.7799732924
	0.6521676394	0.8822003369	0.874354524	0.8479567637	0.8820833901
	0.8821115181	0.8821341036	0.882065239	0.8110724858	0.7428622406
	0.8820450177	0.871924082	0.8006092846	0.8820387233	0.8819985325
	0.8818103793	0.8819926603	0.8820010572	0.8820182421	0.881845178
	0.8819490688	0.8819303084	0.8819684061	0.881852156	0.881895071
	0.8818782304	0.8817863074	