4009	
	0.9996074729	0.9996546481	0.9997374166	0.9997374265	0.9995602977
	0.9997374072	0.9997018233	0.9996023456	0.9996540906	0.999737436
	0.9995542227	0.9995131225	0.9997373949	0.9997373979	0.9997072759
	0.9996251412	0.9995745806	0.9996849023	0.999737446	0.9995091558
	0.9995263053	0.9994659473	0.9997373833	0.9997373878	0.9997373696
	0.999418772	0.9997374226	0.9997374714	0.8351825914	0.7189498299
	0.6705561352	0.9601497099	0.9994715241	0.9995500793	0.9997374565
	0.9536748074	0.9997373622	0.9997373509	0.9997373536	0.9997374651
	0.9993715968	0.9997374097	0.8919980438	0.9997374488	0.9997375223
	0.7889941927	0.6677541646	0.5655610548	0.4772675532	0.9997375719
	0.9994285802	0.9994774954	0.7215152497	0.9997373843	0.9997373367
	0.9997373102	0.9997373349	0.9996928809	0.9993648072	0.9993244216
	0.999737415	0.888715443	0.9790644519	0.9868233216	0.999737313
	0.9993139786	0.7217703316	0.9997374015	0.9997374886	0.9997374495
	0.8022705135	0.5895401159	0.6318856576	0.4949530068	0.3490635752
	0.4223044441	0.9997372532	0.9768725855	0.8394038951	0.999737363
	0.9997373459	0.9997372748	0.999737318	0.9997374826	0.9994527183
	0.7325507998	0.9992772464	0.890850211	0.8111753458	0.8461142986
	0.8642153492	0.9949581939	0.999723557	0.9997372487	0.5703720345
	0.9311842089	0.7170298785	0.9997374642	0.9975999056	0.9995617285
	0.9996553458	0.9216793723	0.9997374167	0.6485717239	0.9997373418
	0.9997370365	0.8037750583	0.5244529322	0.564344705	0.4214406292
	0.3625863431	0.279959289	0.344813629	0.9996728859	0.9856914014
	0.9997373762	0.999737329	0.9997372871	0.9997372664	0.9994533822
	0.9804546521	0.8858791652	0.7933754408	0.7380635379	0.7110771244
	0.866267619	0.9212301164	0.9997310241	0.9996917635	0.9997372262
	0.4433444777	0.1483353555	0.9367285642	0.732029245	0.9997372352
	0.9957674266	0.9996340179	0.8817052704	0.8216600239	0.9997371983
	0.6025100164	0.6952666673	0.6980017654	0.9995856909	0.9997369144
	0.9995270251	0.7997863064	0.4654293289	0.5014116447	0.3109682943
	0.3574935012	0.1905823015	0.2164407977	0.999454762	0.9994616182
	0.914784379	0.9997373223	0.9997371716	0.999737282	0.9997372828
	0.9997372451	0.9225518721	0.7946237815	0.8586413169	0.8689551547
	0.7223867533	0.9053332544	0.9997081877	0.9997345634	0.9996697649
	0.9997372061	0.4734686184	0.03594885303	0.06954910181	0.8314863901
	0.9997336545	0.9856920301	0.7715460481	0.8320882943	0.7216406756
	0.9997097345	0.6876228747	0.5468344049	0.7915080753	0.9996202364
	0.9995764964	0.999515659	0.8413487426	0.9997091894	0.04877078021
	0.9995122984	0.9996043887	0.847684096	0.3947282729	0.4134793254
	0.2557247026	0.2904813764	0.1132521518	0.1597869589	0.9995798576
	0.9997371303	0.9997371314	0.9996726732	0.9997371532	0.827499859
	0.8274456992	0.8780817941	0.873252562	0.9262167993	0.999674229
	0.9997349045	0.9997370911	0.3816521399	0.006235380939	0.0003024907044
	0.9995473868	0.7406732038	0.6630988572	0.6216213272	0.9995852351
	0.5434685376	0.6940086106	0.4384247422	0.9996668737	0.9996389179
	0.9085485058	0.999710071	0.0003024898185	0.8163749052	0.9997250696
	0.9997292853	0.9997362462	0.9866615574	0.974734679	0.3125645397
	0.293888818	0.1875726344	0.2124293299	0.006991484932	0.07315723148
	0.09182014515	0.9996602957	0.9997250375	0.9996220672	0.999736915
	0.6318051387	0.9254509631	0.8170350173	0.8943217898	0.9902832128
	0.9997035442	0.9997362963	0.09464195883	0.0003024581627	0.0003024627194
	0.6553472304	0.5676917193	0.5653131959	0.5216019788	0.9997365979
	0.9997361586	0.3606430604	0.7490163222	0.9997196105	0.9645703982
	0.9997335885	0.0003024629218	0.6039057237	0.633345222	0.502236493
	0.9262961262	0.9997365562	0.7830156481	0.2723003095	0.0003024620901
	0.9997366336	0.9997364177	0.9997364068	0.1356962242	0.1793341128
	0.1007981971	0.0003023806445	0.007431775503	0.9997315758	0.9997004015
	0.9997368289	0.3176604709	0.957356773	0.8492796722	0.9997349836
	0.9997369554	0.9997365288	0.0003023881359	0.0003024527388	0.0003023902054
	0.5588831516	0.4731980604	0.4653512038	0.4215826304	0.9997367722
	0.9767764145	0.9997363986	0.5766655684	0.988785258	0.0003024405238
	0.3819817553	0.2989192628	0.5180728791	0.3150758288	0.9997369402
	0.556626042	0.1091951547	0.1883588151	0.0003024446566	0.0003277283763
	0.0003291258801	0.0003292811583	0.0003278836545	0.9997369199	0.0003280389327
	0.0003288153237	0.0003289706019	0.0003179026268	0.9997366283	0.9997367884
	0.9997369701	0.005440723106	0.02287895332	0.3413761373	0.0003022343323
	0.9997369391	0.999737076	0.1836422645	0.9914876408	0.9535035827
	0.9997372733	0.9997371441	0.0003023720364	0.0003022416231	0.0003024390335
	0.0003023834228	0.4602276632	0.3704622841	0.3776498876	0.321563282
	0.9997370576	0.9997362237	0.7150057527	0.9997367311	0.9997365603
	0.0003024267733	0.04730956185	0.1754728266	0.02496674682	0.415005723
	0.2253570977	0.2696212878	0.05248030746	0.0003024239478	0.0003123641154
	0.0003242658624	0.0003248702614	0.0003157324136	0.0003164240319	0.0003281942109
	0.0003286600455	0.0003217595697	0.0003229010895	0.0003154235192	0.9997369372
	0.8513997939	0.9636972284	0.6408269208	0.0003283494891	0.0003285047673
	0.6448418555	0.9997370034	0.9997371884	0.009722937167	0.003009688531
	0.3433860928	0.9997371775	0.2146063524	0.9968810955	0.9848151863
	0.9996330647	0.9997372266	0.0003022446072	0.0003023833582	0.0003024216741
	0.0003022851475	0.2586118518	0.2923083609	0.3062467537	0.2215439336
	0.9788460414	0.9997363641	0.9997369917	0.999736682	0.0003024117705
	0.006481176779	0.002650161316	0.0003217315456	0.008662477377	0.008426752487
	0.1225255827	0.0344710486	0.1186823593	0.0003024073208	0.0003273104796
	0.0003213907079	0.0003194017072	0.0003163141276	0.0003193887446	0.0003189611306
	0.0003195209665	0.0003353532408	0.5772532283	0.7576025363	0.9851899994
	0.4615652544	0.323756167	0.0003176769388	0.8198008077	0.5961923478
	0.999737037	0.9997363496	0.9997358927	0.2274784338	0.9997368767
	0.9997371447	0.9997372136	0.999737222	0.006292487437	0.000302044766
	0.3092038687	0.0003023919836	0.0951523033	0.9983544324	0.9958420434
	0.9996469408	0.0003022723751	0.0003023882223	0.0003024086932	0.1967220926
	0.1549023329	0.1215245852	0.9997353963	0.9997359734	0.9997371292
	0.0003023923645	0.004543356063	0.0003491552071	0.0003275961423	0.003411342749
	0.004909719423	0.06066097129	0.002311067272	0.06444525016	0.0003489922092
	0.0003381071455	0.0003231505487	0.0003380197944	0.000323550166	0.0003276542537
	0.2555928508	0.3031793144	0.7836780028	0.535414021	0.9949653737
	0.1335762657	0.1689532204	0.8192910657	0.5590903359	0.9997371392
	0.9997371251	0.9997369069	0.9997365758	0.999736221	0.9997356459
	0.1447406646	0.05974311765	0.000514759755	0.7060282139	0.9997372176
	0.9996986418	0.9997372295	0.000301983887	0.003565490384	0.2906662743
	0.0003023755777	0.02172727199	0.9991123205	0.9983618536	0.0003023371872
	0.0003022272862	0.000302395869	0.0003023921073	0.101867056	0.05968115681
	0.02150523679	0.9830021627	0.9997361865	0.9997372374	0.0003724097088
	0.0003529766686	0.006898656714	0.001454851733	0.003274268079	0.03657138664
	0.0003578168715	0.0003666761121	0.0003472641233	0.01685411859	0.003130009268
	0.04440307321	0.7839128738	0.5770004481	0.9803589602	0.3257118222
	0.9968274205	0.08233539424	0.3225776592	0.9997274279	0.9997372383
	0.9996849903	0.9997350983	0.9997362999	0.04654376774	0.03729166106
	0.009098726363	0.0005600459717	0.6669095873	0.02038969219	0.02430974462
	0.01714723803	0.9981440112	0.01425618662	0.6411238644	0.9987032206
	0.007522481532	0.0003023999956	0.1354841381	0.9997373051	0.9984302208
	0.9997137903	0.0003020009115	0.0003018138609	0.000302359381	0.0003023801695
	0.0003023521752	0.002268729223	0.0003023418694	0.0003022576876	0.0003024001196
	0.0003024198878	0.0004954395724	0.9750520155	0.9997334217	0.9997341118
	0.0003611790558	0.0003722995581	0.001824438946	0.008071790255	0.001265966753
	0.0003719719437	0.0003384605166	0.01495957423	0.03407756227	0.003677375311
	0.7166081244	0.9039307875	0.978556912	0.4078815523	0.9856920338
	0.5233044562	0.2601336917	0.9997232072	0.9997253407	0.9996020351
	0.9994774809	0.9997306035	0.9997283258	0.0003023630466	0.0006272958939
	0.003107745453	0.001492863783	0.0003323735932	0.9380374485	0.001770213267
	0.003667973382	0.9948481587	0.8654151247	0.9963715168	0.0004212526066
	0.0003023936763	0.1613600747	0.9074665429	0.0003024188585	0.5398588653
	0.9997070741	0.9988602614	0.9993567998	0.04748339845	0.0003023461405
	0.0003023373225	0.0003023717513	0.0003023286408	0.0003023450214	0.01376773918
	0.0003023941781	0.0004743120643	0.991159468	0.9997336021	0.9996806317
	0.0003513011933	0.0003447351868	0.0005127767181	0.01156560793	0.0003171481456
	0.01551612466	0.02497739743	0.1199637453	0.004830020598	0.8476118263
	0.9354496726	0.2406157037	0.9830161369	0.5662246713	0.3153161233
	0.999701529	0.9994011648	0.9995741529	0.9994913665	0.9997301511
	0.0003023546206	0.002347582777	0.000798094681	0.001385312005	0.000329689405
	0.9452511984	0.0005577061404	0.9954157342	0.4842431385	0.9158197458
	0.0003023906269	0.0003024087049	0.658964529	0.4238913767	0.8259632994
	0.9090393747	0.5413398435	0.001152798374	0.9992618729	0.9986449648
	0.9975686526	0.09117876292	0.0003023410825	0.0003023688421	0.0003023327066
	0.0003023292042	0.0003023370433	0.0003023847657	0.0003023780101	0.0004531845562
	0.9981943433	0.9989729592	0.0003243946336	0.0008138101597	0.00472909841
	0.0003035394631	0.03150327932	0.0151502762	0.02550955433	0.09534044838
	0.1722073322	0.005885085868	0.01051418681	0.8523932982	0.9713338956
	0.245705383	0.9871291405	0.1901785845	0.0003022950359	0.9963195304
	0.9988027896	0.998038136	0.9988837523	0.9985820615	0.9981692993
	0.9944633304	0.003157749286	0.001707877946	0.0003134837349	0.9984863485
	0.9936690199	0.02867359723	0.3942190705	0.659575492	0.9997367172
	0.0003024032461	0.7300964058	0.3742624034	0.9083317647	0.5154925036
	0.002362495933	0.0003023454666	0.9997370668	0.9876457944	0.9907766853
	0.9959126765	0.9944055831	0.9916206531	0.0003023396522	0.0003023351108
	0.0003023581815	0.0003023887932	0.0003023267187	0.0003023731574	0.0004320570481
	0.9994809831	0.9983392611	0.0003042142237	0.002355231415	0.0017241817
	0.0003025357375	0.1026528797	0.04241826063	0.02522338226	0.1467714067
	0.2107134611	0.007566719802	0.0106347394	0.02176983405	0.7807014312
	0.9723327291	0.9603125504	0.9860598999	0.000302313114	0.0003023400442
	0.9977514992	0.9946212212	0.9946296301	0.9846245445	0.9941933119
	0.004617439925	0.9995388271	0.03876381573	0.5043982707	0.9997369412
	0.0003024045575	0.5943064978	0.3636013002	0.8974128806	0.003942808891
	0.0003023287365	0.9931863774	0.992468504	0.9997371196	0.9943065346
	0.9825556225	0.98380623	0.000302461581	0.0003024374904	0.0003024392265
	0.8519816442	0.9209334044	0.9602662557	0.5161491734	0.0003023367711
	0.3284190263	0.7849777391	0.5824933428	0.7753685867	0.983914424
	0.9865007172	0.9764446671	0.0003023908207	0.0003023282663	0.0003023658489
	0.0003023710357	0.00041092954	0.9992320664	0.9995253838	0.9978771996
	0.0003188953239	0.0003025365826	0.007250776019	0.0003024551266	0.08586504397
	0.1537702896	0.03768321488	0.01162337411	0.02648482748	0.6252800233
	0.8352698667	0.9659205454	0.929272183	0.000302367979	0.9900289784
	0.9574918248	0.9861135695	0.3309942648	0.0003023856905	0.6129452503
	0.9997371544	0.0003024018321	0.4003165861	0.2499696535	0.001657991261
	0.0003023199855	0.0003023416273	0.551531823	0.453779694	0.6765164607
	0.9997371486	0.9997371381	0.9500510833	0.9233535909	0.0003024479136
	0.0003024277141	0.0003024264061	0.0003280936391	0.0003024423374	0.0003024302775
	0.8954575476	0.6401001022	0.7352320878	0.8315256621	0.9162796483
	0.284674218	0.000302334121	0.4455081773	0.106891476	0.2578885345
	0.5894979039	0.01983786142	0.0003933622194	0.0003607279292	0.0003024377825
	0.9439262791	0.1022390383	0.004720542207	0.9807222841	0.06496320298
	0.9641788781	0.963099008	0.9610927704	0.0003023704295	0.000302326414
	0.0003023362702	0.0003023737263	0.0003186838268	0.0003898020319	0.9947581486
	0.9971808152	0.9996160728	0.0004092698742	0.0003024272969	0.01549293305
	0.0003024257148	0.0003024344323	0.1222818425	0.06076540372	0.03591204942
	0.6247190011	0.4382376077	0.8886304685	0.7609518453	0.9120963274
	0.9710090421	0.925538575	0.1094858187	0.01873018999	0.0003023553302
	0.2475010762	0.0003023445154	0.0003023166112	0.08479924593	0.53181588
	0.9996234707	0.9997372121	0.8644225289	0.0003024258422	0.0003024251124
	0.0003024247818	0.0003024277907	0.8289630797	0.8760380514	0.5848333426
	0.6262049006	0.8096687943	0.2017489903	0.4144075999	0.1203667976
	0.4289586291	0.2837159578	0.0003024237506	0.0003024229653	0.0004259965096
	0.0003317897894	0.9933226103	0.1361100774	0.007672310942	0.001819255124
	0.9997372528	0.9829260961	0.05382754168	0.07707613992	0.06013650852
	0.0005891679604	0.0005565336702	0.9977190522	0.0004586307997	0.00052389938
	0.0004912650899	0.1725780486	0.9006626671	0.8745815222	0.9199921597
	0.868809868	0.0003023318571	0.000302321253	0.0003023752041	0.0003531648509
	0.0003686745238	0.9963557808	0.9994414661	0.999598233	0.0004424589228
	0.0003032814806	0.005848366635	0.02745328762	0.0003024224353	0.106779996
	0.0737158495	0.04710568977	0.6412706733	0.4893984741	0.3336831478
	0.7795665154	0.8661464585	0.03228122817	0.04720643196	0.01712070044
	0.0009459117435	0.2556503084	0.0003023482241	0.0003023161232	0.03934752622
	0.6173844781	0.3369673717	0.9997372862	0.9997372721	0.0003024226198
	0.0003024226119	0.0003052796015	0.000302421275	0.5206895483	0.5970929813
	0.950455033	0.6984638683	0.6519319831	0.4476297006	0.7998967093
	0.1120696912	0.2113882194	0.3382437771	0.05111700065	0.0003024214956
	0.000302421782	0.9613572446	0.148201851	0.288408428	0.002092442194
	0.9854559219	0.674281936	0.03612709519	0.0307672919	0.08996447519
	0.0003024166887	0.0003024176479	0.001732519949	0.0003024185702	0.000302420606
	0.000302419717	0.150298909	0.7812501646	0.3766804834	0.6198442533
	0.7835051042	0.7868065754	0.7112610572	0.659770977	0.000302318058
	0.0003023099204	0.0003023819514	0.0003475470157	0.9982100713	0.9683753435
	0.998426934	0.9993693081	0.0004729509135	0.0003054872237	0.004867212557
	0.016351582	0.03100537621	0.1020232989	0.05114692645	0.5458139294
	0.3949169905	0.006502059488	0.0003023396192	0.0003023178128	0.2811427243
	0.1766323128	0.0003023408276	0.001569004137	0.2022435209	0.9997372695
	0.9997057736	0.0003831661042	0.0003301455271	0.0003829207613	0.0004675669478
	0.0006594462911	0.1937499602	0.5425546705	0.9327633107	0.8911357224
	0.6359336786	0.4619302894	0.01685848402	0.03134728492	0.1022736922
	0.009968280629	0.0003024192222	0.2949913248	0.002630302239	0.9745231028
	0.009553676059	0.0214372712	0.1824835835	0.0735451794	0.0003024156385
	0.03775147722	0.0003024167032	0.05921134567	0.0003024184284	0.9918987847
	0.6802569357	0.2074419349	0.2529269566	0.125267981	0.0003023633601
	0.01965223085	0.01238953363	0.5730630581	0.5828600636	0.5620600684
	0.4870008164	0.4032775798	0.0003023086452	0.0003023356338	0.000335551001
	0.0003264195076	0.9956882318	0.9983215802	0.9996641477	0.0009068637764
	0.01858274214	0.004108808738	0.03191531419	0.101814974	0.000302369921
	0.0003023488404	0.0003023281765	0.0003023144583	0.2682235406	0.1704809564
	0.02109805967	0.1574377225	0.9997335836	0.9997025329	0.0006919446509
	0.003457594586	0.0005473803607	0.001153327805	0.005866072239	0.002828386114
	0.09865494219	0.3609901421	0.508663738	0.9748602118	0.7225380752
	0.6575606394	0.4505379666	0.01734842185	0.08563961926	0.007397740406
	0.0004710982393	0.3376564575	0.008279314811	0.05524616124	0.1815038801
	0.0915528307	0.007376887551	0.1192818376	0.000470362698	0.999737326
	0.9997373243	0.9823007232	0.6234934631	0.3325299627	0.02084180693
	0.0003024174438	0.2012269446	0.0003023750222	0.008998955384	0.0270707133
	0.005582666601	0.007572566213	0.0003024164061	0.02107174744	0.4369038854
	0.4158490549	0.3771839562	0.0003023364484	0.0003023486963	0.0003148133054
	0.0003052919996	0.9810335218	0.9988861802	0.9993187273	0.009368434529
	0.0335769427	0.03724185812	0.09918190285	0.0003023413931	0.008537473234
	0.0003023268921	0.0003023456746	0.2599001216	0.1755143189	0.9997038113
	0.06835023414	0.006308907748	0.003492993398	0.01441772682	0.01463930008
	0.2172174099	0.04025855654	0.3880096372	0.9781313808	0.9398844741
	0.6579740529	0.02201744288	0.003985961661	0.3436296782	0.08451339766
	0.2193057186	0.2031737134	0.1981477703	0.1657849656	0.004996219464
	0.212990416	0.005042724801	0.9763291861	0.9997373163	0.4978149387
	0.0003023940863	0.0003024043784	0.2887104746	0.0003023854337	0.006026952383
	0.01742221197	0.05330876114	0.00589528375	0.009010148156	0.0208315669
	0.02967888086	0.0003024013377	0.02284803574	0.3284129276	0.32515515
	0.0003023939008	0.02276507596	0.3589648024	0.3435913707	0.0003023722091
	0.0003023989848	0.0003024115093	0.9965546851	0.9988499372	0.9992944641
	0.02866976007	0.07379611383	0.09439072342	0.1861291541	0.0003023667989
	0.0003023584265	0.0003023654944	0.2868714728	0.9997373817	0.3453249969
	0.03360151368	0.02972917049	0.06633686362	0.03689294799	0.1984961255
	0.2283275067	0.02879426391	0.5029309448	0.894298241	0.7873306594
	0.67522506	0.00497577608	0.004622175676	0.1455960998	0.2789965816
	0.4027797921	0.3607747461	0.212140734	0.01180578267	0.3075965766
	0.6577632064	0.9979893258	0.9997373639	0.4137004065	0.000302382436
	0.0003023866508	0.3894218481	0.009184223166	0.06746415319	0.00769694967
	0.01381160521	0.02005512159	0.5043705704	0.0003023776388	0.0003023813065
	0.6362494788	0.3504467433	0.2651961862	0.0003023865105	0.0003024120298
	0.03880734224	0.01744660199	0.4980016113	0.5985061136	0.0003023887502
	0.01439106228	0.06723816342	0.3611773462	0.0003023917761	0.0003024096962
	0.9814943696	0.9922998979	0.9997374853	0.9997374226	0.1811153595
	0.2210783093	0.2486983738	0.0003023723439	0.0003023793988	0.3549408731
	0.6466038853	0.3610357204	0.4241976309	0.2018770249	0.3325242462
	0.3950656757	0.05222418826	0.08523344488	0.2606386972	0.4318396975
	0.963076876	0.7686995422	0.6473013009	0.01183628731	0.009653958493
	0.009360362606	0.1960898574	0.3388708487	0.5034741385	0.5491363702
	0.4358190281	0.3026567728	0.4329148943	0.9997373127	0.9997373174
	0.0003023830085	0.0003023732814	0.5050857474	0.1014898411	0.0183288841
	0.02466318245	0.05320048121	0.9897675015	0.0003023672328	0.725316679
	0.3298775605	0.0003023746381	0.08027871347	0.04974076166	0.02281385897
	0.01248234163	0.8182347822	0.7748303232	0.04110045147	0.0003023766418
	0.09401808989	0.05076386341	0.08730750886	0.01937216354	0.0003025408646
	0.2990935881	0.4388998883	0.0003023943215	0.0003024064724	0.9830116238
	0.999235458	0.9987370535	0.9997373888	0.3523914031	0.3587557712
	0.0003023801574	0.453815737	0.8173289598	0.7515762922	0.6397948632
	0.3699278439	0.5328217598	0.685093053	0.05924740384	0.2272906978
	0.2495145833	0.5693340801	0.9554173309	0.9096804174	0.0197066406
	0.01867647627	0.2370500181	0.3708005348	0.4317788224	0.5660672255
	0.6513896007	0.5132030963	0.9997373274	0.9997373284	0.9997373297
	0.0003023595663	0.6257594211	0.1293816862	0.02847076763	0.02893202827
	0.03161643903	0.9997373051	0.0003023569924	0.651958997	0.3938273241
	0.1839620844	0.06576512641	0.1352929382	0.03931137668	0.9849584476
	0.8660079087	0.9703790266	0.8259335981	0.1788028063	0.0003023689167
	0.3311340766	0.4442242392	0.4739544819	0.05946007393	0.0003025361558
	0.0003027049109	0.0003026775069	0.6581107095	0.5883235967	0.639782087
	0.8858833506	0.9972250053	0.2762064852	0.8897409047	0.5296365093
	0.0003023855369	0.0003023996619	0.9872106378	0.999315304	0.9996772897
	0.9987937543	0.5443039374	0.5677270631	0.6540946513	0.8405465013
	0.9623669598	0.8188929722	0.8436122275	0.684230043	0.8258135093
	0.02956658508	0.03862985047	0.1537546171	0.3296546897	0.6337265486
	0.7127907494	0.05299012035	0.04303065119	0.3279773491	0.5004314217
	0.7584860656	0.7622341004	0.9997373048	0.9997373348	0.0003023728369
	0.2937901909	0.2617676711	0.03618588956	0.01921566604	0.9780973659
	0.0003023662188	0.0003023747183	0.678186149	0.5636476339	0.06898083166
	0.0934459345	0.1945388879	0.99751439	0.9919625027	0.9332887546
	0.9960296247	0.09989144852	0.1945641709	0.3965362809	0.5339155362
	0.000303078736	0.000302852995	0.0003025464952	0.0003031122456	0.6505524335
	0.7557949038	0.9529817747	0.9997372069	0.9985428835	0.2994391205
	0.9631235554	0.8473367692	0.01578453295	0.4859659643	0.3871624847
	0.08499398537	0.6857086949	0.0003023788745	0.000302381598	0.825696883
	0.9997329681	0.9997373985	0.894123855	0.7853743711	0.7954304348
	0.9814598553	0.9861867029	0.9881628085	0.9455718888	0.9173187057
	0.01402043319	0.01413737099	0.02236138375	0.4168828903	0.6701076432
	0.04617314201	0.4977461711	0.6522085519	0.9218076372	0.9405319277
	0.9997373396	0.0003023712295	0.31711784	0.01440663929	0.009258100379
	0.9794758494	0.0003024777491	0.935355702	0.9997372371	0.09808955308
	0.1103453289	0.1636955576	0.9987009699	0.9962844324	0.9980242765
	0.9984274796	0.9968909598	0.0003326685287	0.0991726434	0.2013086915
	0.3974672415	0.5856248263	0.0003035701177	0.0003027837496	0.0003034771315
	0.0003036163708	0.6906784481	0.784353478	0.9997371728	0.9997372214
	0.3002644278	0.8937593789	0.9997370916	0.5016793805	0.5216644796
	0.1577429695	0.2298985475	0.9997372852	0.95442433	0.9610163205
	0.3007937357	0.06580744023	0.5767563527	0.9997370549	0.7991298768
	0.8522420821	0.0003024306556	0.0003024350573	0.0003024631189	0.8260830811
	0.999636651	0.9997273191	0.9996366936	0.8825784679	0.9991885855
	0.9922096845	0.9991890029	0.9950729801	0.9772136056	0.007621431091
	0.01258940149	0.2854982926	0.5130672736	0.7378442604	0.02416948536
	0.7010339537	0.999513319	0.0003024907741	0.4631062262	0.00879673157
	0.002767168643	0.0003026520005	0.0003028407466	0.9997373107	0.9997372817
	0.2628467755	0.9990831732	0.9996608573	0.9997370747	0.0008250217481
	0.1033667916	0.2017005394	0.4013061514	0.6070761038	0.0003052159706
	0.0003033130463	0.00030510988	0.0003061105085	0.0003042979924	0.7078037254
	0.8144978382	0.9997370524	0.9997370839	0.999737208	0.3030525121
	0.9056391761	0.999736878	0.5004714541	0.09519988974	0.2614504649
	0.3841177569	0.9997339588	0.9721236847	0.411371783	0.03581394622
	0.7014383862	0.7281322936	0.9997370767	0.9997370849	0.9996958786
	0.9997370925	0.000302591686	0.7614482643	0.9997370674	0.9841704238
	0.9997369428	0.835033036	0.8703786145	0.9222476284	0.0003027057551
	0.0003026233308	0.0003027054894	0.9865562394	0.9996815625	0.9983511229
	0.9994312444	0.9983647446	0.9995298186	0.9966543371	0.995560351
	0.002011399475	0.03709147566	0.2962059194	0.3869786906	0.6494584565
	0.01578280684	0.9996285789	0.0003027739716	0.5740129175	0.01038029375
	0.0003030627036	0.0003033476183	0.9997364553	0.9997372352	0.4737448092
	0.9997371003	0.9997371199	0.0003087462846	0.01260272801	0.1060918936
	0.2063000016	0.4074420345	0.5975364746	0.686707705	0.0003096935855
	0.0003044216564	0.0003119887805	0.000306904044	0.8519737195	0.9997331907
	0.9997367948	0.99973683	0.2956038028	0.9732333419	0.5079637411
	0.1138825176	0.02487612484	0.3702539164	0.5213969333	0.9996878981
	0.9768098259	0.846118471	0.8850562492	0.7302553113	0.9997371076
	0.9997371048	0.9997371194	0.0003029676872	0.7889129182	0.9846821571
	0.9959023539	0.9994736333	0.9994367453	0.9997370605	0.04771605019
	0.3502472444	0.999737124	0.006307708445	0.9467821693	0.9539155707
	0.0003033652758	0.0003031235929	0.0003031494653	0.9339916083	0.9954594063
	0.9911465208	0.9997332025	0.9994931005	0.9987005435	0.01080811084
	0.1641031942	0.350333264	0.02040232965	0.9997355352	0.0003033498236
	0.6553802473	0.0003043501043	0.999640485	0.9997371352	0.999737143
	0.9997371317	0.0006281056068	0.0003155820182	0.09772483661	0.1868012493
	0.2886551521	0.49497975	0.4079541982	0.5982454061	0.6953527858
	0.000323748895	0.0003074326741	0.0003238607631	0.0003130989182	0.8936326897
	0.9996186434	0.9995308101	0.9983491999	0.3742122518	0.2393665161
	0.02979905973	0.5420417027	0.6249224024	0.9523044474	0.9765551743
	0.9040436467	0.7629215948	0.8437347468	0.9997371371	0.9997371482
	0.8001089358	0.994465516	0.9972219327	0.989981428	0.9993135676
	0.9991397728	0.9954385984	0.9994521837	0.9997371541	0.2872030509
	0.03302501282	0.0003304109583	0.7705914862	0.9499536462	0.5763084893
	0.0003006106345	0.08699318995	0.518817465	0.1638924964	0.9540206641
	0.0003044785661	0.0003047246311	0.0003048969977	0.0003043618446	0.5281691165
	0.9864873683	0.9951405461	0.9811996423	0.9997081317	0.9997371917
	0.999446045	0.9988739599	0.1749208723	0.02328669807	0.05425036418
	0.9997213945	0.9997084543	0.7700721817	0.0003085347677	0.9997371562
	0.9997371627	0.000327368995	0.09294817039	0.2019873821	0.3143082422
	0.3906331151	0.4941144765	0.5957483881	0.6964236294	0.0003425063687
	0.0003464730624	0.000317215408	0.0003303056719	0.8959778833	0.9902176797
	0.8596519926	0.9497040351	0.6660848725	0.4957233784	0.3161719344
	0.72942294	0.8502606487	0.9872264138	0.8674226563	0.9335557295
	0.9997371738	0.9997371741	0.7970328696	0.9921898106	0.9970740744
	0.9238878449	0.9135967881	0.6850014225	0.4763300236	0.5996420177
	0.4872709979	0.2885580088	0.5575857067	0.0003462051363	0.3422492947
	0.999164865	0.4885381778	0.0003001890462	0.0002999201643	0.0003004674488
	0.0003009534207	0.0003005249995	0.0003012686463	0.0002995950029	0.0002997266607
	0.0002989635103	0.05237220925	0.0002983359279	0.2415168204	0.1093196261
	0.901535794	0.1091170113	0.7544412061	0.9997370811	0.5963783112
	0.000298222629	0.9997082278	0.0003223592063	0.9763523319	0.0003080778599
	0.0003091888271	0.0003119324507	0.0003113751109	0.3416005942	0.9889319881
	0.6988296081	0.9121500056	0.8744522668	0.9993836397	0.9995400663
	0.9997359514	0.9982380021	0.4636088223	0.3642726451	0.9997269658
	0.9997330016	0.9996828738	0.8917694452	0.9064211492	0.9997371996
	0.0003483632808	0.1826358402	0.3250513654	0.4323260348	0.5405798958
	0.7028946674	0.0003519617738	0.0003584024205	0.0003660937762	0.000360789316
	0.0003393040647	0.9987402864	0.9000773607	0.7252763137	0.8985625049
	0.8919023945	0.5743265072	0.7938343886	0.9821652867	0.9481410004
	0.9997372056	0.806952086	0.9924717762	0.9951464125	0.8435827245
	0.3735095427	0.2440067521	0.5040766416	0.6312874526	0.5974152178
	0.8392367036	0.4844670589	0.1161447333	0.000299364036	0.0002995878839
	0.0003001542773	0.0003008066377	0.0003013688183	0.000301554636	0.0003010825932
	0.0003017450223	0.0002987681356	0.0002975332149	0.05826448097	0.9483986237
	0.9908764712	0.1392199173	0.801281818	0.9997372057	0.9997277734
	0.6423890688	0.69216327	0.0002981566162	0.0002976135886	0.9996921695
	0.9997215732	0.9997141246	0.000328400401	0.0003427518488	0.0003487616544
	0.4994800428	0.9997184705	0.0002989708958	0.0003017271194	0.9997125496
	0.0003012661761	0.0002976150495	0.0003017187565	0.4307965078	0.0003016455577
	0.9929531127	0.9587272827	0.0003240585867	0.0003301847218	0.0003329341258
	0.6878091058	0.9842119172	0.9127207368	0.8319222438	0.7651979165
	0.9980893438	0.9992931478	0.9997372593	0.9957674111	0.7566361391
	0.6766360781	0.9997053611	0.9997104303	0.9986636644	0.918956527
	0.9237379535	0.9997337811	0.0003699968825	0.3034359732	0.2018745683
	0.08868113172	0.5430513058	0.6503928949	0.7974415697	0.0003636397029
	0.0003712805283	0.0003742640053	0.0003763367574	0.0003808135631	0.9988186263
	0.8947486449	0.9001065462	0.6947446563	0.7958878444	0.9855516065
	0.9670564886	0.9905010464	0.524041762	0.4102039425	0.2996766637
	0.1991016368	0.5882051004	0.9189059595	0.8976161272	0.2460772595
	0.000301325988	0.0002991779827	0.000299829833	0.0003003361553	0.0003010715741
	0.0003020859634	0.0003021501251	0.0003021887289	0.08694872628	0.9625531696
	0.9761232184	0.9948868685	0.9996958029	0.7599810799	0.0003002478038
	0.0003009345054	0.0003010352374	0.9996741235	0.9996949926	0.9996946238
	0.9996989836	0.9996825711	0.0003510170936	0.0003606267953	0.503369054
	0.9997130192	0.0003010640243	0.0003020896302	0.9996855572	0.0126686548
	0.0003016098387	0.0003019821178	0.2719893269	0.1728477755	0.0003020589917
	0.0003022676287	0.9949505857	0.9949120089	0.9996881676	0.0003830170246
	0.987913187	0.9573792929	0.0003543408924	0.0003551507888	0.0003525576472
	0.9985693017	0.8898356093	0.8506531986	0.9973234313	0.9929754254
	0.994369108	0.9992925406	0.9917707712	0.947382848	0.9964871025
	0.9996523042	0.999666923	0.9995883451	0.99600259	0.9978593592
	0.9543334607	0.9993501557	0.006014986536	0.0352743373	0.06192285744
	0.4019877009	0.5994755399	0.8800174103	0.9152378674	0.0003769493349
	0.0003741048942	0.0003792624975	0.0003807331256	0.9990477556	0.8845084097
	0.9320574846	0.781368051	0.7030019294	0.6014568901	0.9854956206
	0.9873528337	0.5959677843	0.3343604304	0.4064575115	0.2251392814
	0.114518981	0.9594653987	0.9395714521	0.2595194585	0.0003011785762
	0.0003018364052	0.0003025646268	0.0003020872285	0.0003020516201	0.0003021410527
	0.981024518	0.9978020533	0.9976613992	0.6827891163	0.0003026973509
	0.0003026552103	0.0003033365989	0.001233283126	0.9996032371	0.999662459
	0.9996654683	0.8297336905	0.0003705393135	0.4897459557	0.0003023348011
	0.0003026488199	0.000302015827	0.9996086418	0.0003015607188	0.000301874881
	0.000302188442	0.04007722021	0.1717731023	0.0003631967688	0.0003020378815
	0.0003028679269	0.0003030862117	0.9968454605	0.9968505202	0.9995063998
	0.0003812550287	0.0003790556696	0.8679265495	0.9942215745	0.997053893
	0.9995904746	0.4634411785	0.000303141805	0.0003018901927	0.0003703040842
	0.0003753173434	0.9956849714	0.0003027140647	0.9929962208	0.0003680497753
	0.0003662770032	0.9990942089	0.9983717375	0.980912847	0.9186103457
	0.9928983184	0.9907672174	0.9898359048	0.9966015797	0.9932622203
	0.9956062055	0.9969425223	0.9996955539	0.9996885653	0.9994693651
	0.9993969794	0.9986347966	0.9933718521	0.718822114	0.00037471712
	0.0003658118352	0.4447554389	0.2907238709	0.7667162693	0.9907629981
	0.0003753600504	0.000377577869	0.0003732595313	0.0003776892965	0.8968008896
	0.8252910609	0.6556086528	0.7121081318	0.5361388084	0.9944078036
	0.7343256939	0.3002411778	0.3980060386	0.1128273928	0.2015233473
	0.9669344107	0.222349839	0.0003032296389	0.0003035694286	0.0003019840856
	0.0003020386472	0.0003019484916	0.9980102638	0.9997185919	0.998462492
	0.5217694434	0.0003043079695	0.0003046031582	0.0003040208779	0.0135018495
	0.0003048869674	0.9991070188	0.9989158358	0.9994375753	0.9995783039
	0.7235965395	0.0003037174838	0.0003018911928	0.0003018956478	0.000302194134
	0.008351519591	0.0003473595468	0.0003573971824	0.1461157174	0.0003020237884
	0.0003037161765	0.0003035142233	0.998918028	0.9987584172	0.9981864545
	0.0003775820421	0.000373311576	0.0003758998944	0.7677762662	0.8458666332
	0.9271580097	0.9994168589	0.4863801176	0.0003040125181	0.0003021856933
	0.0003709496059	0.0003760156866	0.7556359808	0.6001112646	0.00030247042
	0.0003031836373	0.99781645	0.0003026730872	0.9979256948	0.9982433509
	0.0003693648892	0.0003674712183	0.9996626217	0.9988839764	0.9634267279
	0.9893868525	0.987926523	0.9631569392	0.9836590918	0.9942614507
	0.9903525968	0.9932354478	0.9975998532	0.9977995141	0.9997198076
	0.9997032652	0.9997212952	0.9973651892	0.6920970557	0.8672190243
	0.5745782525	0.0003648542335	0.0003567563401	0.311185752	0.9681026419
	0.6598025857	0.000372271742	0.0003724927114	0.0003743183574	0.0003734159963
	0.0003721546864	0.7768724293	0.5747311823	0.6587202027	0.4296290839
	0.6733920197	0.2845121393	0.124465078	0.4499586797	0.2178993866
	0.0003043601334	0.0003043262153	0.000301844322	0.0003019573407	0.0003017911859
	0.9997338981	0.9996935817	0.9993376982	0.4414020081	0.000305022119
	0.0003052167817	0.0003056214917	0.0003045470166	0.01093299159	0.9924665291
	0.9933916278	0.9984959864	0.9122931307	0.9972683379	0.6580658163
	0.0003017359207	0.000301741836	0.0003021507126	0.0003021853296	0.01561429481
	0.0003329275081	0.0003508709962	0.0003390615793	0.1695449988	0.0003043071735
	0.0003038511561	0.99894279	0.9910168041	0.0003727196554	0.0003657120867
	0.0003731540703	0.7100609736	0.8060913975	0.0003047019879	0.3150450013
	0.3409361653	0.4529214492	0.0003020571643	0.0003019045927	0.00030130797
	0.0003013620618	0.9929501693	0.9870650202	0.6299996237	0.8924338427
	0.000301540948	0.1911693692	0.04719794281	0.9997157903	0.0003011270234
	0.0003015553997	0.5367175005	0.0003057658228	0.765929233	0.7444656952
	0.03201227151	0.0003045822875	0.9997364162	0.1310859612	0.1895391352
	0.9945721821	0.998809852	0.0003703842199	0.0003683407594	0.7814091729
	0.4440175179	0.5289309269	0.5463710273	0.9366330465	0.9903686516
	0.9531294356	0.9954988942	0.9985248524	0.9997279316	0.9997368194
	0.9997160308	0.9637329377	0.2989438454	0.5633176924	0.5664164224
	0.4484649355	0.5433200757	0.0003484718844	0.0003417518599	0.3319050697
	0.7788738193	0.9671409056	0.5613660209	0.0003697892116	0.0003709623435
	0.000370310064	0.0003700532214	0.4335401232	0.3102440746	0.1869203721
	0.2691814482	0.2045159567	0.0009283388778	0.0006266693456	0.0003054054163
	0.0003053172551	0.0003050955671	0.0003015780865	0.0003016460556	0.0003019170022
	0.0003015302477	0.999612725	0.9996005158	0.9992718218	0.000306090868
	0.0004754159457	0.1164199843	0.1264830342	0.9291334435	0.9885384964
	0.9931651345	0.8930365729	0.0003014817358	0.0003020717976	0.0003301794748
	0.0003231676549	0.1579398084	0.0003247166179	0.000326625522	0.0003016954668
	0.0003652463279	0.0003577951047	0.0003540667395	0.7077586291	0.6068993679
	0.7975439706	0.3452107506	0.0003011481801	0.0003012540244	0.0003010796054
	0.9632007608	0.9212168204	0.362690913	0.02473715342	0.02253583777
	0.9997355344	0.0003009369993	0.0003009823297	0.0003013297367	0.6943226688
	0.0006602667202	0.9851389349	0.3524316762	0.02766338713	0.0003050113088
	0.0003019797559	0.9997048686	0.9997228751	0.1458745032	0.2577173853
	0.06208186514	0.2256781488	0.8770326662	0.9959727558	0.8166676309
	0.0003414205259	0.4366271043	0.0003434192221	0.9989087984	0.0003854590392
	0.0003843975893	0.6710979113	0.4336117509	0.2874247683	0.5603837476
	0.1052711254	0.8818826983	0.92294587	0.994064907	0.9972540314
	0.9997234316	0.9997243059	0.9997231123	0.9995029348	0.9995366924
	0.1873049163	0.2959864224	0.3285270722	0.5066437301	0.0003259197271
	0.0003258083897	0.5232821935	0.3228692137	0.7770969892	0.0003815053333
	0.0003804061367	0.0003689038597	0.5734619863	0.001325980953	0.00111863696
	0.001546024838	0.4398537215	0.2782554162	0.000900164311	0.0004761077551
	0.0007018693756	0.0003057215102	0.0003063077843	0.000301224749	0.0003011335729
	0.0003017198556	0.000301409783	0.000301895732	0.000301113225	0.9993153165
	0.0003069167989	0.0003074084547	0.1260611581	0.2615454958	0.8386395515
	0.9125503329	0.8989697637	0.8239821121	0.0003018135135	0.0003182487465
	0.1117631757	0.0003204836865	0.0003014239373	0.0003500834192	0.0003352639015
	0.6171302298	0.7269452845	0.0003009353397	0.0003008937395	0.0003010384182
	0.7980107958	0.01758185992	0.01995779354	0.02125276412	0.01604816473
	0.0003007877857	0.0003008298876	0.0003011858808	0.9460131277	0.1023829691
	0.1324486806	0.02331154358	0.0003020753834	0.999164198	0.9996041353
	0.1235675406	0.2258843998	0.01832007635	0.7500576764	0.9448494783
	0.8409430929	0.4020116004	0.0003209415969	0.0003240514922	0.5685658686
	0.0003018699894	0.0003981093524	0.6392641589	0.0003012078077	0.997580598
	0.0004230968568	0.0004100945623	0.6331951016	0.51867535	0.4031838561
	0.1699220634	0.2963624868	0.0106450869	0.7855817232	0.8782993124
	0.9954332168	0.9985047653	0.9988136872	0.999411992	0.9965314199
	0.9946760681	0.02466279491	0.05961989908	0.322444878	0.4358568351
	0.5379162964	0.0003181664138	0.0003189063463	0.5336177388	0.7478429735
	0.2807388653	0.0003562706072	0.0003526668727	0.7449157805	0.0007702553088
	0.0003757922682	0.0003018149842	0.0009086861786	0.4306443668	0.0003009590991
	0.0003010263103	0.0003011796138	0.0003048412543	0.0003029922396	0.0003003797027
	0.0002987668547	0.0003002504249	0.0003009412238	0.0003015955562	0.0003007906052
	0.0003045050206	0.0003048655102	0.06962326499	0.2413720871	0.3774816382
	0.785136424	0.7385209258	0.7097352146	0.0003010080546	0.003318536971
	0.08844075335	0.0003015919499	0.0003013971157	0.0003250799494	0.0003007225829
	0.0003008427398	0.0003010263387	0.01526692775	0.01403779738	0.01323852488
	0.01266648346	0.01759418791	0.02002339819	0.0003006450328	0.9757242304
	0.1656193059	0.01811254544	0.9940592131	0.05447316993	0.2467016239
	0.1650629336	0.7948118383	0.6971375342	0.8954976841	0.0003116913877
	0.0003132155368	0.0003150412369	0.6480154767	0.0003008592025	0.000393670739
	0.5784659006	0.5277623866	0.0003010302115	0.0003011973528	0.0003009547582
	0.7154094011	0.0003013833291	0.0003013995027	0.8365247962	0.001721670019
	0.0002974823857	0.0003019538022	0.9602339376	0.9942704551	0.0004224383772
	0.0005089156979	0.5969070913	0.4807015793	0.3822495991	0.1068995736
	0.2097048911	0.2934022771	0.7196184703	0.6807560502	0.992253765
	0.9913511724	0.9922356045	0.01874845863	0.01662827221	0.3600877646
	0.4383317513	0.0128689233	0.7841887883	0.5179568503	0.5551957298
	0.0003261389147	0.0003251749316	0.9208606066	0.0003013995973	0.0002996447351
	0.0002995150057	0.5491242544	0.0002988355072	0.0002980302891	0.0002996592678
	0.0002985710643	0.000301819488	0.0002977569565	0.0002990642464	0.0002983199674
	0.0002974878119	0.0002992225422	0.0002975082019	0.0003002656537	0.000299628606
	0.0003021364758	0.102449496	0.2298993105	0.3852796378	0.5769350653
	0.4918493228	0.497287466	0.0003016141938	0.0003140151255	0.0002999086735
	0.0003008437812	0.0003006582265	0.01157633727	0.01289532623	0.01618590067
	0.009605371268	0.01159856036	0.01331276461	0.03429272044	0.05230072964
	0.01414054702	0.01006440555	0.06750298718	0.1496444209	0.2500961947
	0.8184287256	0.0003060080972	0.2257029582	0.0003071168043	0.7687503757
	0.4434575206	0.000301005899	0.0003008432491	0.0003013050436	0.0003011122769
	0.6478818251	0.0002995020189	0.0003015133032	0.7332642117	0.000300110832
	0.04547295383	0.0002966751715	0.000293728195	0.000299998743	0.3040753711
	0.0002897391712	0.6551093103	0.677252074	0.0006128183528	0.0003204498059
	0.001276972254	0.523278522	0.3918445344	0.1903829291	0.1006170865
	0.2679457947	0.5306654811	0.4949475748	0.8265479445	0.9219343964
	0.01135211134	0.01238352914	0.3010453102	0.4601624816	0.9834628524
	0.9997412254	0.9997405714	0.9759670655	0.0003159884108	0.0003165357374
	0.0002965074314	0.0002905778113	0.0002900262742	0.0002886617508	0.768054709
	0.5737783399	0.0002877577302	0.0002908446836	0.0003018533614	0.0002969139708
	0.0002979543178	0.0002929261227	0.0002927494931	0.0002889284635	0.0002989447608
	0.1512519133	0.4797884119	0.3385271329	0.7431044855	0.000301676186
	0.0003082212097	0.0003058371377	0.0002999694365	0.0002993724312	0.000300652897
	0.009658239156	0.008205611921	0.03621509164	0.008328435103	0.01526084529
	0.06260244839	0.0595673149	0.007653431728	0.004862922024	0.035661654
	0.1547238997	0.6617611115	0.6131292387	0.0003046439302	0.0003043723987
	0.2021836558	0.0003008205507	0.0003008915726	0.0003005639368	0.0003014424528
	0.0003012053234	0.0003009662162	0.4859510727	0.0002929544391	0.0002967617159
	0.0002926871308	0.0002893594272	0.3265675562	0.0002833041791	0.007100987671
	0.3231866288	0.4440149435	0.000309561632	0.0006409401642	0.0003101568828
	0.0005793112807	0.4830917221	0.3292129673	0.1592733244	0.02282548966
	0.3339318952	0.2493927895	0.3331790288	0.005501241947	0.007309292449
	0.008061844872	0.1600247136	0.4935700553	0.3093822208	0.9997391863
	0.9997385658	0.999631086	0.9909322513	0.0003098257973	0.0002828702713
	0.000279873909	0.0002804885707	0.7158104805	0.0002833126697	0.0002810113916
	0.01058909088	0.0002954543662	0.0002966002127	0.0002982691645	0.0002870426905
	0.2060671621	0.4845063589	0.1835422851	0.6755973901	0.0003015834469
	0.0003041622101	0.0003051210622	0.0003036756824	0.0002995795389	0.0002988050922
	0.006989771691	0.005341206181	0.02764166093	0.0340052421	0.04804003759
	0.01712307536	0.006135977867	0.02404753475	0.0005614710842	0.002602157638
	0.01206721206	0.2145002915	0.0003028734986	0.0003030034113	0.01156279212
	0.1318073578	0.0003005585137	0.0003006744045	0.0002994454236	0.0003012911224
	0.0003009676349	0.00027739272	0.0002879840312	0.0002848660352	0.000275214396
	0.0002771595375	0.003268437337	0.0003007680606	0.7031364123	0.0003028523358
	0.9716027381	0.01598594567	0.0003041950383	0.0003048322721	0.0003057159854
	0.0003048699935	0.0003046922623	0.0003030825963	0.0003025348391	0.001717620143
	0.1208480058	0.0002638414312	0.181731094	0.1528548883	0.0004329138805
	0.003698897011	0.03524586354	0.4349135553	0.2027561944	0.9997360073
	0.9994754737	0.9992116971	0.0002694898652	0.0002684184391	0.6964643098
	0.0002767894472	0.0002816890344	0.0002694392582	0.0003017899153	0.0002892701798
	0.0002907818501	0.0002966075208	0.1749679671	0.3684346502	0.0003016005731
	0.0003013984351	0.0003027864401	0.0003027244397	0.0002973899316	0.004097062454
	0.002232013357	0.03917074729	0.01268708528	0.01871012284	0.01145797857
	0.02998192767	0.005024811814	0.000302187483	0.006478387389	0.002601519004
	0.0003026654594	0.0225761671	0.0002990173371	0.0002978579597	0.000299867094
	0.0002970851459	0.0003010917173	0.0002842214436	0.0002639263709	0.0005846787608
	0.0002971573549	0.002983146222	0.5952980173	0.0003026586283	0.704358471
	0.9991576261	0.4708468069	0.001739595594	0.0003026642175	0.0003028346945
	0.0003027497261	0.0003027742441	0.0003027728857	0.0003025915458	0.0003026646287
	0.0003025718294	0.0003022475799	0.0009614656103	0.001828603176	0.000246523482
	0.0002371465548	0.1111947367	0.002428288552	0.000301900654	0.0009962502927
	0.3190608114	0.9997287403	0.9994553974	0.0002506497011	0.7431103464
	0.5686023907	0.0002791993083	0.0002630375787	0.0002500251835	0.1492802016
	0.0002882720916	0.4628544529	0.3139453845	0.1483997849	0.0003025270089
	0.0003025187008	0.0003025216602	0.0002908076064	0.002303454289	0.001079010157
	0.000302036005	0.0147792353	0.007982633775	0.008741457862	0.02058802227
	0.01139951048	0.003520494091	0.0003113771919	0.0002919761774	0.0002924828964
	0.1353832954	0.0002824363669	0.0004157643269	0.01757849958	0.1141530741
	0.6766622198	0.3414777957	0.9736780223	0.05098152769	0.0003016578176
	0.005950400891	0.0003017689831	0.0004633456544	0.0002544471988	0.0003024394478
	0.00030242952	0.0003024936395	0.0003023458127	0.000302499528	0.0003025845053
	0.0003024779996	0.0003022883705	0.0003022206123	0.0009550531238	0.0002186650201
	0.0002239556228	0.0002139010294	0.001616952423	0.0003017547522	0.0007908639727
	0.0004313258953	0.9921430615	0.9950652853	0.7672232651	0.0002678609926
	0.000246861946	0.0002301286392	0.3599970242	0.0002841899044	0.5854860626
	0.2978774992	0.0003023432019	0.0003022721924	0.0003023801374	0.0003016085181
	0.0009003992798	0.006485224993	0.003754514083	0.007581267628	0.004541613234
	0.0002812260952	0.0002872083865	0.2023416189	0.3262421719	0.0003013702735
	0.000312564093	0.2093514284	0.0005614091079	0.6861150617	0.9997372248
	0.4964324851	0.2645306483	0.001068925043	0.0003014442819	0.9854876983
	0.0004675555099	0.9997372944	0.0002744078445	0.0002489865575	0.0002582890899
	0.0002320969543	0.000302145857	0.0003022116641	0.0003021657012	0.0003023281355
	0.0003024687433	0.0003066499047	0.0003033600984	0.0003023232942	0.0003022149286
	0.0002215924349	0.000219427219	0.0002246036674	0.0002217341147	0.0002220998408
	0.001146180996	0.0009092728722	0.0003012484817	0.0004998545842	0.0004267362661
	0.9997371669	0.9997370283	0.7531016612	0.0002566162919	0.0002304369649
	0.5119159131	0.0003021570811	0.0003022346431	0.0004421237875	0.003140139523
	0.001730300268	0.0003233413212	0.0005432819156	0.4303201432	0.511239396
	0.0003007658175	0.05812589123	0.9768327694	0.7030242116	0.4252120099
	0.0009600327173	0.0003413942006	0.0003842068673	0.9997372204	0.997864606
	0.9997373342	0.0005715513636	0.000224848381	0.9997372591	0.0002263397235
	0.0002276756612	0.0002661446253	0.0002544364986	0.0002370254655	0.0003020673155
	0.0003021011195	0.0003021717923	0.0003021026395	0.0003024205499	0.0003022677452
	0.000302507039	0.0003208231365	0.0003299396781	0.0003024448895	0.0003023284272
	0.000379149124	0.0002365050129	0.0002418746055	0.0002281018679	0.0002283176823
	0.0002289322845	0.0002335794331	0.0009065888192	0.0004692559718	0.0003007559781
	0.0003005344582	0.0003022411388	0.999737144	0.9997371813	0.7355074142
	0.0005086170688	0.0003021048946	0.000302177472	0.0006946155136	0.0009661769572
	0.000751034036	0.0009033956023	0.7075195217	0.3343548438	0.002732037556
	0.7349252267	0.4968236242	0.1718956101	0.2950511715	0.0004720832456
	0.0003010216578	0.001235076424	0.8367633306	0.9997374211	0.9997374139
	0.0003346260359	0.0002999832155	0.000245153052	0.9997373785	0.000249844546
	0.0002303966851	0.0002524404637	0.000252657555	0.001110371096	0.0002458396548
	0.0002498911614	0.0003021285092	0.9997374574	0.02118283094	0.000276332596
	0.000302292899	0.0003240655332	0.0002679872491	0.0002624628578	0.0002704634348
	0.0003020110452	0.0003020351143	0.0003020453957	0.0003020796567	0.0003021343965
	0.0003020719078	0.0003023986488	0.0003045566537	0.0003022139937	0.0004583288066
	0.0003247032305	0.0004360653455	0.0003856769328	0.0003076065043	0.0005068965722
	0.000564400024	0.0002649284712	0.0002623016145	0.0002680364329	0.0002600980745
	0.0004139584287	0.0002601435295	0.0006978781066	0.0005622083464	0.0003004403776
	0.0003022049183	0.9997373527	0.9997373522	0.0006059048717	0.0003021018984
	0.000302164954	0.0006358690926	0.01701203749	0.001052709994	0.6124725369
	0.2727968832	0.01633784764	0.6735943296	0.5284431459	0.3715564893
	0.1272431573	0.2356102365	0.0003016665031	0.0003007352775	0.87660272
	0.7128419986	0.9997374413	0.0002998857961	0.000273222879	0.0002773129816
	0.9997374187	0.0002776419887	0.1256869665	0.0002699002395	0.0002715217276
	0.0008726966095	0.0003021599581	0.9997374852	0.1475759488	0.1065031763
	0.0453690988	0.0002837108335	0.0003023548805	0.0003022987242	0.0003021941705
	0.0003020500187	0.0002714919181	0.0003571707451	0.000302088069	0.00027675962
	0.0002776043444	0.0002749783177	0.0003020251381	0.0003019969849	0.0003019624107
	0.0003020298515	0.0003020845513	0.0003020162696	0.0003020024073	0.0003023592299
	0.0003024544621	0.0003030971784	0.0003021286635	0.03151105608	0.0005092061606
	0.1222862401	0.0175948009	0.0004623246414	0.000745873069	0.0007468607187
	0.0002802141973	0.0002820466721	0.0002769945549	0.0002824851691	0.0002774453642
	0.2619513903	0.0003345614412	0.0003161598828	0.0002999592246	0.0003004258346
	0.0003022662731	0.8302636015	0.3748823172	0.001801403842	0.0003022205037
	0.4831937027	0.3605024186	0.3352124893	0.5128021193	0.2911627186
	0.5484681042	0.4001011769	0.2628167906	0.1328144033	0.0580057083
	0.7824661877	0.6067539189	0.9997374632	0.0003004370999	0.0002816586522
	0.0002882715322	0.0002860907058	0.0002826412445	0.0003016623221	0.004542659605
	0.9949675879	0.2154036091	0.1055855378	0.2050798802	0.0002904280498
	0.005152799087	0.003518435618	0.006004517914	0.0003021358558	0.000276992701
	0.001750057855	0.0002878130065	0.5482734594	0.6372434771	0.000271821269
	0.0002799646945	0.0002813595361	0.0002781395966	0.0003021170206	0.0003020320883
	0.0003019395474	0.0003019222117	0.0003020182525	0.0003020730827	0.0003018750903
	0.0003019172247	0.002211743662	0.0003452507222	0.0003021204881	0.01558057046
	0.2803792135	0.2310212688	0.0005740453554	0.007025995647	0.2086918629
	0.00327660221	0.0008696691191	0.0007145013373	0.0009270456289	0.0002853714963
	0.0002868626848	0.0002887888784	0.0002893759631	0.3129022407	0.0002827655448
	0.0002946790189	0.0002995765234	0.0003005549449	0.006357402346	0.007864844333
	0.7421921539	0.5566635449	0.422164118	0.003333020141	0.5305250512
	0.7635391836	0.6423617827	0.6857840485	0.4462750988	0.2877889825
	0.1453345535	0.01123392882	0.01486080724	0.5293325428	0.7122537334
	0.0002921238259	0.0002941186705	0.0002943676136	0.0003016219139	0.004767740544
	0.9285285348	0.2119142045	0.1295399967	0.02345480735	0.304622295
	0.009902411335	0.006425759467	0.0003022117993	0.0003021776897	0.001701679964
	0.8898130236	0.6508760104	0.0003016955946	0.9782666457	0.0817551389
	0.85860245	0.0002814264647	0.0002839570374	0.000284359938	0.0002837288917
	0.0003021917227	0.0003021461359	0.0003020459406	0.0003020737172	0.0003020568285
	0.0003019810786	0.0003018512527	0.0003020477687	0.0003020455025	0.0003020105302
	0.0003021222434	0.000338338423	0.2917522855	0.0007027628313	0.4353894137
	0.5648717958	0.299750484	0.0008627579148	0.02773330858	0.009117005325
	0.0004238208151	0.1482167283	0.001041807684	0.00110546268	0.04102426029
	0.2109709741	0.01562178151	0.4139184976	0.0002919324226	0.0002996652118
	0.007796245237	0.9757076608	0.002879109989	0.6221202779	0.5169945203
	0.7312032646	0.9561520703	0.9947591725	0.3164029631	0.1436615396
	0.009546118148	0.008851661801	0.008468897734	0.4494286833	0.3092320634
	0.4789880974	0.6130240671	0.04782727079	0.08957343921	0.003938941677
	0.7154387155	0.3044263848	0.2091602402	0.1079004549	0.3896249949
	0.005338460794	0.0003609741884	0.0003022321028	0.0003421790064	0.0003007370978
	0.7768336143	0.6992060205	0.4425891762	0.3967315929	0.895821086
	0.7961883553	0.9823691957	0.3800808369	0.5954672005	0.2425874554
	0.0002958561749	0.0002960189525	0.0002891276167	0.0002900884654	0.0003022276073
	0.0003021991344	0.0003021357345	0.0003021756465	0.0003021499898	0.0003021221925
	0.0003018904587	0.0003018695065	0.0003020269139	0.0003020983476	0.0003020834189
	0.0003020333672	0.0003020954351	0.0003021873326	0.4854112569	0.2212889004
	0.1110096194	0.4274770476	0.6624841797	0.8357926323	0.3168795522
	0.04786600351	0.009997815998	0.0004641125645	0.01601980805	0.01088504317
	0.001280842915	0.04468871958	0.5566572381	0.3756152074	0.5007303229
	0.0002999754629	0.006651800721	0.545487827	0.00152397437	0.6987992668
	0.9081665782	0.1369208426	0.008410844574	0.007273601439	0.1937776772
	0.3156448341	0.2339718572	0.4387473959	0.5352759999	0.002738820738
	0.3072424651	0.3951824874	0.4832865217	0.4545163738	0.004248338314
	0.0003024871679	0.0003022871349	0.0003010909246	0.0005409996687	0.8331531195
	0.7269788616	0.6334215913	0.7753872091	0.936048772	0.8140702184
	0.9946441245	0.6027393918	0.03712943928	0.1404231175	0.7914473635
	0.0003004950388	0.0220721795	0.0003062059611	0.3469419537	0.000302242922
	0.00030220965	0.000302193698	0.0003021645335	0.0003021442472	0.0003020312999
	0.0003019344455	0.0003019308727	0.0003021276831	0.0003021152257	0.000302172478
	0.0003020533359	0.3965263789	0.675037074	0.3734538928	0.190387616
	0.1095009965	0.582820852	0.1564724716	0.08743791697	0.3845596823
	0.786713812	0.6857547392	0.7769118014	0.9025295079	0.0004232616647
	0.002826291258	0.00620511826	0.0004719093603	0.6007724381	0.5131107625
	0.005031797075	0.5639882921	0.0006123740481	0.7103486767	0.8937061351
	0.007908980621	0.005804499865	0.2484147128	0.3599712285	0.4626632188
	0.9969581648	0.9303284175	0.002372998863	0.6823762593	0.431473356
	0.003049444879	0.0003025921145	0.0003024309865	0.0003436685072	0.001758113711
	0.6916337466	0.9531093288	0.9023290199	0.9982484587	0.8075404393
	0.6187564977	0.07003144156	0.006675598547	0.1596056642	0.7995561214
	0.6787345352	0.6085657935	0.0003077303903	0.0003566813692	0.02212595307
	0.0003024440678	0.000302240627	0.0003022184568	0.0003021846018	0.0003021640872
	0.0003020748181	0.0003021110592	0.0003020389	0.0003020385258	0.0003021770357
	0.0003021641883	0.000302155787	0.0003019933184	0.6562928295	0.9383113226
	0.5467078642	0.009744238319	0.02918374185	0.175010858	0.8496841641
	0.7207406466	0.9044762964	0.5933985784	0.933334232	0.8813954435
	0.0003021977254	0.0003022645262	0.0003933106113	0.3504736067	0.5513459504
	0.003398527487	0.5103705717	0.0003027681483	0.0003029081636	0.7757383711
	0.6626673772	0.897423829	0.005159784002	0.2807358786	0.390962795
	0.7797773382	0.999734464	0.9997339038	0.7841516578	0.0004157460075
	0.0003026098257	0.02140983126	0.00430274489	0.008851736587	0.697391009
	0.9939498018	0.8919642494	0.02663856036	0.003571613287	0.1013345103
	0.2050572706	0.8094210193	0.5911264823	0.4470092397	0.7324458965
	0.0003944446186	0.04245790036	0.01906818166	0.0003023649221	0.0003025790186
	0.0003024791572	0.0003022086695	0.0003022913321	0.0003022016223	0.0003022171164
	0.0003021522467	0.0003021135937	0.0003021422596	0.0003021051035	0.000302226902
	0.000302199757	0.0003020948664	0.0003020467816	0.9956102834	0.4494314998
	0.2450330522	0.005677525597	0.0003726829953	0.09523445208	0.2091670321
	0.9376323533	0.8734884923	0.7948771145	0.5727453353	0.9864367392
	0.3166206429	0.4149591315	0.9883930274	0.9993745714	0.9989979875
	0.0003020973183	0.0003021949147	0.0003022082102	0.3388225816	0.9997336094
	0.001154229492	0.0003032061519	0.497097517	0.0003026961776	0.0003029009501
	0.9997329644	0.9997332557	0.887949981	0.3103810587	0.3897662383
	0.6362226125	0.999734555	0.0003029610174	0.07384733374	0.3563446865
	0.01576988177	0.6517758057	0.9997327812	0.003257217041	0.15155477
	0.05404667909	0.2494033506	0.7634350172	0.546439492	0.9997336292
	0.6472448881	0.5005654812	0.0003023049963	0.00030227069	0.000302185565
	0.0003022112948	0.0003021905674	0.0003021942216	0.0003022166491	0.0003021632286
	0.0003021436769	0.0003022031052	0.0003022391898	0.0003021276994	0.9977945182
	0.0111732473	0.0003022278235	0.1924983067	0.09299994016	0.3059653714
	0.9997364408	0.9520096709	0.8708543796	0.706267117	0.7999458256
	0.5947478999	0.5388815013	0.9997198167	0.9995102793	0.9995966512
	0.50267405	0.4099020893	0.999406478	0.999293655	0.9992676525
	0.0003021000535	0.0003021326817	0.6993832151	0.99973417	0.0003028929939
	0.0003029517611	0.0003026783207	0.4232033173	0.0003023686994	0.0003024913099
	0.9846411481	0.7875937739	0.3078540638	0.8419043534	0.4266569268
	0.1662441071	0.6388856221	0.2101870027	0.1027060471	0.0003023374332
	0.4928881655	0.743138627	0.9988995002	0.979125643	0.0003022522637
	0.0003022471902	0.0003022241657	0.0003021521428	0.0003021743069	0.0003021611804
	0.000302245421	0.0003021939	0.0003022555119	0.0003021991347	0.0003021677653
	0.0003022028744	0.9990014897	0.01569984366	0.2566976706	0.1618372349
	0.1009839191	0.3467259199	0.9944053881	0.9997352062	0.9098797096
	0.6493579405	0.7136452492	0.7920237917	0.8593431035	0.6100019126
	0.9997096263	0.999693965	0.9997289455	0.9996715309	0.9995240988
	0.5914828062	0.4958426775	0.4299833042	0.9993397556	0.9992452483
	0.9991624455	0.9991967159	0.0003021797811	0.0003021854265	0.9960617413
	0.987550814	0.000302273813	0.0003023138566	0.3268983487	0.000302144805
	0.7962796258	0.5920841678	0.4951016581	0.1724633601	0.002506453957
	0.3809409092	0.9993499675	0.8017758119	0.9992086448	0.9995225759
	0.0003021836877	0.000301171691	0.0003009548297	0.0003021182284	0.0003021289987
	0.0003021460603	0.0003021984376	0.0003022555101	0.0003022137609	0.0003022365062
	0.9983782659	0.3121289108	0.2083443776	0.1886798533	0.09060249154
	0.9997372746	0.9997365532	0.9997373069	0.9474314989	0.6967351231
	0.7850754333	0.8953257173	0.9997011364	0.9997361226	0.9996772964
	0.9996270243	0.9997226961	0.9994852986	0.5506476085	0.661611255
	0.4959499341	0.4004566589	0.9992973651	0.0003022365359	0.0003010144626
	0.1794772572	0.9013756271	0.7073567859	0.005528947622	0.5223800829
	0.999723049	0.99963062	0.9994815374	0.9997137135	0.00107705624
	0.08957749137	0.09501848688	0.05437734394	0.0003020879808	0.001095397122
	0.0003021040903	0.0003021626105	0.0003022338339	0.005811979251	0.2961333731
	0.2538814654	0.1274830257	0.9997373061	0.999737308	0.9997373091
	0.9997373069	0.9985891195	0.8984142225	0.8113759676	0.7067113563
	0.9997373057	0.999735689	0.9997373103	0.9997348529	0.9996818474
	0.9996185915	0.9996873736	0.9997371581	0.9997360253	0.9994781635
	0.5956566002	0.4974637569	0.376013691	0.3434726459	0.7117116292
	0.9997280115	0.9997307225	0.9997331685	0.08166128805	0.1819605634
	0.20178624	0.4379751913	0.000302115286	0.0003020903041	0.0003021865777
	0.0003022541411	0.345149085	0.1611393291	0.9997373083	0.9997373093
	0.9997373072	0.9915112255	0.9081924405	0.799335115	0.61542817
	0.7041533937	0.9997373117	0.9997373107	0.9997373145	0.9997344742
	0.9997219578	0.9996150853	0.9997366534	0.9997373132	0.4538604754
	0.5652718439	0.7980529314	0.9997333357	0.9284395234	0.08678305036
	0.0003021263682	0.2889103928	0.1755429387	0.6005317669	0.0003021574717
	0.0003022095738	0.01876134984	0.9997373098	0.9997373098	0.9997373087
	0.9997373028	0.9997373007	0.8176848448	0.9618944271	0.7464396494
	0.5016140595	0.999737312	0.9997373111	0.9997373158	0.9997373145
	0.9997373172	0.9997094022	0.9997372111	0.9997373133	0.2345790641
	0.9997368582	0.7366026748	0.0003021746377	0.05018280971	0.0003021930011
	0.4594067607	0.5583130646	0.1131694975	0.3489329195	0.001316867948
	0.9997373072	0.9997373045	0.9997373003	0.9997372976	0.3713317602
	0.4718525095	0.9997373127	0.9997373131	0.9997373084	0.9997373158
	0.999737317	0.9997373145	0.9997373183	0.9997367792	0.7345772865
	0.002231662024	0.03859904463	0.1940631969	0.4491790744	0.9997373054
	0.999737303	0.6281269601	0.6717385395	0.9997373081	0.999737313
	0.9997373174	0.9997373168	0.999737315	0.9997373187	0.9997366997
	0.7252652128	0.4032217413	0.5946991442	0.9997373076	0.8147323818
	0.9997373107	0.9997373184	0.9997373138	0.9997373166	0.9997373196
	0.9997368569	0.7898712352	0.6636962037	0.9967312391	0.9761194852
	0.9997373193	0.9836880519	0.999737319	0.9997371087	