1434	
	0.442550636	0.4212251181	0.4231618148	0.4102434436	0.4723688228
	0.4070082132	0.3573423159	0.3206683598	0.5032778879	0.4066121421
	0.2966857456	0.3614680268	0.2097920613	0.2296175026	0.5735552973
	0.4946728975	0.4602060332	0.5843251254	0.2376051171	0.1905247829
	0.2137745319	0.7385065659	0.6005311944	0.6468989204	0.4172417941
	0.3525297579	0.3655324338	0.03380975911	0.3790044859	0.3548113866
	0.5786643789	0.8584106381	0.5082291364	0.1308223963	0.8201335413
	0.9292798387	0.9854868142	0.3086491884	0.7119432207	0.2686991527
	0.2630353705	0.2818898791	0.7354664238	0.9034475291	0.6166906356
	0.442906346	0.3520307476	0.2868595027	0.3109281437	0.3434818122
	0.007730123003	0.10369126	0.00873125398	0.475740401	0.358685424
	0.9338620213	0.6381943752	0.7917283534	0.9714820653	0.9715788175
	0.9787094276	0.985992597	0.981363847	0.9908219331	0.9897405773
	0.3537323238	0.3995347275	0.3724424644	0.001504842042	0.3592580371
	0.3614131168	0.9920686252	0.5110658881	0.9741042341	0.9877767913
	0.9413485602	0.8440730033	0.4074307761	0.3802641912	0.9591191171
	0.6408638385	0.2678427735	0.2551438126	0.2707583962	0.3297420713
	0.00136726066	0.02810378604	0.001345040246	0.4944151837	0.3471422507
	0.9303624537	0.9637723935	0.839209993	0.9734035673	0.9776688052
	0.9771759688	0.9848143568	0.9898839438	0.9896082016	0.4599714916
	0.2961874572	0.3932664203	0.001384056738	0.2539945161	0.7732934965
	0.8394771577	0.2148494494	0.06909968585	0.2984299091	0.9479094228
	0.970374211	0.5014835977	0.420546397	0.001294199811	0.4907663026
	0.5066806101	0.9151624056	0.001292987033	0.3582957829	0.4800487209
	0.4529717375	0.4499982378	0.3923810673	0.02210113805	0.1467680841
	0.007991676432	0.9283176079	0.5957195114	0.4856022263	0.8118113879
	0.2649957038	0.2784992621	0.291950937	0.2766124652	0.007831551161
	0.07033870822	0.001438422412	0.354141414	0.3576556454	0.9354442796
	0.9558334341	0.9623531894	0.9600077964	0.9801382711	0.9796939522
	0.977036064	0.9077618953	0.3185047559	0.001343524441	0.5795245304
	0.5305734846	0.05065694473	0.01031128358	0.469869623	0.001452662857
	0.00130694539	0.1861493889	0.3034246315	0.4084147285	0.5401863571
	0.003418262183	0.448515176	0.1042927369	0.01304196913	0.005572765239
	0.5566373498	0.3472038949	0.007586880583	0.2399274167	0.9388355615
	0.7024095373	0.4892551839	0.8870438974	0.2897167696	0.2962210028
	0.3350506954	0.3224461121	0.3163376219	0.3069937464	0.007083567475
	0.03547382078	0.001342466831	0.3089333109	0.3468877554	0.9633114849
	0.9573513936	0.9615669881	0.9533786715	0.9765723132	0.9732997589
	0.9574743159	0.8920564935	0.4121326181	0.03500136557	0.007740022343
	0.001613211	0.001321657205	0.001431198427	0.001297176723	0.1090254504
	0.2107591827	0.002756576024	0.8305114411	0.553934426	0.06194871445
	0.003049576341	0.6052091868	0.1365791378	0.003219641533	0.03880625509
	0.1400363551	0.2560032912	0.1313982404	0.1814220574	0.001275714143
	0.3962514383	0.001276085589	0.003363084691	0.3344723196	0.1188751857
	0.918958823	0.08054918016	0.270002078	0.4125966353	0.02599717428
	0.01148788539	0.07787331589	0.89629645	0.7865417986	0.5448160611
	0.4648421173	0.3422660594	0.3281652627	0.3958568346	0.3351110277
	0.007047941138	0.02763982597	0.2985993206	0.9563681736	0.9686936362
	0.9564024849	0.9440565682	0.9724928719	0.9574436258	0.8380707624
	0.8287320156	0.003346295325	0.001267686022	0.00129906871	0.001831948512
	0.001405176954	0.00235324938	0.04116579517	0.9336703833	0.5372517394
	0.001815009828	0.001954644643	0.6433403508	0.552474223	0.03692799831
	0.04361434738	0.2326749348	0.150051146	0.00137827854	0.001267793804
	0.3201078755	0.0509041576	0.882849497	0.4223220903	0.5542337463
	0.6363127411	0.4919575727	0.008622939248	0.07656534945	0.4953911453
	0.7031266348	0.6285570056	0.8047121801	0.6439809015	0.7473948075
	0.6334377465	0.5519205365	0.361692278	0.4458665796	0.3353538947
	0.009846135424	0.2621381318	0.3073035027	0.9638837678	0.9565843421
	0.9076621923	0.7595829561	0.1396854859	0.00129939788	0.001269980881
	0.001332180258	0.001439450749	0.01097803903	0.9600823549	0.9245452289
	0.008120521515	0.01406469134	0.04596206013	0.1886450356	0.1085226224
	0.001329163954	0.001267839354	0.01107342259	0.7927623492	0.9221482003
	0.9260821556	0.8064101031	0.9384148382	0.556794574	0.01605715174
	0.004609024964	0.04978256371	0.2918449387	0.8471539069	0.1544411699
	0.08961024825	0.001267947319	0.001272832662	0.001268125381	0.001268453793
	0.00127225693	0.03163092545	0.08025889993	0.5657452703	0.08960729529
	0.6824117979	0.6205317644	0.4095672032	0.5273567144	0.3526001649
	0.004197056921	0.2979632439	0.234079055	0.9317506624	0.8953889937
	0.8034294243	0.01257496476	0.001344127592	0.001266413908	0.001674784125
	0.002898363258	0.9148196112	0.004159967053	0.01430971904	0.04445563202
	0.1143501125	0.1556310044	0.00131535185	0.001280524633	0.6962921758
	0.9259569552	0.915586319	0.9472333234	0.6039787261	0.002094920703
	0.001419666599	0.7961775701	0.4715851109	0.9255502882	0.01742332074
	0.001269452846	0.01824027002	0.2054697692	0.091290321	0.007102219815
	0.251213279	0.008303146334	0.003400555642	0.1697786181	0.02804217395
	0.004813561584	0.6440614497	0.4576273241	0.5566846739	0.3710316107
	0.001280315864	0.3137835615	0.2172932882	0.8221186113	0.7114589703
	0.6731924174	0.001632168869	0.001267364114	0.001807731994	0.8190986591
	0.02943942967	0.07345773584	0.1358867454	0.001280075977	0.001266907882
	0.6330829243	0.9140051015	0.8968473158	0.9480801383	0.6135017479
	0.001266403939	0.9460578834	0.9577203808	0.7883405799	0.001270460197
	0.00672393048	0.03584245597	0.01657571126	0.7068599786	0.01483765971
	0.3027414973	0.01844575296	0.009474524248	0.004828196309	0.002737444428
	0.2271775964	0.495597081	0.06707969026	0.02481478555	0.005977733041
	0.001560648356	0.6061653337	0.603408613	0.4117859757	0.5258194738
	0.5687842107	0.001322046638	0.3114486113	0.2302111653	0.5612346725
	0.489369685	0.4814274507	0.5389768625	0.001267204201	0.001267285399
	0.00213578418	0.7932918167	0.05892379565	0.1630902682	0.001268137058
	0.5583285368	0.8239400089	0.9466203774	0.9210812273	0.9441759474
	0.9345794432	0.8160619412	0.006301647001	0.002045009382	0.9427548887
	0.008712507079	0.4780186564	0.02409046645	0.007517200429	0.01325270016
	0.01768614101	0.004330278148	0.02475575583	0.4774836392	0.7985895056
	0.4535988287	0.5349847009	0.006339070185	0.001690086848	0.001266807829
	0.5445528529	0.3638210152	0.4970737798	0.5134972446	0.001570106073
	0.2903244162	0.5435060501	0.3477399106	0.3266304276	0.3710800409
	0.4541265849	0.001266767824	0.005593043996	0.003854083804	0.08625355338
	0.2391451439	0.4425491239	0.6155882862	0.8423713968	0.9323190626
	0.9496137372	0.9494223592	0.003062089109	0.9592039299	0.001719411416
	0.9509209642	0.05211095083	0.01322917256	0.007463863496	0.03191547516
	0.0234118144	0.004399639888	0.06526963967	0.7455970971	0.884954754
	0.4440619717	0.4786377275	0.01822523563	0.957556801	0.004220905307
	0.01071530158	0.01622316053	0.3775993045	0.002402245581	0.00133456879
	0.001268562608	0.4867598745	0.3991877327	0.4911191073	0.01452634994
	0.3716631536	0.3352412269	0.2380331306	0.2842746369	0.3370379792
	0.1555349108	0.3000848964	0.3726779849	0.4385357129	0.6311106072
	0.8426181102	0.9278965378	0.9522387638	0.9663684762	0.001340138219
	0.9526467177	0.1051044887	0.03062715726	0.1163981704	0.07514108477
	0.06440827772	0.2654047755	0.8586530996	0.9774420872	0.4768975595
	0.04595457599	0.9754004505	0.001877309397	0.01154672367	0.2026400409
	0.8597539962	0.9562006558	0.4393813978	0.00126763214	0.00127052538
	0.001273879548	0.472314576	0.4884002306	0.4762534161	0.1292386373
	0.4767546312	0.5047101425	0.2867597974	0.253703999	0.3156805135
	0.3770440313	0.5515710461	0.4257748595	0.3675434313	0.6450096178
	0.8195719148	0.9415024981	0.9487906007	0.2017847542	0.2963931089
	0.3310614077	0.1809352182	0.1629537361	0.9646678954	0.9803290484
	0.5091194375	0.9752701058	0.9308939044	0.001288854431	0.005242791033
	0.04911176155	0.588281214	0.9747381517	0.9903620373	0.928492081
	0.4685885925	0.3758129878	0.9914958494	0.4383969076	0.9954083468
	0.9719738885	0.001271344095	0.001291795193	0.5113644248	0.5431341688
	0.5914853217	0.5797999797	0.6596966514	0.3043051827	0.3038266076
	0.3618218893	0.7386939322	0.6019538776	0.7115432261	0.4894229205
	0.4299963514	0.6170889652	0.7151138727	0.8747041577	0.7669347569
	0.6226493702	0.5095317368	0.9629261012	0.5991620104	0.8599749997
	0.960717254	0.001345952592	0.001338765949	0.008280257544	0.2988833065
	0.03787965058	0.9812441646	0.9804969158	0.76680052	0.4784531053
	0.3959379815	0.9972760763	0.9677752092	0.988679419	0.7790400914
	0.9891658852	0.7554099907	0.7887452572	0.5012492638	0.995866117
	0.6321137816	0.9936291309	0.001314254177	0.00142435535	0.615882394
	0.6071079196	0.7172390477	0.9040676043	0.8052829263	0.3836502702
	0.4199068679	0.4506907518	0.884743172	0.8389961148	0.5689054316
	0.5118621134	0.5734385712	0.2787145711	0.5321962126	0.2653841091
	0.8488516136	0.9523494349	0.5128456575	0.8661763252	0.001508144072
	0.003614792379	0.001419425675	0.01629263686	0.1134864655	0.89649044
	0.9202045786	0.756335268	0.4943135094	0.9795210336	0.8975789789
	0.6726931321	0.9621132862	0.9439572422	0.1294853258	0.8459607622
	0.3694268343	0.5388595695	0.9505622711	0.9658390215	0.1803404088
	0.1079454201	0.001449869777	0.001593009201	0.7051244601	0.6688384126
	0.8061067658	0.906207632	0.9470612637	0.8842939224	0.5074614505
	0.5636228989	0.9140948125	0.6130520225	0.5436540545	0.1192850732
	0.1312397043	0.5303160014	0.4258036182	0.2093488578	0.001671912719
	0.002158310219	0.01628440591	0.338599367	0.07671486058	0.6047975061
	0.7076514126	0.1072839969	0.5304404197	0.364215218	0.9265258348
	0.820374941	0.3906497107	0.5175501881	0.8245725264	0.4125529495
	0.5340753272	0.08206867714	0.1432012785	0.05904477801	0.4034269169
	0.1182557307	0.2366508139	0.899700573	0.8382173558	0.07897080998
	0.1694797703	0.8573898405	0.001706773486	0.001471662753	0.00170138757
	0.7591321118	0.6399076861	0.7005660924	0.8405258034	0.9298030693
	0.891420087	0.5764059532	0.04484566468	0.03640810052	0.02872426176
	0.001508761769	0.006863738076	0.01442383177	0.04925651259	0.05062065976
	0.03322183099	0.03204680176	0.08476548613	0.02985727598	0.6245751129
	0.5195134107	0.7188570648	0.8919161448	0.03830060806	0.05803642054
	0.412605175	0.013994273	0.302403119	0.4509720474	0.6947752066
	0.8446013222	0.7495844431	0.6790669427	0.04977989935	0.6106684401
	0.6038907414	0.6245942789	0.001464600348	0.00170183986	0.00178487207
	0.774802074	0.6591426088	0.7029013613	0.8201877847	0.8860209082
	0.6159352634	0.03121601082	0.01722981548	0.005754241048	0.004242252087
	0.006090776325	0.003541639706	0.003122252808	0.005154486178	0.01129484668
	0.06962023472	0.004845921316	0.001659509894	0.2795994842	0.25049307
	0.288656059	0.6033050788	0.8282368207	0.9861828563	0.5063885092
	0.0730939758	0.001787600546	0.1452606838	0.8225254742	0.6925425804
	0.8237182014	0.6356621203	0.7825703351	0.4710363321	0.4321486459
	0.2965784936	0.7311743232	0.6230670596	0.1519771008	0.6609206404
	0.002376684474	0.01762918949	0.001347926591	0.001507287937	0.001814619006
	0.001614632627	0.7081129023	0.6234548024	0.7658715993	0.6668734493
	0.612738588	0.02023570804	0.006726455738	0.00348593756	0.003925118052
	0.001730370341	0.00172659055	0.004257500429	0.01048937899	0.4530994819
	0.001558017349	0.001585990593	0.05964311756	0.2094298417	0.09976834967
	0.07702636255	0.05930924545	0.9325416833	0.9445973413	0.9559708393
	0.4426748462	0.1825324764	0.7160870085	0.775222069	0.8529548891
	0.7273526855	0.623661361	0.295981792	0.3594389953	0.1530985996
	0.5788564358	0.5860345532	0.001710999844	0.02788929895	0.1640635483
	0.09427123222	0.2596822105	0.06744640584	0.1683858486	0.0598907481
	0.004805120294	0.001774639613	0.01918511186	0.001678210137	0.001506227737
	0.6085374382	0.5465181253	0.5277923743	0.5908438457	0.5817843139
	0.5132709994	0.01642207487	0.0049126967	0.001646981427	0.001282552695
	0.03444586509	0.001656764373	0.04269453432	0.0993800386	0.00660780094
	0.4280363651	0.002004468899	0.02191290554	0.01687230522	0.1137114588
	0.01925611616	0.8831530191	0.581192824	0.4416914425	0.6965079506
	0.3192830895	0.5391569464	0.4591829904	0.4214694736	0.1266795683
	0.2617130164	0.2013555608	0.4538039215	0.001266702213	0.4573939953
	0.7299290109	0.1598784064	0.3107780923	0.02915622088	0.05593725849
	0.019535946	0.2420442743	0.03028067534	0.01804407385	0.03989694034
	0.08238828388	0.001924449804	0.006210416889	0.03069175094	0.001697241823
	0.00132721131	0.001300414587	0.4177430787	0.3713946731	0.408450192
	0.4292268793	0.371624774	0.01027995348	0.001266468484	0.001742373682
	0.02212457112	0.6088983833	0.001684221259	0.1110098577	0.005757308222
	0.4999222226	0.008604057079	0.008059444418	0.006782572281	0.03280392038
	0.9141889594	0.7455696754	0.03580304406	0.2523253243	0.4696033256
	0.06286455943	0.3556486817	0.3289756387	0.2890047736	0.1318240748
	0.05257165923	0.207468368	0.1793143694	0.3217170776	0.00126431984
	0.9329399562	0.9009804523	0.9559098523	0.124350487	0.2234455322
	0.005007363079	0.1288224244	0.01414901595	0.01549494058	0.03342345157
	0.07941097648	0.3351505805	0.06257654733	0.09217402059	0.2843875235
	0.001364978103	0.007884788323	0.06876283641	0.03527313522	0.003488167242
	0.001296020442	0.001287904613	0.001287904631	0.001281777095	0.2721625362
	0.2737717835	0.3208898346	0.2745313215	0.001487153636	0.001261815556
	0.01376592838	0.003244169322	0.6896833352	0.9690235424	0.001260399579
	0.2529472011	0.006212565356	0.007066702709	0.007422998539	0.02649383549
	0.8543312714	0.5631311387	0.01014886603	0.05986852559	0.1432241808
	0.2865374196	0.2723242458	0.1994168133	0.1420944549	0.04485216034
	0.1642376042	0.1711384881	0.2794386449	0.2559559989	0.9679204779
	0.9742165675	0.9580695503	0.01431650117	0.04672299652	0.0132251088
	0.04475105386	0.01729702424	0.109335569	0.122458779	0.09854478435
	0.1304829475	0.007957013473	0.2366951473	0.2984897983	0.001315166174
	0.007948315844	0.2513466927	0.04743388432	0.00171510941	0.001278674521
	0.001278982333	0.001919370812	0.001283670174	0.001269980359	0.001271964927
	0.2266741009	0.2735942413	0.2023793091	0.001264014755	0.003739183675
	0.001253320903	0.001254357228	0.07492582565	0.001491640091	0.7958081968
	0.9900399408	0.001250626596	0.0805298001	0.006719247256	0.006845083949
	0.006469111132	0.01894124665	0.002489358899	0.8948335271	0.4509697112
	0.02464405443	0.07068788993	0.179242545	0.16795347	0.1991035282
	0.16499388	0.1536437998	0.0809091687	0.1632363342	0.2331434002
	0.9851665118	0.9702967357	0.00427358234	0.0006732390075	0.005541914184
	0.03243342616	0.01682739932	0.006016373721	0.1445646748	0.01591535714
	0.001259326682	0.2011598814	0.1793766174	0.001247721953	0.001280540949
	0.001431565823	0.1866119536	0.004441774366	0.6506280481	0.0008051286099
	0.9732204881	0.006495811686	0.01376543972	0.2685220068	0.1276948391
	0.002069440569	0.001270471105	0.008822417643	0.004320042771	0.002503883496
	0.01081442396	0.001880233722	0.002173718832	0.202022894	0.1984654154
	0.02285185198	0.02053120819	0.001244102183	0.001126543463	0.01455745498
	0.003440208659	0.001155446424	0.001210782411	0.3120826688	0.001295043708
	0.9709174827	0.8754689025	0.9899277208	0.9952111925	0.04504844764
	0.08504460514	0.01408552122	0.01256275986	0.002998274655	0.002360652113
	0.001132470093	0.0008921699794	0.9075745251	0.02695637029	0.1732387098
	0.1556637107	0.1453309471	0.1593354806	0.06723644513	0.1539575269
	0.1681657293	0.1443482029	0.00675163814	0.06664480504	0.00540465986
	0.001714983298	0.08641061601	0.01709755623	0.001355121515	0.1852073217
	0.002598108751	0.215108885	0.002087905078	0.002775751251	0.0005637903352
	0.9279723498	0.0295381101	0.1041224276	0.04706825997	0.3187161712
	0.1827734617	0.001363150185	0.06641755603	0.003439930386	0.01071942794
	0.1046392906	0.09687143976	0.00328654132	0.002884504003	0.1909196453
	0.1544139244	0.02096281324	0.001813261463	0.002659851984	0.001039139558
	0.0003173900634	0.004175008216	0.001243363472	0.6565697925	0.9779741574
	0.9953245444	0.9644429014	0.01078513951	0.01499275502	0.004406652992
	0.01356921129	0.001174004923	0.001087916355	0.6483603529	0.1753959542
	0.1588249475	0.02032811505	0.1543146796	0.04941132988	0.01494139462
	0.002839161734	0.08917162528	0.05567516814	0.004884887332	0.009443377649
	0.002666531986	0.001702668748	0.003757022227	0.03635029581	0.1143694869
	0.004107894304	0.001025980321	0.01348020581	0.02660265094	0.060412118
	0.8407002514	0.1802121177	0.3826068288	0.3045641581	0.001404714004
	0.01418906343	0.01631223191	0.06235668001	0.3747917414	0.3884092571
	0.006117924427	0.0172163779	0.01825767195	0.02333309757	0.002566076577
	0.001059053258	0.0006214937556	0.001751330214	0.0008721302506	0.7644587291
	0.9733580839	0.985542096	0.6148916821	0.002112497112	0.02432632581
	0.009991324954	0.002720089006	0.001040441813	0.001036790286	0.07609158048
	0.05212312826	0.003489544431	0.004844870552	0.03588103215	0.001825177061
	0.5731340569	0.02973511045	0.001290652578	0.00187511585	0.001514729152
	0.00562312142	0.001277892465	0.006487097722	0.02484907418	0.0009800418699
	0.03518788171	0.0303156557	0.006837051637	0.4751432518	0.5068327846
	0.001714510664	0.06689887126	0.0654324098	0.3497483091	0.4564054419
	0.6846735088	0.7962327903	0.01755783733	0.05668350831	0.1917709738
	0.002239006603	0.002199738375	0.001037773208	0.001107512837	0.0009162322679
	0.001153187536	0.001170649021	0.8333252956	0.8966501917	0.8425290117
	0.211704336	0.01819975684	0.0114923975	0.002082865266	0.0009854709168
	0.001043708096	0.009549096185	0.0009563477264	0.001158182098	0.0007751482744
	0.03740809887	0.374178185	0.006521322808	0.04763539653	0.00210265558
	0.0009543960456	0.00792079169	0.02170986662	0.0396058219	0.006854061967
	0.5941745914	0.7152787238	0.009928144206	0.2962937088	0.4673581878
	0.82553308	0.8469223892	0.6362848535	0.8345399469	0.8693229671
	0.8484243431	0.4120583752	0.1375080624	0.5729418198	0.7438467018
	0.000710862276	0.0005754877178	0.001048988466	0.0008270631709	0.001547175362
	0.002472424278	0.442442061	0.6276249742	0.712999052	0.08478626708
	0.001754336522	0.0009701389044	0.001032331537	0.0006351451862	0.01621587471
	0.1118343237	0.05204168533	0.002040889327	0.007149934971	0.01469930833
	0.0291333583	0.4118647231	0.01128826069	0.6761001529	0.8200478712
	0.1529186165	0.8023228959	0.8618500496	0.8527561649	0.8115176133
	0.8909321973	0.8908192476	0.8532967478	0.7720973738	0.8474546489
	0.6785157188	0.8219785267	0.9443786006	0.8457324729	0.8419452205
	0.0009725926221	0.001436220234	0.001041585398	0.004334719211	0.01890944075
	0.02087605916	0.4167608944	0.7245216803	0.0006547417817	0.0009467658206
	0.001318041219	0.1843153205	0.005609388254	0.01639322686	0.7878070308
	0.04558279674	0.698705054	0.758344426	0.8700403364	0.8677292397
	0.7205280794	0.9176225581	0.8936483664	0.9044591602	0.9464598357
	0.9649404839	0.9471157832	0.904042054	0.8586970508	0.007680931175
	0.002146337596	0.01067170024	0.005785794844	0.001328395856	0.1591100702
	0.1023747101	0.185730121	0.4875305179	0.7064220092	0.001601153502
	0.003664810245	0.007095078839	0.5999024194	0.7196727254	0.8808585488
	0.8674776758	0.9508945532	0.9129383375	0.9068247196	0.0130470886
	0.07960351242	0.06562167591	0.008431792733	0.2010980123	0.290570309
	0.1266673787	0.1822222196	0.5370985427	0.004740021143	0.006031135843
	0.006226907586	0.5387664163	0.3896582177	0.7442995135	0.8629282949
	0.9011929555	0.750767751	0.1273114306	0.09799643385	0.031009322
	0.06924752985	0.1687038856	0.2003033467	0.1433932066	0.01157369274
	0.01107561679	0.2332982541	0.3821528141	0.4942491791	0.1013664052
	0.03617925001	0.06665721469	0.1317559072	0.03106762718	0.1570125155
	0.3041309691	0.1001567501	0.07445535381	0.06954491374	0.07444687195
	0.2121396185	0.1015186746	0.1209105296	0.1567329306	