961	
	0.4067968385	0.4537180677	0.4584930514	0.4600113337	0.4606545368
	0.4611998469	0.4566951534	0.3531440757	0.08525766664	0.04183836095
	0.1249932669	0.3705639009	0.4451744365	0.4534373949	0.4457673479
	0.4172444991	0.3743528098	0.3444114646	0.4734989809	0.6017142622
	0.4376534456	0.5256520027	0.5748018962	0.570749419	0.5328474753
	0.5145564855	0.5128570689	0.5098011916	0.5055987979	0.5014813438
	0.5018389123	0.1277058786	0.3336106328	0.3783905566	0.3801548543
	0.3802543706	0.3800749728	0.3755608992	0.3178928882	0.08808822062
	0.03030554945	0.06936775084	0.2986448695	0.4320089666	0.4392805976
	0.4344484292	0.4139085825	0.380462294	0.3146801175	0.3481778985
	0.4302725471	0.1297995082	0.1396065859	0.3380185158	0.4530009725
	0.4878235003	0.503238463	0.505178259	0.499972937	0.4943935779
	0.491694202	0.4964613518	0.03220242915	0.02911310486	0.05041960375
	0.04749012905	0.04744527822	0.04741489075	0.04698995642	0.04329859986
	0.01222314899	-0.001001911839	0.005696858537	0.07560227543	0.3444096855
	0.3839636059	0.4025371124	0.4170125878	0.3855628214	0.3551191585
	0.3108272946	0.590703631	0.1544070312	0.09039130693	0.04124195501
	0.07041521352	0.1174555009	0.3909449457	0.4743072747	0.4768400894
	0.4761619204	0.4763144893	0.4861489537	0.3153528348	0.08638052819
	0.03821633499	0.03645046957	0.03773059619	0.03888885616	0.04023585336
	0.04188170029	0.04397538031	0.04855155608	0.05056621381	0.03066686867
	0.03489044054	0.05397210952	0.08604759873	0.2552269889	0.0925616532
	0.05508671259	0.0352285928	0.08853951216	0.1163145273	0.5643774884
	0.1890948518	0.03562145858	0.005662104127	0.0834923014	0.3778820948
	0.4487885091	0.4572752767	0.4623559925	0.4765516457	0.4323632673
	0.3539542844	0.297056112	0.301565045	0.3083252425	0.3153953289
	0.3249868199	0.3372184313	0.3504927419	0.3609871975	0.3557784064
	0.2922865913	0.08377816213	0.05300447303	0.0330551109	0.02523588543
	0.009400539	-0.01003834095	0.007165253385	0.04533258837	0.02871988427
	0.1594117307	0.604456611	0.3527724682	0.1527323228	0.0750027303
	0.0823507336	0.3706722777	0.445762094	0.4532584744	0.4703378422
	0.453260814	0.4138137024	0.3832454834	0.3771407266	0.3795663465
	0.3848848326	0.3929049732	0.4032544595	0.4142258836	0.4237799265
	0.4280323529	0.4222051724	0.3885909401	0.3822530865	0.3475320242
	0.09592669453	0.05314948576	0.05636718445	0.09507411399	0.3044680926
	0.3156389428	0.07871055342	0.1401107942	0.569134277	0.6181813127
	0.5455780397	0.1205342981	0.08234073901	0.3731273302	0.4498069718
	0.4679473543	0.4958550441	0.4754607025	0.4595219923	0.4509894051
	0.4463996376	0.4449841757	0.4460103078	0.4489301992	0.4527193451
	0.4564319697	0.4589195807	0.4589613715	0.458681359	0.4645089135
	0.4666941125	0.4239306556	0.4032351341	0.4088903864	0.4033575991
	0.4298545065	0.4473476464	0.3655422973	0.07965031373	0.1072331275
	0.3925373278	0.3733429145	0.4538295556	0.1419380578	0.07859087197
	0.372364855	0.4658957224	0.5448323202	0.5484658679	0.5413965532
	0.5352316369	0.5280195544	0.5211171418	0.5152487137	0.5108073236
	0.5077492849	0.505662679	0.5037778762	0.5013049527	0.4983634337
	0.4955781205	0.4920294503	0.4879728784	0.4883998973	0.4877502341
	0.4880205607	0.4766119589	0.459684213	0.4492280954	0.3706564647
	0.08106485717	0.04703796431	0.08033100543	0.2022149024	0.5849099235
	0.08414875204	0.1070598326	0.3895239061	0.570063833	0.5944416495
	0.5926075682	0.588913297	0.5838231621	0.5768230199	0.5685569978
	0.5601786606	0.5526178654	0.546096905	0.5402338675	0.5346317191
	0.5292678215	0.5240440212	0.5186083304	0.5132861858	0.5088149892
	0.5047978499	0.5041814601	0.4964015431	0.4870706887	0.4633700961
	0.4535253163	0.3781593806	0.08569631745	0.01897886793	0.05058269052
	0.219529384	0.1428432994	0.04178790939	0.304166221	0.5507671278
	0.5803664817	0.5830161158	0.5836599156	0.584944501	0.5841671817
	0.5806121402	0.5748525036	0.5681308558	0.5613036712	0.5546368831
	0.5482450962	0.5422867983	0.5366839574	0.5312638721	0.5263595851
	0.5225613456	0.5199244983	0.5186220123	0.5144627363	0.5039041839
	0.4902074276	0.4788158859	0.4628411036	0.3864871017	0.09780988708
	0.03418159379	0.1735406918	0.6225823934	0.08702747391	0.04528286438
	0.4992066911	0.5100905564	0.5124741616	0.5156320162	0.5232470238
	0.5323519906	0.5404426629	0.5454992241	0.5470967093	0.5459284665
	0.5429575259	0.5390612349	0.5349300014	0.5309457438	0.5273849926
	0.5247232762	0.5233114186	0.5228773863	0.5225939983	0.521487131
	0.5183327029	0.5146232185	0.5067499914	0.4891957352	0.4630181526
	0.3324215253	0.06956386826	0.1462650626	0.6478241689	0.1233225194
	-0.006213437311	0.44835948	0.4268321661	0.4172158452	0.4175923146
	0.4264360223	0.4423339538	0.463058094	0.4838299796	0.4998261945
	0.5093915384	0.5136773532	0.514596246	0.5137819319	0.5123853042
	0.5112646682	0.511129518	0.5122898874	0.5144141616	0.5167433484
	0.5188174915	0.5211892673	0.5248018564	0.5251192071	0.5161153406
	0.498802676	0.4089006506	0.1022175672	0.1503112829	0.6912890073
	0.1183884399	-0.01127400942	0.4135872509	0.3585842902	0.3267182948
	0.3221295793	0.3323156132	0.3540551288	0.3851433965	0.4197520321
	0.4496681828	0.4701912237	0.4819122824	0.4875755636	0.4897422137
	0.490276119	0.4905248806	0.4914631153	0.493588713	0.4968844796
	0.5011047359	0.5062277309	0.5127001986	0.5208386556	0.5287020798
	0.5327454322	0.5352987991	0.4735220069	0.1409109058	0.1797423932
	0.7052348486	0.1239040993	-0.01087954819	0.3898336483	0.3001682207
	0.2419811322	0.2339843608	0.2520015769	0.2869734182	0.3321374405
	0.3786160716	0.4175947397	0.4445013761	0.4603550572	0.4685237502
	0.4720135371	0.4729426289	0.4728155749	0.4727375212	0.4734499464
	0.4754231105	0.4791055987	0.4850968235	0.4938735871	0.5050448096
	0.5170751396	0.528454957	0.542595901	0.5272682924	0.2131589419
	0.1881343043	0.6805744379	0.121295784	-0.01187037283	0.3687434328
	0.2400022144	0.1634366978	0.1575379546	0.1884355191	0.2450357137
	0.3097097562	0.3672469217	0.4101645897	0.4376699948	0.4533512204
	0.4613369829	0.4645096514	0.4646661801	0.4630379412	0.4605792057
	0.4580968011	0.4564305705	0.4567065919	0.460365216	0.4685347631
	0.4808977485	0.4951808276	0.5083054851	0.5213808781	0.5429290081
	0.4604375267	0.2849590566	0.564158369	0.09964192936	-0.01189591405
	0.3488324899	0.1767845803	0.1041219061	0.107366216	0.1522733675
	0.2340105569	0.3180383506	0.3815440799	0.4218299353	0.4449020928
	0.457413869	0.4636839027	0.4658946256	0.4651317784	0.4620667429
	0.4572482807	0.4512606939	0.4449455248	0.4397307926	0.4378557091
	0.4419504105	0.4536101177	0.4712256418	0.4891897147	0.5037737785
	0.5251797734	0.563533293	0.5787054449	0.6523169847	0.1050303522
	-0.005935790304	0.3324600528	0.1257587723	0.0675115743	0.08340087703
	0.1486449998	0.2574938639	0.3523841534	0.4104308476	0.4412466651
	0.4573808097	0.4661307936	0.4707328353	0.4723490734	0.471335032
	0.4677923092	0.4617805665	0.4534604359	0.4433011917	0.4324431889
	0.4233193917	0.4203476322	0.4293310995	0.4525126428	0.4824608418
	0.5101334197	0.5406743009	0.595254421	0.64799897	0.5797428085
	0.09602251085	-0.004401600211	0.3022805377	0.09436862592	0.04676929587
	0.07948993481	0.1778160931	0.3102086409	0.3976852611	0.43918947
	0.4584573679	0.4686833508	0.4748874198	0.478676737	0.4804068874
	0.479993487	0.4771754336	0.4716203385	0.4630528928	0.4514736279
	0.4375346367	0.423336517	0.4143237784	0.4210697925	0.4516673326
	0.4973107401	0.5421451972	0.5839791444	0.6274537637	0.6111524205
	0.4355895305	0.07302987796	-0.0004798207663	0.2050105276	0.0666088942
	0.03539253188	0.09496616819	0.2396742546	0.3733794312	0.4354950423
	0.4589443032	0.4698804303	0.4768218325	0.4818936008	0.4855832244
	0.4879057968	0.4886924184	0.4876205586	0.4842301193	0.4780641578
	0.4690399402	0.4581067516	0.4480941351	0.4454854516	0.4616830476
	0.5021761119	0.5529887774	0.5977523119	0.6210599741	0.5962831605
	0.4665415666	0.1611120423	0.03116464735	0.005910120431	0.07646506426
	0.03726802531	0.03491511922	0.1336133156	0.3194517655	0.4241784829
	0.4583109932	0.4696156879	0.4764825774	0.4820234299	0.4866914765
	0.490544277	0.4935973573	0.4958687417	0.49730986	0.4977903808
	0.4972989317	0.4965673814	0.4981229258	0.5064987605	0.5251047303
	0.5485981433	0.5774463066	0.6058474171	0.6124929992	0.5587092183
	0.4396976972	0.1620493795	0.04740602708	0.01360898776	0.01915609333
	0.03219038725	0.02518520465	0.05281704057	0.2066349143	0.3887236578
	0.4545529043	0.4689112449	0.4746526295	0.479828443	0.484660416
	0.4890645508	0.4930154198	0.4966805437	0.500418569	0.50472436
	0.5102436215	0.5179975508	0.5299708782	0.5496899214	0.5798388063
	0.6084076645	0.5719467363	0.4455479696	0.369988266	0.3734026106
	0.2387256996	0.1124796501	0.04006691528	0.01318422503	0.0255929716
	0.04241223498	0.01642850604	0.02253647171	0.08993451963	0.3076751138
	0.4366392436	0.4683556406	0.4727178274	0.476494814	0.4806873224
	0.484888316	0.4888916437	0.4926980469	0.4966458219	0.5014381405
	0.508152087	0.5182693633	0.5337466227	0.5570425063	0.5903666159
	0.6311584	0.656096985	0.5780051985	0.2772418485	0.1086653285
	0.07488074996	0.05061031327	0.02440097098	0.01709178758	0.04099922311
	0.09104791241	0.1373373995	0.007844495657	0.0333903814	0.1680449641
	0.3873404155	0.462504147	0.4721092644	0.4733443609	0.4761415717
	0.4794236709	0.4828741294	0.486260594	0.4896166881	0.4933714041
	0.4984292449	0.5062340802	0.5187634727	0.538339124	0.5670264468
	0.6050614396	0.6469400714	0.6728630027	0.633313373	0.4410812586
	0.1783346242	0.121519965	0.1153441388	0.1171100588	0.1334583753
	0.2094163066	0.3770080196	0.4340209354	0.004933833307	0.05356459192
	0.3053923286	0.4392387442	0.4712241259	0.4715351908	0.472282932
	0.4740566798	0.4763443991	0.4789125552	0.4815201413	0.4841770886
	0.4872703569	0.4916888202	0.4989150794	0.5109740534	0.5300621743
	0.5576663437	0.5930441102	0.6310414804	0.6594026856	0.6568368746
	0.6021983413	0.5286932077	0.5521110626	0.6330527871	0.6674805673
	0.6702500137	0.6799324131	0.6990380698	0.6485422107	0.003654185195
	0.06094553233	0.3743401374	0.4628385819	0.470766885	0.4697443953
	0.4698505295	0.470476343	0.4717541235	0.473436585	0.4752551918
	0.4771284124	0.4792862013	0.4824090475	0.4877309074	0.496984869
	0.5120097649	0.5339115946	0.5619580567	0.5927145363	0.6199264249
	0.6356314748	0.6362964952	0.6414288065	0.6854784952	0.7391769241
	0.7457157549	0.7302108757	0.7241926879	0.7205399781	0.6738118056
	0.002666568022	0.06249649413	0.3949868226	0.4685953006	0.4683700893
	0.4671716252	0.4659972848	0.4655746643	0.4660223668	0.4670077958
	0.4682074386	0.4694245544	0.4706874066	0.4723658573	0.4752766441
	0.4806784779	0.4899901475	0.5041441567	0.5228086235	0.5440265725
	0.5645706793	0.5806286263	0.5896227805	0.5958845409	0.6092379432
	0.6243318125	0.6247520817	0.6165560801	0.6143259631	0.6161259384
	0.5947874181	0.001755189553	0.06321205696	0.4042036894	0.4705146356
	0.4654018794	0.4628009882	0.4605843989	0.4596028855	0.4596354346
	0.4602738433	0.4611639587	0.4620378353	0.4627572412	0.4633839288
	0.4642758983	0.4661523765	0.4699930875	0.4766453148	0.4862377907
	0.4978146683	0.5094810899	0.518694191	0.5226685718	0.5207497141
	0.5170504018	0.5163166641	0.5185518427	0.5227519233	0.5284052628
	0.5343715637	0.5315157237	0.0008208924689	0.06394601589	0.41196285
	0.4706637299	0.4604390865	0.4564824212	0.4540863225	0.453213817
	0.4533108772	0.4539739466	0.4548981166	0.4558283337	0.4565435796
	0.456876051	0.4567796714	0.4564355879	0.4563171503	0.4570702425
	0.4591219211	0.4621978633	0.465171832	0.4664710993	0.4648437448
	0.4605246865	0.4564987093	0.4572448664	0.4642520994	0.4744331134
	0.4833241589	0.4910396052	0.4982004751	-0.001236169535	0.06463136972
	0.4200913012	0.4674865759	0.4528948655	0.4488652812	0.4471659091
	0.44687417	0.447345796	0.4483030979	0.449570121	0.4509742586
	0.4522919716	0.4532217234	0.4533991551	0.4524735753	0.4502365126
	0.4467248177	0.4421601987	0.4366778869	0.4301510815	0.4227287042
	0.4160155461	0.4130778985	0.4161631107	0.4250030759	0.4373566153
	0.4499105611	0.4597959797	0.4690993844	0.4823832241	-0.001026100227
	0.06943971283	0.438884307	0.4680266338	0.450056829	0.4471852861
	0.4463938015	0.4465887553	0.4473367496	0.4485475857	0.4501834679
	0.4521733187	0.454348606	0.4563821483	0.4577402778	0.4576739154
	0.4552791744	0.4496487265	0.4401101175	0.4265397185	0.4098371061
	0.392772339	0.3807308744	0.3798201666	0.3913798966	0.4098553364
	0.4280454293	0.4419037999	0.4509777518	0.459870241	0.4754309642
	0.0135055993	0.06959042215	0.4709612354	0.4930809672	0.4652452188
	0.4643646146	0.4638990193	0.4641220038	0.4647300069	0.4656902584
	0.4670054132	0.4686592662	0.4705637895	0.4725034838	0.4740796031
	0.4746681974	0.4734142645	0.4692953951	0.4613067311	0.448846456
	0.4324108372	0.4146451435	0.4011519516	0.3987923537	0.4100186118
	0.4291754712	0.4474040076	0.4598423114	0.4665948049	0.4711955824
	0.4813521933	