3263	
	0.9998446886	0.9998446607	0.9998446753	0.9998447004	0.9998446813
	0.9998446885	0.9998447125	0.992087175	0.9998446604	0.9998446739
	0.9998446497	0.9998446308	0.9964013472	0.9984755449	0.99982326
	0.9997871097	0.9836788291	0.9216332181	0.9998447108	0.9998446967
	0.9998302592	0.9998447279	0.9998447021	0.9998446898	0.9998447402
	0.9998447391	0.8729243238	0.9998327615	0.999844608	0.9998446537
	0.9998446896	0.9998446355	0.9998446154	0.9998446529	0.9994716416
	0.9997461841	0.7665544702	0.9991901628	0.98815903	0.999811801
	0.9997807346	0.8143736326	0.7449013171	0.9998447155	0.999792627
	0.9998447172	0.9998447574	0.9998264981	0.9998447403	0.9998447444
	0.9998447895	0.9998447864	0.9998446595	0.6847192122	0.6279505159
	0.9998343372	0.9998234804	0.9998441529	0.999844667	0.9998446045
	0.9998446293	0.9998446387	0.9997457251	0.9255523482	0.9915761947
	0.9998021027	0.9998036259	0.9997580702	0.8769685951	0.8159931834
	0.8466506782	0.9997817841	0.9998447277	0.9997548265	0.998971463
	0.9998445989	0.9989647869	0.9998448292	0.9997887305	0.9979470175
	0.9998445936	0.9998446279	0.9998447138	0.9998445297	0.8957173095
	0.7682813669	0.7304060374	0.9998280509	0.9998061322	0.9998445591
	0.9998337715	0.9998445154	0.9998445619	0.9998445432	0.9996210692
	0.9768590229	0.9737838809	0.9958877524	0.9997773292	0.9997592895
	0.9997292855	0.882260088	0.9037328817	0.8689872506	0.9997277871
	0.9998447375	0.9998444911	0.9998446642	0.9997169071	0.9998447452
	0.9921275274	0.9998444172	0.9998444155	0.9974286023	0.9583581298
	0.823297617	0.9992404903	0.4951709671	0.9997980885	0.9998273964
	0.9998444239	0.9997721532	0.8940698351	0.9998188902	0.9998104404
	0.9998424899	0.999844435	0.9997977329	0.9998444261	0.9851448891
	0.9996779901	0.995649598	0.9998062077	0.9997898392	0.9189668944
	0.8204515495	0.9996842883	0.9998074697	0.9979385656	0.9996789165
	0.9998447524	0.9833018862	0.9997203604	0.9997437414	0.9915526821
	0.9160650707	0.9931250539	0.644032322	0.4394201585	0.2582246502
	0.9997015022	0.9996718509	0.9996425629	0.9998420843	0.999835292
	0.9801614598	0.9998398738	0.9998368307	0.9998444071	0.999844448
	0.999824861	0.9967441703	0.9997055215	0.9998361115	0.5829954233
	0.7715855679	0.8872972545	0.951798921	0.9670989395	0.8424546658
	0.9996975435	0.9996022341	0.9961842785	0.9996408992	0.9998447598
	0.9573670921	0.9998144997	0.99928876	0.9998235266	0.9770625159
	0.8066859947	0.09619232196	0.7003337828	0.3961997296	0.05616455824
	0.1310279728	0.9997891329	0.999680376	0.9950203363	0.1797571626
	0.3600929432	0.05225062052	0.09903188361	0.02849961651	0.9998443898
	0.9998441751	0.999844291	0.9944678016	0.999844526	0.999844578
	0.9998445153	0.998707434	0.9998446231	0.4355473507	0.981008646
	0.9900559344	0.9882602255	0.9967035947	0.9843863138	0.9996028962
	0.9995649444	0.8939900026	0.9998440865	0.1129031427	0.9900283883
	0.9956934195	0.9930856898	0.9338218253	0.9746128053	0.6241247955
	0.01270436575	0.002207909455	0.1576037199	0.2407935699	0.03109232761
	0.999811491	0.9951207557	0.1682693708	0.04303237198	0.001182195268
	0.001101529839	0.01007755275	0.03364853076	0.01970479757	0.008427214981
	0.01358417877	0.9998444962	0.9998444001	0.9978840186	0.999844602
	0.9998445857	0.9997311304	0.9116394293	0.9949747041	0.01284890992
	0.4631052345	0.01295210383	0.9970090625	0.01068037933	0.9989375287
	0.9486444035	0.7743114595	0.9998441548	0.05254342419	0.930540447
	0.9577090307	0.9743240189	0.9724581708	0.9062910202	0.4209988924
	0.007967976578	0.003336769383	0.0007738235228	0.0002429394831	0.0001631421367
	0.1285543733	0.01045033164	0.9981852205	0.04362815439	0.000163134668
	0.9998443841	0.0005215640677	0.008976570911	0.002302459455	0.0009233021787
	0.0003228587234	0.003568817056	0.000358550431	0.0003380290142	0.006237538267
	0.006936732447	0.00509698157	0.006377727629	0.005802171067	0.007479533748
	0.999844558	0.9990724331	0.9998446174	0.9998446047	0.9997734612
	0.999208154	0.9833832346	0.5869484183	0.3148867027	0.9991288946
	0.9988982427	0.9986346996	0.9979298864	0.1146891518	0.03011407833
	0.9990997076	0.5755035901	0.4984077643	0.5990570887	0.9998441528
	0.03130975876	0.44013383	0.804429728	0.878755444	0.8921804626
	0.701255634	0.2740152834	0.002019725003	0.0002800803856	0.0001631401558
	0.0001631348022	0.001965235894	0.06378576962	0.008320007145	0.0001631301026
	0.9998184732	0.0001631256989	0.006255691966	0.1336403687	0.0001631268029
	0.9998441736	0.9998445552	0.9998444518	0.0004700343407	0.0008619631415
	0.002957232553	0.0003411213692	0.000277100566	0.0002444130359	0.0002221437522
	0.0009526517213	0.0002175070762	0.002950714007	0.001594250437	0.008914242972
	0.003755730109	0.01269752486	0.9998446055	0.9995575714	0.9998357081
	0.01819837041	0.9986861394	0.9858606441	0.8016870022	0.9380227148
	0.9971353471	0.4350938587	0.1995243237	0.9989974635	0.1036090701
	0.02562633312	0.2244483217	0.5888440456	0.4622870109	0.2221457096
	0.0002512297894	0.0001631286598	0.0001631278785	0.0001651204138	0.001750162237
	0.0156673997	0.0001631272576	0.9667116067	0.9998439836	0.05627577903
	0.02350234793	0.0001631216342	0.0001631164491	0.02102398177	0.0001631234104
	0.000163106929	0.9998439913	0.9998446403	0.9998442684	0.9998445551
	0.000349462544	0.0007438568085	0.0004767612256	0.006265107264	0.002414325254
	0.001517653836	0.000285039819	0.0002650974989	0.0002313178726	0.0002140861387
	0.0001711046013	0.0002035474547	0.0001948907197	0.0006390208396	0.00171880355
	0.004202225921	0.0173178282	0.130266836	0.8072920228	0.9789832122
	0.01716767556	0.9998446298	0.9997101609	0.1268400197	0.9449498734
	0.9970255025	0.9861684708	0.8542736169	0.6811017676	0.9991735012
	0.002602438052	0.008556674924	0.297793661	0.04582282659	0.0001630967197
	0.0001631053257	0.9998446757	0.0001630357535	0.001482865363	0.0001631035782
	0.6290824858	0.01208481099	0.004547774376	0.0001631162995	0.0001631197221
	0.0001631121659	0.001969987925	0.0001631063837	0.0001631037292	0.9821790541
	0.0001630981119	0.9998437683	0.9998441484	0.9998445848	0.9998391735
	0.9998444767	0.0003109962623	0.000422672091	0.00115450133	0.0006452064188
	0.003436301186	0.002018043089	0.0002412343608	0.0002171532794	0.0002997308577
	0.0002841172184	0.0001656630571	0.0001683750478	0.0001713223424	0.1465522881
	0.01712369365	0.0004614372995	0.0001704293431	0.00017119013	0.0001708463327
	0.0001713066507	0.0001711412304	0.0001712227668	0.0001700208962	0.0001684366954
	0.0002095335523	0.0001968262837	0.0009653355998	0.6294586239	0.002698305112
	0.09082070458	0.008262887789	0.6462276034	0.1991873618	0.08971801455
	0.01314525323	0.9997979285	0.9997021676	0.5976520525	0.9877237389
	0.9972401987	0.9640179259	0.9989849302	0.0001630875887	0.0001630970367
	0.00469922915	0.0001630671713	0.9998349333	0.9998441187	0.0001630113255
	0.001061437058	0.0001630663644	0.004144240448	0.4469833267	0.002429037658
	0.0006899543545	0.0001631024034	0.0001631157393	0.0001631117136	0.0001630956366
	0.0001630994138	0.0001631084869	0.000163109182	0.0001630645914	0.9998053539
	0.9629282741	0.0001630891555	0.999844296	0.9998438511	0.9996788214
	0.9998418341	0.9998445579	0.99984462	0.0004492752117	0.0006298995705
	0.001054845616	0.004255304968	0.00195350609	0.0002446598255	0.0002987149129
	0.0005083175563	0.0003895930299	0.0004829526668	0.0001709275482	0.000166093984
	0.01833290571	0.0001703740308	0.004563510231	0.0001671781205	0.0001675790909
	0.0001674489857	0.0001685586079	0.0001690757786	0.0001690241974	0.0001676927572
	0.0003002213705	0.0003199200262	0.002800771871	0.001050273261	0.00458829326
	0.01345798108	0.3438055851	0.05045131353	0.01181098415	0.9995559174
	0.9993513437	0.9478975282	0.9947931004	0.8065208152	0.9976384853
	0.0001630981887	0.0001630859998	0.0003093220133	0.001223829428	0.122269046
	0.0001630917702	0.0003256499701	0.0001631154877	0.0001630693694	0.0001631053966
	0.0001631048854	0.0001631088028	0.0001631011688	0.0001631108199	0.0001630980187
	0.000162986548	0.0759420294	0.0001631024175	0.9998437632	0.909774874
	0.0001630932643	0.0001630888078	0.9996488709	0.9998441997	0.99984418
	0.9985912498	0.998882242	0.9996826969	0.9994460317	0.9998409695
	0.0008746376692	0.001160914711	0.002303982146	0.004392647956	0.0004282400812
	0.001305018368	0.0009589654472	0.0007794930638	0.0008882944702	0.0001758958705
	0.000170484353	0.0005716611356	0.0001836706805	0.0001699726479	0.0001690072678
	0.0001717253006	0.0001727340583	0.002055868942	0.001751947159	0.001413882499
	0.1597684117	0.00951057313	0.02977252735	0.9923924732	0.9977467294
	0.6174595017	0.9752421651	0.0001630883695	0.0001630860502	0.0001630699098
	0.000484488681	0.0001630992392	0.0002230252019	0.0001630884136	0.0001631020328
	0.0001631066361	0.9996825936	0.0001631122308	0.0002149487191	0.0001630784292
	0.0001629891551	0.0001631056079	0.0002710664204	0.04504599874	0.0001631117088
	0.00016310676	0.0001630943173	0.8995706387	0.000163088568	0.0001630976651
	0.9981915348	0.9998414304	0.9994688037	0.9927168823	0.9936490016
	0.9951002659	0.9992773911	0.999683966	0.9998084737	0.001600920421
	0.003430716009	0.001465646134	0.001437826425	0.001960992119	0.004251927105
	0.001836659485	0.001385018024	0.001543067981	0.0001816474977	0.0001838614983
	0.0001792413494	0.0001766209133	0.0006212935245	0.0001773509653	0.0001783915173
	0.0001781900847	0.0003063275232	0.0003927050007	0.0003467574192	0.00566755419
	0.002390107674	0.06210224193	0.2463412641	0.01982034664	0.006113085366
	0.005674728165	0.9687358046	0.7468207809	0.0001630831163	0.0001630856431
	0.000163091828	0.9956621185	0.0002065431654	0.9950877092	0.000163101348
	0.0001952265403	0.000163003971	0.0001631002069	0.0001630888924	0.00226519072
	0.779346774	0.1340620273	0.009243302032	0.0001978023015	0.0001630893869
	0.0001631102526	0.0001630985198	0.9726579465	0.0001630975034	0.0001630912122
	0.0001631054708	0.9938754218	0.9947260774	0.9939909368	0.9998329372
	0.9998308511	0.9511090218	0.9712550253	0.9816764369	0.0001630850617
	0.9990442829	0.9971090287	0.9996492697	0.001677110425	0.001427321252
	0.001291285337	0.0002000204351	0.006004046777	0.001088449367	0.001959901979
	0.001850015572	0.0001841835405	0.0001832058926	0.0001769261046	0.0001750413919
	0.0001790537871	0.0001814601297	0.0001737867448	0.0001863874836	0.0001850562078
	0.000232853664	0.001792565163	0.001118339442	0.001407522945	0.0828330367
	0.3145391678	0.02638893565	0.006985710867	0.00215951198	0.6997100579
	0.0001630858781	0.0001630823027	0.0001630823467	0.0006363264458	0.0001630886706
	0.0001630776835	0.01798358895	0.7896605605	0.1257074788	0.0001630903194
	0.0001887257943	0.0001630965077	0.0001631078015	0.9721658218	0.0002311847786
	0.000163102339	0.0001630914726	0.9576331102	0.9666561814	0.0001630939366
	0.9996827981	0.9863581412	0.9997011998	0.9998444464	0.7444444895
	0.8110346316	0.8264888074	0.0001630974087	0.9993875375	0.9978674773
	0.9996917498	0.0008975489587	0.0007896869903	0.0001744710504	0.000172478653
	0.0007723418628	0.0003745414663	0.0001797630412	0.0001697229213	0.0001732510451
	0.000168208072	0.0001700377996	0.0001685050013	0.0001727321056	0.0001688037088
	0.0001708155109	0.0001694134546	0.0001722295173	0.0001691066781	0.0001717428546
	0.0001703738795	0.0001712716738	0.0001814125461	0.0001679174019	0.0005236976097
	0.0003884078556	0.0009007408665	0.0003744062547	0.05543142908	0.1360261365
	0.318925584	0.01769558928	0.001881004148	0.4812872175	0.0001630822228
	0.0001630845381	0.0004472632785	0.05268731488	0.0001630943048	0.0001793185131
	0.0001631062743	0.0002895452418	0.871758156	0.1003837106	0.0008129585493
	0.001591997773	0.000376528456	0.002451772877	0.9975545475	0.9250441961
	0.8039226133	0.8277016965	0.8334527256	0.0001630932855	0.0001631051375
	0.9998444915	0.9998445451	0.5296798608	0.9322931698	0.7483575829
	0.2949910494	0.9998445624	0.9998421026	0.0001631105686	0.5061329864
	0.4367005539	0.0001631037007	0.998526033	0.997313198	0.9798619907
	0.9997617106	0.0002711360181	0.0001639435388	0.0001654290304	0.000176652451
	0.000166146848	0.0001670818757	0.0001746446211	0.0001658060571	0.0001667877646
	0.0001657983607	0.000164881647	0.0001673597282	0.0001651115957	0.0001754306697
	0.0001676269323	0.0001664763858	0.0001673348028	0.00019330292	0.0001879987902
	0.0004987402481	0.0002103666615	0.0007123329479	0.000204429063	0.2953574153
	0.1133457077	0.01862711789	0.002292531244	0.004310772454	0.353629866
	0.0001630938069	0.0001630946428	0.0001630963437	0.0001630973304	0.0001695588426
	0.1686271281	0.07621323425	0.4201478365	0.003877585201	0.00558608594
	0.9995429066	0.4551342702	0.3888271718	0.3596611789	0.0001631142614
	0.0001631042962	0.9997776022	0.9976531002	0.08927672005	0.8519048862
	0.07509900524	0.2681920975	0.05067736143	0.1494655828	0.9997667303
	0.9998446039	0.006648318368	0.01278180053	0.2409768779	0.0006336003046
	0.0001631024361	0.9995295598	0.9969826934	0.9856568496	0.9997557906
	0.0001638932923	0.0001648320249	0.0001639047175	0.0001645866459	0.0001642076914
	0.0001700319816	0.000163534708	0.0001631157859	0.0001633511858	0.0001658750761
	0.000188755379	0.0002168190969	0.0003500206298	0.0007645170892	0.0001631151448
	0.0003653073209	0.003919030621	0.2624523747	0.1408508393	0.03690536869
	0.0112024644	0.08307774328	0.2625467293	0.0001631006098	0.000163100002
	0.7315008295	0.1388346768	0.05158141182	0.8269172123	0.05459883604
	0.04573322007	0.0001631137452	0.0001631064682	0.9412356371	0.42925384
	0.9998446129	0.9995147889	0.06416032481	0.01425660196	0.7226132347
	0.2065335839	0.03536356447	0.00936307711	0.05114634292	0.9998446343
	0.9998446468	0.9998445567	0.2851818745	0.01569609863	0.0006128445947
	0.9991754255	0.1231573664	0.0001631105931	0.00016310588	0.0001631029324
	0.9990282836	0.9976584912	0.984053374	0.8692749159	0.9998207831
	0.0001632418559	0.0001633278465	0.0001636865919	0.0001631162172	0.0001631177686
	0.0001631436862	0.0001631919802	0.000163115845	0.000228332841	0.0001631186532
	0.0001631159425	0.0001920566038	0.0001638732716	0.0007755976694	0.0009776971639
	0.002570584086	0.01226202312	0.119475257	0.2878900661	0.2759282541
	0.2980772316	0.2550003335	0.0001631024882	0.0001631069722	0.0001631019752
	0.8554953685	0.01534280725	0.0001631130826	0.999570446	0.9490671466
	0.0001631130934	0.9998446261	0.006769910766	0.003650658345	0.1627259321
	0.00499231286	0.01703319048	0.002554401488	0.9468090046	0.009421207351
	0.9998446312	0.9998213316	0.9998420366	0.07241937122	0.7835708257
	0.0009612132622	0.0001631122306	0.0001631045401	0.9997755834	0.9992809297
	0.03690208608	0.1205860074	0.0001631097282	0.0001631004472	0.9934397286
	0.9617288257	0.3136733498	0.9997822229	0.0001631657325	0.0001631251076
	0.0001631568103	0.0001631159316	0.000163125549	0.0001631192268	0.0001631174192
	0.00016311708	0.0002240308545	0.0002834996249	0.0001848436731	0.0001631162504
	0.01950285848	0.1255483842	0.3899343463	0.0008218381381	0.0113341799
	0.7300251682	0.9191861197	0.5053434956	0.4525177214	0.7298526149
	0.3973725747	0.0001631054971	0.0001630970937	0.973106915	0.0001631142258
	0.9988603594	0.1205462136	0.001506497406	0.00187789723	0.002697295191
	0.0273739785	0.006399057497	0.001732638685	0.9997144309	0.001852321693
	0.004972811317	0.9998446675	0.9998446751	0.44202824	0.0004939674009
	0.0001631108041	0.0001631033341	0.9994409805	0.9988442828	0.6036759162
	0.01076325284	0.0004237768528	0.0001630988599	0.9864362279	0.8396773912
	0.05456629339	0.9998447282	0.0001630956784	0.0001631341866	0.0001631178032
	0.0001631257879	0.0001631207215	0.0001631186775	0.0001779332656	0.0001631166582
	0.000163113482	0.0001631142899	0.0001631153565	0.003801832813	0.02673554288
	0.5275294299	0.9181735237	0.1335667573	0.5605585725	0.9870359068
	0.9514193016	0.9526073297	0.9929855279	0.8093706161	0.966479364
	0.2355407733	0.7597082835	0.0001630998709	0.0001631042621	0.9998446705
	0.02030394373	0.001631853991	0.00334720952	0.01111948669	0.002807183987
	0.9994546802	0.001666035264	0.002047698309	0.17418863	0.999844699
	0.9998446629	0.1623291861	0.8651285641	0.4251498341	0.9998447011
	0.0001631076767	0.0001631018213	0.9994679	0.993782186	0.2475468422
	0.4992821149	0.004030850358	0.02100126699	0.0243711403	0.042666354
	0.8485862615	0.0001630999804	0.0001630985429	0.0001630980382	0.0001630987086
	0.9655072785	0.07956379862	0.9998107211	0.0001631016913	0.0272874192
	0.0001631231972	0.0002125499917	0.001149334292	0.0002110471438	0.0001631147052
	0.00717048205	0.179754285	0.7757618711	0.9737759762	0.9457718779
	0.9967317412	0.9893779443	0.996789964	0.9704288046	0.9920624286
	0.606539564	0.9082145794	0.0001630994454	0.0001631013885	0.003318771925
	0.007437930911	0.9994938659	0.004341207294	0.002900977064	0.03853841808
	0.2831353645	0.9998446629	0.9998318358	0.9996651236	0.9998446725
	0.0001631037768	0.0001631070886	0.9993810613	0.9994876062	0.9970508151
	0.09070628024	0.1949563552	0.005127877733	0.01013833761	0.01075178174
	0.01378728999	0.05063738004	0.859339246	0.0001631070663	0.0001631020799
	0.0001631098356	0.0001631016771	0.0001631067518	0.000163114063	0.7600693458
	0.008784009671	0.999844711	0.0001631053154	0.05230672715	0.001997097562
	0.6615316677	0.998429869	0.9897984514	0.9989597194	0.9992001999
	0.9977269681	0.9991990354	0.9739225212	0.9973595408	0.9911134989
	0.8727457168	0.000163119265	0.0001631294269	0.007339044398	0.06443272195
	0.4482639484	0.7677061395	0.999844695	0.9998446712	0.9986201325
	0.9998446717	0.9998446628	0.0001631370854	0.0002093889228	0.9865953427
	0.9994944467	0.9998447483	0.9346934907	0.08096921778	0.006951274593
	0.01992671008	0.02298780016	0.05722638224	0.0001631447183	0.0176511201
	0.006925245072	0.9485021185	0.1006549492	0.0009014153816	0.0001631573996
	0.0001631498989	0.0005749417199	0.001759994611	0.0001631602013	0.0001631472336
	0.000163173203	0.0001631587314	0.4775789033	0.003753151499	0.9998430682
	0.005411897546	0.809121828	0.4929770898	0.9991076411	0.9773405846
	0.9970466387	0.9995385631	0.9996727765	0.9997091714	0.9987145475
	0.9995350177	0.9741262552	0.9914360774	0.9981924645	0.9962815532
	0.9077243196	0.0001631929567	0.0001632554745	0.2666392712	0.9996328924
	0.6255245871	0.9998446515	0.9998446809	0.9998446593	0.0001632453128
	0.00658036296	0.9998026786	0.002970187497	0.999844648	0.9896877929
	0.9995505675	0.954784967	0.03724408819	0.06625218929	0.02256046979
	0.3470372826	0.8043824257	0.0001632355028	0.002523850902	0.004150289219
	0.9853212874	0.8872705645	0.463364368	0.01751511741	0.0001631921419
	0.0001632784132	0.0001631954377	0.0004486345078	0.00111417603	0.002791422589
	0.0001633277779	0.0001633140174	0.0001632218203	0.0001632823324	0.2078344139
	0.001622066413	0.9998119192	0.9998431804	0.00948618153	0.9994929869
	0.9748092499	0.9697388613	0.9948815998	0.9982009296	0.9998445185
	0.9998236931	0.9998409401	0.9998445436	0.9998445535	0.9996337113
	0.9992670618	0.998427284	0.9730520364	0.9861161816	0.9953350824
	0.9342954017	0.0001633961472	0.0001634930122	0.0001636303098	0.06804955665
	0.9997760901	0.0001633193251	0.00255761774	0.9998446854	0.9998446421
	0.9153730651	0.9994369052	0.01438405422	0.07433987185	0.2270599131
	0.0213194002	0.007840529131	0.6497768098	0.9011413496	0.0001634561201
	0.0001635616081	0.0009201420934	0.002320590123	0.9998446211	0.9904296675
	0.8833475087	0.2441718938	0.0001633263788	0.0001635936844	0.0006276667849
	0.003990397365	0.02118849526	0.08606959516	0.2004218216	0.0001637760342
	0.0001636208088	0.0001634698603	0.2355213805	0.000600265226	0.9987088574
	0.9998446316	0.6835967027	0.9998445101	0.9982971246	0.9997574015
	0.999844535	0.9998445557	0.9998442009	0.999829831	0.9997610604
	0.9998445794	0.9998445914	0.9998445917	0.9998202683	0.9998446249
	0.9998099974	0.9998036219	0.9998150372	0.9998067712	0.9991263406
	0.9950493839	0.9971096343	0.9698361973	0.9882824185	0.9649976982
	0.0001641557405	0.0001650300577	0.0001644173288	0.9987866803	0.0001634731617
	0.908302536	0.001270834744	0.99984459	0.9998446218	0.9932791303
	0.9961745223	0.003907537995	0.4260402347	0.05070791117	0.007414829817
	0.8873160356	0.0001642497119	0.0001641933384	0.001947807361	0.005679191421
	0.99984459	0.9998445958	0.9998445875	0.9925901487	0.8526609336
	0.0001672681195	0.9794336465	0.0001647336573	0.00016393517	0.001882126717
	0.01028297048	0.05247367825	0.2667254937	0.0001650834703	0.0001648185483
	0.000164161712	0.4767561605	0.01572951322	0.9986159258	0.9998445051
	0.9998444731	0.6650737059	0.9998445199	0.9997114116	0.9998445434
	0.9998434761	0.9998445688	0.9998363166	0.9998263206	0.9998286309
	0.9996626913	0.9998162965	0.9994217037	0.9997221043	0.9998439708
	0.9997738287	0.9997426779	0.9997117816	0.9995908603	0.9997328992
	0.9997554375	0.9996438325	0.9997499607	0.9920560867	0.9951550343
	0.998017805	0.9963704032	0.9922298203	0.9884252596	0.9906948454
	0.9950109623	0.0001672370292	0.0001695526435	0.000169059434	0.9664506036
	0.02676543434	0.9995877844	0.9998445278	0.0001668722133	0.9897859216
	0.9930011815	0.9951679708	0.2488132661	0.4323744242	0.02057600241
	0.9431079407	0.0001666731578	0.0001659698857	0.02150046861	0.01281850937
	0.9998444757	0.9998445139	0.9998445318	0.9970650463	0.9823460626
	0.9065703212	0.001242732678	0.0001642679359	0.9948197506	0.9998443612
	0.0001701525145	0.0001650003714	0.006008668873	0.02829771829	0.3801958967
	0.1191129031	0.0001714915902	0.000167785945	0.0001660411302	0.9950093223
	0.3149246487	0.9723011069	0.9996834124	0.995195556	0.999716871
	0.9996345762	0.6724739255	0.999803495	0.9998397756	0.99984407
	0.9998354247	0.9998204986	0.9997887446	0.9906980991	0.999010995
	0.9994904864	0.9965064067	0.9989528375	0.999232069	0.9994823537
	0.9988109116	0.9994514702	0.9994912225	0.902005328	0.8276070871
	0.9655601131	0.9912865874	0.9945366186	0.9947069467	0.9974483641
	0.9989532825	0.0001756574282	0.0001769770569	0.0001776057601	0.9464750373
	0.9983285929	0.8927963257	0.8114055866	0.2522429064	0.9896518215
	0.0001724858193	0.0001703134164	0.2505479783	0.216083255	0.9998443239
	0.9998004806	0.999730613	0.992383943	0.9364453332	0.00182512081
	0.0001703056804	0.997207514	0.998664444	0.8915507207	0.9997820959
	0.0001807525982	0.0001774309457	0.0001671033533	0.01170421121	0.05561167137
	0.2283849459	0.3941582253	0.0001799691612	0.0001785826536	0.0001742082675
	0.000170662581	0.7714739899	0.9767397017	0.9989261726	0.9855289309
	0.9501013259	0.9994414171	0.9723148498	0.9997128086	0.9996513277
	0.9884597027	0.7325557512	0.3042933871	0.7480499671	0.999636188
	0.9998213016	0.9988887621	0.9972754728	0.9935999608	0.9953176783
	0.9961570664	0.9983927525	0.998321023	0.9982292576	0.9946970229
	0.4363472248	0.07520800312	0.8334717108	0.5113873291	0.9309129978
	0.9794852028	0.009610507993	0.9968723703	0.9987508973	0.9995401939
	0.0001824880196	0.0001829774019	0.00018314849	0.8805111393	0.9840556722
	0.0001771575477	0.813472484	0.9998252044	0.9981435566	0.9997686914
	0.0001795502157	0.912245709	0.9836158295	0.3369192154	0.00674217425
	0.001572226569	0.0002135863621	0.9998430617	0.9997452959	0.9994584359
	0.983625601	0.9093427056	0.9956249673	0.0001843027432	0.0001716377901
	0.03161566156	0.1350200233	0.3994378664	0.9218436908	0.0001855389499
	0.0001848636988	0.0001836500833	0.0001771182192	0.000180910266	0.0001769971415
	0.04604939775	0.9892337915	0.9989898572	0.9986465564	0.2407370085
	0.3781997445	0.07543440482	0.6298668709	0.3692268818	0.05388580439
	0.7561431955	0.01858512844	0.008187497204	0.9895608715	0.5245416374
	0.9978135094	0.101407451	0.9957087522	0.9925396886	0.9800528769
	0.9843759082	0.9913430055	0.9931289445	0.9921379638	0.1708322045
	0.03120982311	0.006952904833	0.539239265	0.8740822039	0.9346108013
	0.004552955632	0.004671551154	0.99976178	0.9988657021	0.9993864651
	0.0001842153764	0.0001848076359	0.0001836209075	0.0001843146545	0.9998428234
	0.9961637526	0.9806538507	0.0001853087666	0.9998142393	0.9198834211
	0.9675735288	0.9988971416	0.9911423952	0.01231117093	0.007276155269
	0.001034457196	0.9980030535	0.002684159804	0.9998423106	0.9998301839
	0.9993489775	0.997081951	0.9144515998	0.9956900973	0.0001855041295
	0.0001929350224	0.0358390066	0.1387840016	0.4192796921	0.3977187499
	0.9855848481	0.000186177283	0.0001867990841	0.0001873934383	0.0001825505231
	0.0001860808821	0.0003565154217	0.0001835272215	0.0003517937837	0.02206980083
	0.9989344829	0.9994349665	0.0001623476558	0.0002622723907	0.0001619905779
	0.0001618084807	0.6936803184	0.3043784063	0.06578112246	0.01157190899
	0.7246813985	0.9261762849	0.004388214518	0.8214602293	0.01382396981
	0.9947126576	0.9547857889	0.9604243454	0.9891879116	0.9523227723
	0.002100619356	0.002324776409	0.08428458651	0.009790575303	0.664553287
	0.1706649766	0.4806985324	0.7090878789	0.005423307771	0.00284776647
	0.9997638368	0.9996448977	0.9990468093	0.0001851486451	0.0001839648195
	0.0001845270129	0.9986489505	0.9813333226	0.0001880004483	0.9998304058
	0.980718522	0.9997380531	0.9967397674	0.4296296574	0.0001628292338
	0.0001626192162	0.004057566138	0.01849074356	0.001467301177	0.9976940485
	0.001640093819	0.8565905154	0.9998351065	0.9998379406	0.9996615302
	0.9828193327	0.9882206648	0.9559878486	0.9968330623	0.0001858189266
	0.0004903078314	0.6849893831	0.0990591288	0.3477206215	0.6807013183
	0.9980056375	0.0001864371542	0.0001866901342	0.000187144846	0.0001882594463
	0.0001620282027	0.0001622127621	0.0001623993072	0.0001952304829	0.0001629063625
	0.00238951364	0.9940068995	0.0001625777863	0.0001616162728	0.0001618059745
	0.7033631668	0.1340061769	0.006494875603	0.03288170251	0.9048869707
	0.9796486927	0.0007872779989	0.001806035098	0.009347760782	0.001953650987
	0.9951677538	0.8974666265	0.9596117659	0.791007432	0.001148023272
	0.001666724322	0.01211306453	0.02760210477	0.04565275465	0.3312628471
	0.1870478213	0.3274738465	0.004586611719	0.9988267872	0.9987124896
	0.0001845168507	0.0001915245026	0.0001913125276	0.0001878959735	0.9998434226
	0.9962344083	0.9998096475	0.0001854440047	0.304743478	0.0001629297893
	0.0001627879422	0.008170816731	0.04105539348	0.00293927702	0.997568135
	0.0002223462715	0.001362534489	0.9120773356	0.9997851092	0.99983873
	0.9993578805	0.9428844713	0.9962136706	0.9808700989	0.9963542465
	0.0001845236299	0.9964277491	0.8456723233	0.001816935424	0.5410827597
	0.1947470882	0.05582713407	0.8367340695	0.594402477	0.0001853899358
	0.000185921617	0.0001867138077	0.0001878587517	0.0001618616256	0.0001619944318
	0.0001621596661	0.0001624762749	0.000162308064	0.0001630227604	0.0001866215002
	0.0001630430701	0.0001629453449	0.08145940134	0.0001626771262	0.0001615877687
	0.0001617578131	0.5001619096	0.7272260694	0.06187957991	0.001813991448
	0.01109933549	0.962914946	0.9946678166	0.9976099033	0.0004975597912
	0.0001913815143	0.001966940527	0.0005814553123	0.0003527107368	0.0004978163857
	0.9680542607	0.8769519409	0.844755616	0.5759159692	0.0008617082769
	0.001932203945	0.0162898681	0.02324267372	0.07972268103	0.116857904
	0.006051631161	0.9958920304	0.000189960017	0.0002005349472	0.0002089174464
	0.9998208194	0.000184603943	0.1780299762	0.0001630219964	0.0001628631299
	0.01481279003	0.05753341372	0.007957587865	0.854626657	0.000162428763
	0.9111914517	0.1730284662	0.9996376444	0.9588180501	0.520905007
	0.999799753	0.996464466	0.9798878982	0.000184344683	0.0001881763884
	0.9998219698	0.8440599142	0.0001851025132	0.5025872274	0.03354926867
	0.01607911987	0.001336245799	0.0001848476291	0.0001855721632	0.0001856827802
	0.0001865571533	0.0001622258329	0.0001620142289	0.000162090906	0.0001625560163
	0.0001624016466	0.0001628576775	0.0001630352994	0.0001630107025	0.000184076286
	0.0001629954434	0.0001630257279	0.0001630421065	0.9855100343	0.01662377645
	0.0001627188952	0.0001626106826	0.0001626274297	0.314679449	0.5733109479
	0.06768201106	0.01413759196	0.000249834534	0.002475363608	0.6929714717
	0.9500682659	0.9671565454	0.9833308797	0.0004126702111	0.0001915375534
	0.0001629003089	0.000162944575	0.0001629181985	0.0002332385879	0.0002966599585
	0.0002483441337	0.0002486786801	0.6269727363	0.5822545845	0.1614486368
	0.002199019234	0.0007932954549	0.007565183103	0.01270119055	0.02952167871
	0.003156671545	0.4604653086	0.000197065386	0.0001984291654	0.0003914551888
	0.01910418996	0.1046695544	0.0001630652452	0.8910621988	0.01069374876
	0.924055425	0.323201977	0.9964031361	0.9795031326	0.0001897801953
	0.9996672637	0.03487689939	0.1249169888	0.0002323635736	0.000182635938
	0.006524877605	0.0003787050339	0.0002915591179	0.0004510654032	0.0001629943611
	0.0001842485796	0.000182682495	0.0001845230352	0.0001832029115	0.0001623598636
	0.0001626284196	0.0001625868789	0.0001624615458	0.0001635239526	0.0001628860649
	0.0001630214665	0.0001629960467	0.0001629757662	0.06660872624	0.0001811106175
	0.0001629484406	0.0001629561979	0.0001794555849	0.574546633	0.01295313519
	0.0001627754642	0.000163130188	0.0001633270747	0.0001631982009	0.5759561273
	0.2130586344	0.1091191386	0.01562510691	0.002376604057	0.0002715263051
	0.2795144878	0.5174499929	0.9528064696	0.1566752228	0.0004270635069
	0.0002347285835	0.0002274711085	0.0001951559474	0.0001628648855	0.0001628141103
	0.0001628156946	0.0001628008402	0.0001627200725	0.0001821195505	0.0001625908825
	0.08383688876	0.01442231338	0.001163401853	0.000362616672	0.003137629366
	0.004344512159	0.001595529352	0.001390784332	0.0001739848479	0.0003524181262
	0.0001683963041	0.0003153044398	0.8920530185	0.0002231235461	0.2610039765
	0.9772237547	0.000178319447	0.9686144958	0.9997107135	0.004071230443
	0.006349525311	0.0001797593248	0.0001786259437	0.0001629753021	0.0002827008685
	0.0002111620428	0.0001629300772	0.0001778382728	0.0001784433832	0.0001807425544
	0.0001793088339	0.0001630950782	0.0001628743781	0.0001628946757	0.000162683087
	0.000163801329	0.0001639325523	0.0001691657442	0.0001678791157	0.0001630024884
	0.0001629870263	0.0001629257413	0.0001629543615	0.007040869182	0.0001628512724
	0.0001764995393	0.000162867125	0.0001623154751	0.0002231312942	0.02186736866
	0.0001628532778	0.0001635071346	0.000163635438	0.0001637240334	0.9271605008
	0.4839136966	0.05275254882	0.01319045252	0.002434059578	0.0002519978948
	0.05172858293	0.9483925088	0.4221810531	0.001445899502	0.0002429112973
	0.0002143477552	0.0002414706584	0.0003430502322	0.0002757634364	0.000212836788
	0.0001647773108	0.0001639042776	0.0003124075576	0.0001862625234	0.0001643544322
	0.0001627359908	0.0001626533089	0.0001626837352	0.0001626060159	0.0001625020138
	0.005174507258	0.001202398213	0.0004350668096	0.001683989542	0.0009821121466
	0.0005620049047	0.0001664631276	0.000174278772	0.0001652225239	0.0001753773386
	0.999844738	0.0005172305571	0.0001700566022	0.0001752884911	0.0003016181915
	0.0001769441739	0.000162630667	0.0001628701376	0.0001626772697	0.000175097074
	0.0001730183484	0.0001761684603	0.9690050796	0.0001633785229	0.0001632850022
	0.0001631154674	0.0001707737188	0.0001640434551	0.0001639840994	0.0001641430703
	0.0001651074644	0.0001712002371	0.000162388014	0.0001611435528	0.0001628446438
	0.000166878232	0.0001658207856	0.999635812	0.0001630048585	0.0001630086808
	0.0001629504886	0.000162884914	0.0001628984761	0.003873727956	0.0001624588981
	0.0001627539382	0.0001703949943	0.000162715817	0.00015955903	0.0005711152118
	0.0001632171958	0.0001637828584	0.0001636458668	0.0001639552332	0.9510880608
	0.03925760496	0.287884778	0.009663461196	0.002009188846	0.05620055421
	0.5599174645	0.0001550781104	0.0003513670974	0.0002998229143	0.0004247229473
	0.0002273233461	0.0001857663148	0.0001621476133	0.0001726793726	0.0001622131309
	0.000162468785	0.0001623576518	0.000162517091	0.0002929065911	0.0002113805909
	0.0001704027542	0.0001625986381	0.0001625684248	0.0002506487964	0.0006227941396
	0.0004091653523	0.0003758309713	0.0006555052348	0.000148423598	0.000164338814
	0.0001639500013	0.0001634364375	0.0001633005071	0.0001638503513	0.0001684561612
	0.0001727493812	0.0001623431213	0.000170275087	0.0001700063577	0.9687098712
	0.0001635419223	0.0001634092359	0.000168306509	0.000161531711	0.0001641892317
	0.0017125555	0.0001642514254	0.0001642645835	0.0001638274408	0.0001692450204
	0.0001585690351	0.0001615065889	0.0001595627148	0.0001627332779	0.000162791961
	0.000166011785	0.0001643981063	0.000164137164	0.9998165713	0.0001633581362
	0.0001632269624	0.0001631337502	0.0001629807734	0.0001629044706	0.0001628286947
	0.0001628015989	0.005836592855	0.0001621713393	0.0001678015525	0.0001624950838
	0.0001558421841	0.0001634955922	0.000163794118	0.0001640575216	0.0001639397521
	0.000164310526	0.9017997296	0.2034671685	0.019453466	0.1711598359
	0.9105537962	0.0001500235771	0.0001434016156	0.0001407258575	0.000138223072
	0.0002195360983	0.000162362653	0.0001626846175	0.0001624943258	0.0001620343218
	0.0001620755378	0.0003083110931	0.0001625250221	0.0001626699405	0.0001689978377
	0.0002237361676	0.0001625970117	0.0001549383252	0.000338961528	0.0001811418848
	0.000246281478	0.0001475024299	0.0001632434742	0.0001633468229	0.0001634461956
	0.0001632141296	0.0001631925145	0.0001631018424	0.0001632084237	0.0001636784975
	0.0001656909922	0.0001595360642	0.0001644256673	0.002528731968	0.0001632245215
	0.0001635638959	0.0001667881203	0.0001572207929	0.0001614532468	0.00015854419
	0.0001626779782	0.03311502172	0.0001638251294	0.0001636186043	0.9791612214
	0.9995488076	0.0001632198461	0.0001632934344	0.0001631969936	0.0001630713924
	0.0001629657752	0.0001627114931	0.0252893956	0.0001634927592	0.0001616720288
	0.1106805483	0.0001624756769	0.0001539780365	0.0001637016207	0.0001639141642
	0.0001641243339	0.0001643255302	0.0001644349719	0.0001646666598	0.02303595
	0.697157256	0.1809922588	0.6554447604	0.9666605991	0.0001631761624
	0.0001496444942	0.0001369576367	0.0001440728848	0.0001424381287	0.0001377371636
	0.0001373459056	0.0001440927873	0.0001648994659	0.0001626733142	0.0001624561513
	0.0001625263948	0.0001623717871	0.0001623837266	0.0002556288252	0.0001624699935
	0.0001626405604	0.0001650743624	0.0001625321816	0.0001486973361	0.0002525227469
	0.0001530901001	0.0001991403385	0.0001473214766	0.0001631497377	0.0001631507332
	0.0001631190524	0.0001631113129	0.0001631693041	0.0001630614211	0.0001631484961
	0.0001630927433	0.00195346383	0.0001632289824	0.545704902	0.0001557127661
	0.0001569621114	0.0001596969252	0.0001607516448	0.0001626263341	0.3773516913
	0.009117569126	0.0001632790184	0.9725730771	0.9998473617	0.0001631848685
	0.0001633717866	0.0001631191016	0.0001627482543	0.0001626512804	0.9987645717
	0.0001635688062	0.0001612913153	0.0001620001522	0.0001557024744	0.9993721884
	0.9508193821	0.0001631948498	0.0003319633879	0.0001624732275	0.0001524231984
	0.0001639153112	0.000163731644	0.000163964543	0.01045742979	0.001772903365
	0.0001636898118	0.0001634466346	0.0001679757946	0.09122776387	0.5868702395
	0.0001370607139	0.999846159	0.0001396047356	0.0001631084488	0.000163113654
	0.0001496625499	0.0001446598115	0.0001373309244	0.0001411858649	0.0001422808203
	0.0001491122592	0.0001510438247	0.000162879996	0.0001625959619	0.0001624788863
	0.000162508413	0.0001624426946	0.0001723183372	0.0001623556667	0.0001689969842
	0.0001520348896	0.0001612329649	0.0001591602446	0.0001534246819	0.0001630555655
	0.0001630392146	0.0001631611425	0.0001630537323	0.0001630813803	0.0001630552758
	0.0001631361594	0.0001630651542	0.0001630522699	0.0001584093547	0.0001625956989
	0.201351531	0.007349381217	0.9724622344	0.9998458194	0.0001582772466
	0.0001611197366	0.0001631649244	0.8825024927	0.0001629999252	0.0001629540591
	0.0001626857314	0.0001627598399	0.0001626342689	0.9998380602	0.9997654237
	0.0001628776689	0.0001616492321	0.0001620299468	0.0001574818907	0.9992394928
	0.03703461917	0.0002079634785	0.0001623510577	0.0001625646697	0.0001570315927
	0.0001628706723	0.0001629806856	0.01582132513	0.002307474426	0.0001628889678
	0.0001629213479	0.0001949149896	0.0001573704742	0.6798598498	0.1434520532
	0.000153243175	0.0001395448548	0.0001376782184	0.9998444567	0.9997332392
	0.0001464395533	0.000147105449	0.0001630612708	0.0002079097756	0.0001630340374
	0.0001443901446	0.0001386317488	0.0001630615102	0.0001504037316	0.0001514022609
	0.0001546226585	0.0001552474772	0.0001628638802	0.0001625545779	0.000162484821
	0.0001624398718	0.0001621513075	0.0001628642493	0.0001587099759	0.0001620464278
	0.0001547662189	0.0001548782999	0.0001545702146	0.0001630062834	0.000163015214
	0.0001629938867	0.0001631196759	0.000163078435	0.0001633614786	0.0001631226682
	0.0001630859305	0.0001938091744	0.1808110972	0.964530594	0.0001608337895
	0.0001636952542	0.9427337503	0.0001628276221	0.000162757255	0.0001626822505
	0.0001626210512	0.9995648908	0.0001627703293	0.001941485525	0.0001621642953
	0.0001617746521	0.0001603770986	0.7775360835	0.9988590941	0.01411005601
	0.000247953096	0.0001626197755	0.0001623983731	0.0001625634724	0.000159934344
	0.0001598855891	0.0001627845995	0.02011961897	0.0001628093683	0.000162874625
	0.0001629387609	0.0001595352865	0.3257076234	0.944233727	0.0001569610705
	0.0001480835783	0.0001475333532	0.0001397755979	0.0001385394775	0.9996994612
	0.9992263586	0.0001527435615	0.0001531261515	0.0001630598961	0.0002076643993
	0.0001630290631	0.0001478443169	0.0001397964147	0.0001630155323	0.0001630559656
	0.0001631130281	0.0001559928179	0.0001565822086	0.0001561124042	0.0001564660369
	0.0001625320473	0.0001621292155	0.0001604722578	0.0001628784662	0.0001628704797
	0.0001625307841	0.0001570041294	0.0001554169016	0.0001536485484	0.0001629940614
	0.000162975474	0.000162992416	0.0001629603563	0.0001631211825	0.0001661484719
	0.0001644662251	0.0001666243093	0.0002182150965	0.0002785052367	0.0003914126814
	0.0001626799523	0.9995157459	0.0001627237527	0.002484257191	0.000162200814
	0.000161762571	0.0001626771429	0.4464021028	0.999237855	0.9226063115
	0.000906411163	0.009251677262	0.0001618870997	0.0001626181047	0.0001625509368
	0.0001618585827	0.0001617943197	0.0001627376221	0.0001627766885	0.01950755774
	0.0001628280133	0.0001628827363	0.000414372048	0.0001604823714	0.7896932238
	0.2004083865	0.0001695039158	0.0001568910591	0.9265079167	0.0001533791792
	0.0001418593415	0.0001490325162	0.0001392026392	0.0001439577008	0.0001398775274
	0.9998264533	0.0001571168082	0.0001569326652	0.0001645223357	0.08356467989
	0.0001630457604	0.000163030225	0.0002215968566	0.0002437095989	0.000210656788
	0.000163098676	0.0001630437019	0.0001629902296	0.0001630135462	0.0001631268587
	0.0001573956031	0.0001581107952	0.0001571920082	0.00015713449	0.0002025838306
	0.000161040174	0.0001628962954	0.0001629127948	0.0001625095182	0.0001568462978
	0.0001629973939	0.00016299908	0.0001629802272	0.0001629465736	0.0001630131609
	0.0002007686742	0.0001931704831	0.0001844033113	0.000171028526	0.0003056604068
	0.00115523884	0.0001622376874	0.4847313217	0.0001626710122	0.000162349389
	0.0001625834249	0.07350061909	0.9191789654	0.8108182224	0.3779950238
	0.0001625418945	0.0001626145021	0.000162530661	0.0001623054307	0.0001627648037
	0.0001627151559	0.00650502028	0.0001628112716	0.0001629139002	0.0001628595844
	0.0001624585033	0.0001607474228	0.04010693955	0.01028108174	0.0002335538682
	0.0002308940541	0.9998445245	0.9297861441	0.0001576422596	0.0001545655382
	0.0001519055125	0.0001542258669	0.0001465060446	0.0003644410018	0.004991686893
	0.9998446006	0.0001587667666	0.841273612	0.0002555845366	0.02844849104
	0.000163067345	0.0005340416636	0.0006735825888	0.0003329400523	0.04858559128
	0.0004164148963	0.0001729985286	0.0003317039975	0.0001630109242	0.0001629371224
	0.000162986797	0.0001629811091	0.0005203169307	0.0006008804223	0.0001592532117
	0.000158883944	0.0001590904445	0.008887838429	0.0001871951924	0.0001626661824
	0.0001613181098	0.0001625823928	0.0001611102048	0.0001630388121	0.0001630456384
	0.0001630071163	0.0001630362332	0.0001630513146	0.002475147977	0.0002367293803
	0.0002264895065	0.0004061155928	0.0005229262252	0.0145970984	0.0001626468913
	0.0001626627531	0.0001626555278	0.9443101875	0.9993344775	0.0001627368459
	0.0001625802196	0.9998446622	0.0001627049615	0.006680526363	0.0001627734048
	0.0002611126054	0.0001627013222	0.0001941273266	0.002230318193	0.3008152777
	0.01926917186	0.2206191897	0.2320894109	0.0004230996424	0.9538733912
	0.001091978491	0.9998445683	0.9998444936	0.9991305006	0.0001595512705
	0.0001583808162	0.0001561329529	0.000155601811	0.0001572601722	0.0001543134283
	0.001504452803	0.01136701037	0.9998446549	0.3736106333	0.08945002765
	0.0002129289785	0.9590198621	0.0004673150255	0.03219715251	0.002101795734
	0.0007566975207	0.0008350175904	0.003492981547	0.494486599	0.0001630150044
	0.0009653992714	0.0001641186115	0.0001935986731	0.0001629824681	0.0001630183602
	0.0001629441761	0.000162994453	0.003127487326	0.02198190897	0.06529981997
	0.2529061525	0.0002283705301	0.0002502292657	0.05451025522	0.000162746485
	0.0001625160993	0.0001633412802	0.0002089019934	0.0001631210697	0.0001630400059
	0.0001630714112	0.0001631479122	0.01004280913	0.2098408139	0.0002821897747
	0.005325457563	0.01035265067	0.009631859795	0.0009610790533	0.001710929216
	0.009852788797	0.5590421577	0.1031003548	0.08410609133	0.9037506787
	0.4605505631	0.9991909975	0.2815931925	0.0001571163638	0.9998446184
	0.9998445932	0.9998447277	0.0001599936133	0.0001585052728	0.0001600010746
	0.02063068727	0.000614996299	0.00379614122	0.9998447114	0.0001630173085
	0.6989280078	0.07617583573	0.5028614867	0.2445800476	0.05462739161
	0.009550787448	0.9831170351	0.00389105797	0.06784084503	0.001095302374
	0.315134842	0.671458703	0.958724501	0.0001629836085	0.0009862379749
	0.0002078580647	0.0001630358648	0.0001629539848	0.0001630246174	0.0001629990105
	0.002436106775	0.005932502256	0.08910474317	0.1253032825	0.866418838
	0.8944670077	0.08441616787	0.0002028745068	0.0002736022929	0.0001815822814
	0.0001627458536	0.0001782869269	0.0001770908154	0.0001632316039	0.0001630452928
	0.0001631035176	0.0001631775744	0.0001632351005	0.9106331721	0.1961932882
	0.4086379612	0.0200968918	0.9986897514	0.9998447016	0.9856878329
	0.0001592594743	0.9998447119	0.9998447531	0.0001612918234	0.000191021423
	0.0001608674176	0.009044393394	0.001019299482	0.001457157056	0.9998447441
	0.8922851902	0.0001629936263	0.4844128057	0.9359179248	0.9995973276
	0.7360408328	0.965684463	0.5726987277	0.1918738828	0.02559042822
	0.5542280057	0.9337434932	0.001647764763	0.004629292456	0.000510974456
	0.9989642082	0.9988733042	0.0001629632638	0.0001630041069	0.0004419325063
	0.000202576752	0.0001630476574	0.000163022824	0.009637928355	0.0001630028813
	0.0001630345538	0.0002794849483	0.0004505218639	0.2684424992	0.5354503024
	0.8518132201	0.9992248713	0.9156976076	0.04296654529	0.0009408809087
	0.0002048649657	0.0004167089548	0.002954142497	0.0002346057998	0.00022808103
	0.00016304142	0.0001633648173	0.0001632977636	0.000163067364	0.0001631325415
	0.0001631887214	0.9992753398	0.9963424762	0.9530073378	0.7306657377
	0.008326414705	0.002694699289	0.9964849852	0.000162966481	0.1571819271
	0.9967755534	0.9786705273	0.9212446033	0.9921411853	0.001177797298
	0.8288902874	0.9985738474	0.04659025441	0.558049603	0.1614356283
	0.8212822025	0.2623250839	0.00319463035	0.0001907709806	0.9892387208
	0.9995798808	0.01174793488	0.0001630066403	0.000162974286	0.0001630632632
	0.0001630236488	0.0001630603421	0.000457220278	0.0001630544923	0.0001630324868
	0.0001630666016	0.0001630707934	0.05657011401	0.7321432723	0.8995817652
	0.967957028	0.0565296321	0.9998430071	0.9004743476	0.001546978319
	0.06371435602	0.008347058329	0.1612712466	0.6097968459	0.0002385703441
	0.000163059853	0.0001630316905	0.0001631869825	0.0001630957957	0.9989953177
	0.9994970568	0.9994994736	0.9984203466	0.9984488164	0.9817624941
	0.9840487101	0.7435735773	0.9733572828	0.9973780399	0.00940334711
	0.0001630745843	0.9077688752	0.9995097052	0.5224472112	0.1761591504
	0.8302939129	0.00619075391	0.9920733807	0.9294185907	0.9994866607
	0.0004579990141	0.004108473284	0.9998426728	0.01036046199	0.0001630335423
	0.0001630206809	0.0001629875083	0.0001630219164	0.0001630248194	0.0001630765052
	0.0001630562309	0.0001630291142	0.007938951887	0.0001630315678	0.1996559228
	0.02351771978	0.68636988	0.9794179441	0.9719814107	0.996361681
	0.9131371911	0.9064390703	0.9998430362	0.5354622527	0.3165939162
	0.9976267952	0.0002018611896	0.0001630464245	0.0001630234774	0.0001630923185
	0.9995459832	0.9995757677	0.9996109663	0.9991883518	0.9925917539
	0.06111709434	0.0001630629657	0.9736852986	0.9998421903	0.4266143381
	0.1023394538	0.9898335172	0.8891247351	0.999674591	0.9995274571
	0.001526769124	0.2763030696	0.9998425514	0.01748586109	0.0001630518959
	0.0001630301907	0.0001629994796	0.0001630100873	0.0006500895903	0.0001630306369
	0.000163042659	0.0001630213834	0.008088366546	0.0001630340525	0.3142356271
	0.03037529242	0.08848752946	0.8532242496	0.9955769667	0.9787422431
	0.9997638829	0.9997404324	0.9566300212	0.999709373	0.9994555258
	0.9938199041	0.9995397762	0.0001627032931	0.0001630133628	0.0001630309814
	0.0001628277692	0.9995606285	0.9995134335	0.9996261793	0.9997382353
	0.9581062929	0.9995568751	0.6669262819	0.9762612649	0.9996840604
	0.003142978674	0.5708855339	0.9251298565	0.9289836917	0.05119782952
	0.0001630610484	0.0001630375122	0.000163040734	0.0002433132885	0.001354860976
	0.0001630409418	0.0001630488883	0.0001630207656	0.007671261903	0.0001839553557
	0.03351265927	0.6864501073	0.3935044864	0.1331649834	0.9523425882
	0.9963902951	0.9912868355	0.9997075382	0.9998392322	0.9998326905
	0.9997516593	0.0004892149179	0.9994306805	0.9997471811	0.9997035538
	0.0001625593782	0.0001630019887	0.0001804978439	0.9998221083	0.9996179238
	0.9996271365	0.9997432058	0.2397953785	0.0001630616849	0.001772588543
	0.0001630479456	0.0001630639122	0.0001630664845	0.0001630327114	0.002267196952
	0.01011628199	0.002784152172	0.07347873496	0.05392048933	0.1439205302
	0.9009592864	0.72054574	0.4191025916	0.9734337611	0.000163031261
	0.9985108408	0.999844599	0.9959083358	0.9998443657	0.999844062
	0.9998380863	0.002957915621	0.9303159705	0.9998359311	0.9998399622
	0.002642075219	0.00151979208	0.9998435731	0.9998443699	0.999769799
	0.9998219807	0.9997607371	0.999805476	0.0001630525403	0.03320150368
	0.0001630682583	0.01247796524	0.4366302025	0.3452245282	0.1387008748
	0.9235776052	0.7679105025	0.9998441877	0.0001630619331	0.7006104168
	0.9911839702	0.9779338144	0.9984269274	0.0001630283697	0.9998446593
	0.9998446582	0.9998446615	0.9998446605	0.9998413315	0.02610099163
	0.9888824135	0.9998432989	0.01233833363	0.9998446636	0.9998446626
	0.9998422948	0.999836392	0.9998437606	0.9998363059	0.06670059362
	0.8330629315	0.418973242	0.2468343135	0.9242941604	0.9998446647
	0.739598068	0.007252547788	0.0001630565079	0.9016113918	0.9958395552
	0.984226122	0.9998446582	0.0008853295676	0.9998446602	0.9998446592
	0.9998446613	0.9998446623	0.999844406	0.858123703	0.2305456324
	0.9819169642	0.03380961268	0.9998446637	0.9998446683	0.9998446693
	0.999844666	0.999844667	0.6506765823	0.967105346	0.9998446649
	0.9998446676	0.9124111855	0.034772914	0.9998446659	0.001021234526
	0.9789294183	0.997202149	0.9932784516	0.9998446584	0.9998446594
	0.003509618401	0.0002005653047	0.9998446605	0.999844663	0.9998446617
	0.9998446643	0.9998443574	0.9494556303	0.2156462745	0.9998446652
	0.9998446684	0.9998446693	0.9998446671	0.4308056987	0.9998446666
	0.2701599041	0.9963000953	0.9992697053	0.9998446583	0.9998446561
	0.9998446617	0.0328974951	0.01017722921	0.9998446577	0.9998446599
	0.999844664	0.9998446614	0.9998443092	0.9539842051	0.3966619123
	0.9998446666	0.9998446697	0.9998446677	0.9998446685	0.9076629831
	0.998651154	0.9998446544	0.9998446593	0.09954187245	0.9998446646
	0.9980047986	0.3668193198	0.9998446577	0.9998446599	0.9998446633
	0.9982938343	0.582576706	0.9696023541	0.9998443607	0.9589423589
	0.99984467	0.9998446664	0.9998446683	0.8819083032	0.9998446657
	0.9824391628	0.9994646488	0.9203742884	0.9921451723	0.9998445068
	0.9998446698	0.9998446677	0.9998446537	