2030	
	0.9451689636	0.9530849437	0.8718766927	0.9577788358	0.6308675891
	0.9602305508	0.9573133332	0.9541488331	0.7913820157	0.9574605098
	0.3816299034	0.8027095076	0.6221530834	0.3520438548	0.5785776179
	0.2311634483	0.9124422398	0.1324174947	0.9355224793	0.4638814258
	0.5026946168	0.9596125609	0.9603329661	0.9594882757	0.939735859
	0.9196653433	0.7446271843	0.9457997867	0.09580034623	0.834364063
	0.8734112035	0.1365662837	0.3583001159	0.9091927581	0.08072029489
	0.04780516651	0.9517716709	0.9589773227	0.752032174	0.2653040464
	0.4836417161	0.05661523805	0.04712479893	0.04804617598	0.04471611879
	0.9486848194	0.1474117701	0.9582405217	0.613924343	0.9605236077
	0.9604292481	0.960320936	0.8730497996	0.4711434827	0.3324725159
	0.04495204789	0.9379889043	0.9445297135	0.9299632566	0.07576921212
	0.2100830761	0.03880782134	0.9605468544	0.9598033017	0.6461778324
	0.2552581853	0.1528595688	0.04442126097	0.04083257094	0.03937735719
	0.04282300607	0.03864266267	0.947027625	0.5903459023	0.04145174894
	0.05268296415	0.1080813465	0.9605031273	0.07361657454	0.04716663939
	0.960640417	0.9606340252	0.9583610022	0.4558603173	0.1017890816
	0.15720043	0.04196371559	0.9597571355	0.9439632293	0.7686929892
	0.05084481467	0.06228256319	0.03874796963	0.9605052795	0.2419510845
	0.4801949588	0.09110627931	0.04106428891	0.03797909791	0.03878997335
	0.03473953274	0.8415371134	0.4085991367	0.04089691975	0.0439986205
	0.04882554855	0.05696510276	0.04088106865	0.2920877038	0.233073042
	0.04093737622	0.9009917647	0.03993806153	0.04089339225	0.9503540872
	0.04087037121	0.9605814875	0.9607003709	0.9573069947	0.04806896097
	0.04089650377	0.03987034113	0.959777818	0.8728574105	0.7069207731
	0.03168062077	0.4537310285	0.09314781618	0.0614917166	0.04259210255
	0.03466340653	0.02553439048	0.6559056141	0.04104336786	0.04129026085
	0.07884310437	0.04066627102	0.04093769778	0.2094741313	0.04107087281
	0.9544969409	0.04094545146	0.04087419198	0.04087926273	0.04090322673
	0.9273553251	0.04098521296	0.06052094057	0.0433587258	0.04087182217
	0.4832225956	0.9607843792	0.9602174011	0.04100222146	0.04101382132
	0.0404665991	0.9605365032	0.9454314725	0.7541227818	0.1223826398
	0.05187734762	0.04472341773	0.04374748981	0.03829603033	0.9178637119
	0.7367149824	0.3958006524	0.0411108061	0.04113540459	0.04086642032
	0.04105348563	0.04128946116	0.9590323895	0.04096483776	0.04088174112
	0.04086212079	0.04099910311	0.04090299684	0.9545951644	0.04790286098
	0.3794241637	0.04320326191	0.0405422629	0.7919653056	0.5105095286
	0.04086804367	0.350251052	0.961171335	0.9604717494	0.04123226327
	0.0409984509	0.04342209916	0.9537500006	0.9604943887	0.8781535282
	0.1277180857	0.1013415508	0.04479682462	0.0557013869	0.05871620172
	0.9523754031	0.7624795647	0.04119296937	0.04091000973	0.0411772111
	0.04117527832	0.04113306594	0.9591814548	0.04107571198	0.04103137937
	0.04091078314	0.040860503	0.04378302035	0.0410452514	0.1107607219
	0.08467362264	0.3362388108	0.8398532595	0.0428210684	0.04876650781
	0.04196648872	0.1775302336	0.5519265905	0.06131865366	0.04114282518
	0.2316852277	0.4382743057	0.116678683	0.4030778218	0.2091119926
	0.9607132242	0.9604154964	0.9602480817	0.04131957111	0.04105868225
	0.04456597253	0.04117688086	0.9465008856	0.1690419371	0.05787309352
	0.09540764495	0.06315403073	0.6883520346	0.9398264526	0.04117035318
	0.04216059679	0.04109475393	0.04099994491	0.9603669695	0.04109440624
	0.04174878586	0.05171687905	0.1188843143	0.1552351682	0.6351554195
	0.834508436	0.05908641087	0.05480674199	0.06889311576	0.1151022992
	0.2961320076	0.6605368579	0.05620233539	0.08358515602	0.04106971702
	0.06149712954	0.7116000183	0.0794088463	0.1822086868	0.1056929289
	0.4900122744	0.9607005327	0.960739397	0.2262695552	0.3602997481
	0.8435065547	0.364945407	0.9599479043	0.9348215571	0.3409832481
	0.3528024274	0.4562686183	0.5265528037	0.2474962547	0.9591161916
	0.9507481725	0.9605133465	0.04118448521	0.0411517817	0.04108041627
	0.04113410941	0.05004548296	0.08045070533	0.2030484669	0.1503176921
	0.1119718201	0.9524906701	0.9595173145	0.04259931875	0.04093389177
	0.04107103975	0.9599703233	0.04273756236	0.04704175182	0.4127715034
	0.2634485274	0.315654717	0.2164906316	0.7645440117	0.8381649717
	0.1323823966	0.08568134537	0.4086278551	0.4527349303	0.1044910267
	0.1571645828	0.7652003605	0.05851160045	0.04651778215	0.5528422452
	0.1040283501	0.4504014869	0.8551491705	0.8937109556	0.8962451748
	0.9586709879	0.9500652263	0.9108944459	0.9254188528	0.1173595882
	0.6387700899	0.7474966975	0.806652584	0.5944522409	0.1323746502
	0.4084193878	0.6722011675	0.9425801526	0.6567005221	0.299829196
	0.5282740511	0.6114880687	0.4431638043	0.7321144566	0.9323488084
	0.8383377909	0.6080988615	0.906295652	0.6714044308	0.09534933611
	0.1499698584	0.04108828217	0.1591334785	0.3171998509	0.4713042807
	0.7447905936	0.767351669	0.8508516021	0.8437359908	0.9588464755
	0.04100098077	0.04109307728	0.04117652445	0.04228264146	0.07263161676
	0.1679392436	0.04936365261	0.1550224797	0.9604264138	0.04471453355
	0.07229707304	0.04094386165	0.04622341409	0.04745364583	0.9061817201
	0.9395498653	0.1439288278	0.6133298294	0.2237629101	0.9579018045
	0.04819313205	0.2844372039	0.7668431161	0.048210414	0.04546070161
	0.04566454696	0.05870529341	0.9158270279	0.9525091567	0.9600395682
	0.9587840276	0.5332626594	0.7721463189	0.7380984393	0.9033243428
	0.8863368555	0.9125833027	0.6046581578	0.8633469007	0.244712545
	0.7268747154	0.5916211658	0.6579369768	0.1992001599	0.2998517695
	0.5361247035	0.9307494349	0.8424874013	0.958117648	0.9467378485
	0.7565795507	0.8760265768	0.6620918936	0.05778676427	0.0427880181
	0.2982989031	0.09253435656	0.2055391063	0.05408743099	0.04099768256
	0.04103218877	0.1592827375	0.4771121607	0.618218128	0.4110461548
	0.2604454954	0.1338239814	0.5225932934	0.8445893335	0.3726040688
	0.6082468979	0.5512260101	0.4931635703	0.429644845	0.3147401712
	0.04238446627	0.03524287549	0.04304613024	0.7699375247	0.07667843487
	0.05108513258	0.06554963617	0.3814782113	0.05829306387	0.04714511227
	0.0684775903	0.6003552995	0.9604165414	0.05716775388	0.04112960194
	0.04122908312	0.04669149928	0.1486790191	0.2915085798	0.07984220617
	0.04681986186	0.07418698636	0.9572201442	0.03635655857	0.1548405437
	0.2065834088	0.03472883325	0.9606274428	0.7147970343	0.9409544732
	0.4431109614	0.954426411	0.05943843124	0.6222752963	0.04060603658
	0.04466187246	0.1214432641	0.957072639	0.9544792053	0.9595045339
	0.9368934164	0.1014322095	0.5380563213	0.2954921192	0.4304096936
	0.7768418074	0.6433874504	0.7237365838	0.4182925873	0.7083982596
	0.2026329835	0.426468368	0.1373015367	0.1194189716	0.2176640622
	0.6348884877	0.9370184156	0.8886758341	0.9605207993	0.9530844389
	0.4583379081	0.3641802752	0.04718435463	0.04119819672	0.04175699122
	0.04081359563	0.5828029922	0.6141371924	0.3865850341	0.05046508563
	0.0410731545	0.102747747	0.04396672351	0.04102296534	0.07715297307
	0.7720320444	0.9211488574	0.1635735528	0.06540018576	0.2628424278
	0.02987820176	0.03841180717	0.02926650934	0.04223097102	0.04041453388
	0.03709645672	0.04920743899	0.04755560901	0.05594811985	0.07216900301
	0.06946810326	0.05287156165	0.4539433493	0.2565856903	0.03916129932
	0.04193250167	0.07960235342	0.1977844769	0.2678120248	0.2190105423
	0.2070386398	0.09064323971	0.2427631964	0.2193901703	0.03939561611
	0.9565513688	0.1816612369	0.04295235359	0.9608186554	0.04048942192
	0.04627060616	0.07172084529	0.3056806464	0.9607855256	0.9603015275
	0.3589249149	0.04822549629	0.03990954776	0.05928480415	0.04310323424
	0.05890667052	0.0275848022	0.4773339901	0.6371850844	0.03321941909
	0.9608173959	0.8564192418	0.8712913222	0.9534915907	0.0664394745
	0.04347832874	0.9363136437	0.9588637286	0.9526046219	0.9600851551
	0.158083695	0.0491320016	0.2155257831	0.6575173906	0.7437853179
	0.4722445343	0.5001520568	0.2284513161	0.4988763435	0.1459270812
	0.2179675564	0.06855714882	0.05073296094	0.125897156	0.6574084245
	0.828043488	0.9606853338	0.9512992271	0.2186180343	0.292427157
	0.04443074219	0.04083005662	0.04086167803	0.04085495465	0.04042543412
	0.8827927564	0.5756726813	0.8173908786	0.9314104443	0.8628434594
	0.04156422512	0.2463797832	0.264572857	0.8968800545	0.04085523197
	0.02983638264	0.03584356748	0.04058029047	0.0405651971	0.0394942695
	0.04085741154	0.04480707562	0.04195736786	0.05657759834	0.04482589466
	0.06520019243	0.06045130132	0.2711556364	0.03637306327	0.03970724189
	0.1428875557	0.300220528	0.06329048554	0.1621752703	0.04154606823
	0.04049506528	0.9593349895	0.05440384528	0.1089415762	0.126224625
	0.2065330075	0.9607392346	0.9608056848	0.04052801541	0.04058579483
	0.04064934446	0.04375774883	0.07297347786	0.04172113689	0.05035154274
	0.04845176537	0.04059238882	0.03537939405	0.03979594914	0.4798704288
	0.0407455845	0.04048220139	0.03651815539	0.04066470073	0.0706180859
	0.03889153689	0.07820310295	0.9607708005	0.9607878372	0.8192836245
	0.8039958294	0.1831157349	0.399307408	0.04564812032	0.03899614517
	0.04764312287	0.032785232	0.0402844446	0.8338616205	0.9606721009
	0.940223811	0.9594829358	0.09649025854	0.05996888554	0.9296523857
	0.9592698642	0.9549744	0.03971982527	0.5201402993	0.5482736347
	0.4084001801	0.5418356041	0.2966347146	0.3174695452	0.2059603505
	0.04799699059	0.04091942192	0.04058926773	0.2352671381	0.05573546072
	0.7198900208	0.4571982498	0.9595278555	0.9363592808	0.1116950279
	0.04085930334	0.04086253408	0.04087527873	0.04086544002	0.04086412088
	0.9421111901	0.88283259	0.7558699047	0.7095047611	0.0408717868
	0.03674650176	0.04062244227	0.03984042366	0.04419326241	0.04274526402
	0.06219464772	0.05935979175	0.04568702549	0.2421793022	0.408106574
	0.1062382696	0.03984697247	0.0405945703	0.9606553933	0.04930368915
	0.07246297684	0.4500301343	0.6639279648	0.5066065615	0.9606982553
	0.9608263905	0.04057396479	0.04064388601	0.04000782874	0.1651376935
	0.04193716305	0.04074890956	0.1790912639	0.04359266467	0.7528824002
	0.04073578644	0.04071479089	0.04054920117	0.04075197845	0.04013484151
	0.03891918286	0.04252182328	0.04131798094	0.05632304912	0.1032414839
	0.03956563734	0.3402311572	0.04505366879	0.6571265921	0.521071469
	0.1585722786	0.04750890263	0.9609763556	0.9577387208	0.9388775908
	0.9512140283	0.7720985232	0.05846222798	0.07425815445	0.05962634599
	0.124416927	0.03788876533	0.1557580387	0.9606393577	0.957892397
	0.9606423542	0.1438322889	0.2254856446	0.08254274585	0.04461505669
	0.9167693811	0.787015471	0.9549806484	0.04086663627	0.03943958847
	0.3847181862	0.3029805517	0.2439088194	0.3228404064	0.2815438206
	0.1766938583	0.0683942312	0.04069539785	0.04076017517	0.06158991755
	0.4261943215	0.04716834916	0.9530704393	0.910507971	0.0408601978
	0.04085787585	0.0408710596	0.04088175937	0.04083604734	0.9547051243
	0.8892510295	0.7347801938	0.8677015957	0.04065942559	0.04500447207
	0.03893019301	0.05477511259	0.923048351	0.6414282639	0.5483152711
	0.6229028576	0.5819908083	0.04068787294	0.7193634013	0.9600677981
	0.9399238661	0.9607216528	0.9608155311	0.04066085406	0.04068962835
	0.04080586485	0.520311724	0.04120862643	0.9544445511	0.04079186798
	0.04077292268	0.03951434161	0.04073397756	0.03996348145	0.04023082566
	0.3114114003	0.04013021772	0.06391284955	0.04713287145	0.1198275424
	0.045896774	0.07366985352	0.1988990942	0.1751476536	0.2894269294
	0.5008459226	0.06824843099	0.04048989039	0.3557501543	0.5504536988
	0.1906299081	0.07575453373	0.04921010914	0.04000658496	0.04087739349
	0.1868496204	0.2512141981	0.9521868798	0.271263434	0.6311542206
	0.1357598895	0.1858609785	0.04385335073	0.04003124523	0.04743335559
	0.960525106	0.9604902614	0.9574819538	0.9534624489	0.9608354361
	0.06320059301	0.02682756614	0.6741331428	0.1065432137	0.5925186592
	0.9606446048	0.9604693148	0.09979009686	0.186537455	0.2758628567
	0.1603822169	0.8978270332	0.8430680561	0.9424842327	0.04087336904
	0.2401637079	0.2715669381	0.1545773549	0.08567715603	0.0750243732
	0.2844970129	0.04075926312	0.04081894151	0.2292007705	0.481012238
	0.1407375912	0.04083857973	0.9218593314	0.8286456924	0.04086156166
	0.04086762616	0.04082035003	0.0408862089	0.04067386232	0.9233137366
	0.961102117	0.8523974653	0.5474586275	0.9593259776	0.04073715651
	0.04075577634	0.03806989219	0.0501377484	0.06086981613	0.9590089024
	0.9467924124	0.8708447614	0.8517371093	0.8378965801	0.9598046611
	0.9608658446	0.04073789935	0.04074995437	0.189994769	0.1352020549
	0.04079826343	0.04077861213	0.3320851224	0.05483429345	0.3121466613
	0.719166233	0.03967209405	0.06686287318	0.1317290869	0.1309923107
	0.08871850208	0.4663341781	0.581872253	0.3758959388	0.6717324929
	0.04076002056	0.6110082386	0.09628382266	0.05249521913	0.03973567362
	0.04087839241	0.1369129655	0.2796282324	0.6405458604	0.9596068015
	0.2423683489	0.8004267621	0.8415071181	0.05683914552	0.05655897318
	0.3494578457	0.03720822419	0.08433316676	0.9033647098	0.4059399396
	0.9147861225	0.2243551479	0.05114055027	0.5503257245	0.1137907723
	0.1704695759	0.9160583127	0.04086865657	0.1873652587	0.04503829755
	0.04554686914	0.7417305123	0.1971234196	0.06993000572	0.04087342734
	0.04086957871	0.04649507873	0.9608469084	0.9605781218	0.9608453072
	0.9604598806	0.04718486735	0.956107993	0.9574546902	0.8164538165
	0.9605684933	0.9605464456	0.2378521217	0.2516229023	0.3128739661
	0.08131712745	0.6587655416	0.7944632705	0.8936822668	0.04089351132
	0.1126746801	0.1689358947	0.06010959554	0.04081658829	0.04084186801
	0.08604832263	0.04081608746	0.7520619791	0.04060916364	0.04082290637
	0.04088553006	0.03963121904	0.9214001817	0.9555593139	0.6440886953
	0.04080553695	0.05732729865	0.9598417812	0.9589200157	0.9313749376
	0.9477882964	0.9357541955	0.9592680218	0.04079533934	0.2363790906
	0.5397089519	0.1771172867	0.05328806935	0.04087203222	0.04080843757
	0.8336506331	0.1959586817	0.9567970814	0.07612298423	0.1766379213
	0.1047589484	0.9011093595	0.6517971562	0.3920418626	0.8815766289
	0.04089380757	0.7745552228	0.2269356052	0.07518168265	0.06743168063
	0.04117023102	0.04089186201	0.1581697681	0.4203315699	0.9594221543
	0.3132982074	0.9598059963	0.9604605196	0.04234273786	0.04218943023
	0.1034039535	0.35259415	0.1273023163	0.1806650637	0.9343927914
	0.3104761811	0.07504767914	0.05639643771	0.157782069	0.04900133516
	0.2221749717	0.9429525133	0.04086665003	0.2357595499	0.0400382552
	0.04679156179	0.08154518934	0.0766927409	0.1706312264	0.1257089846
	0.3171728684	0.1988172808	0.04173614897	0.05589570624	0.1308410156
	0.4354914781	0.3399680159	0.9519148597	0.7923742549	0.9362401056
	0.1223543969	0.05281947672	0.446185715	0.04099132373	0.04417197374
	0.9600043353	0.9605114514	0.9603749666	0.07558542444	0.9567287511
	0.9579298045	0.9581100383	0.2567518554	0.3160207178	0.217954839
	0.3225008695	0.6903381606	0.7383513421	0.04112296897	0.04099164472
	0.0789995771	0.1752644175	0.04084008065	0.04085469221	0.1063063013
	0.04010136089	0.7513288	0.04043574209	0.04088079371	0.04092802467
	0.04296453542	0.04044137427	0.9503608416	0.7465213353	0.04082950951
	0.0956780619	0.9603172144	0.959666637	0.9391283564	0.9531259194
	0.9585870694	0.9592929586	0.04082421921	0.726502381	0.2932829472
	0.0408230725	0.1436263021	0.04082649001	0.9603507709	0.9605284971
	0.06430927801	0.1641624292	0.3460107307	0.1843282179	0.6337997825
	0.6624563826	0.9230070742	0.2795433092	0.1858791352	0.04965839998
	0.2345902951	0.6491524333	0.9596063242	0.2585041523	0.9606535795
	0.07969254909	0.04065878555	0.09827539566	0.3529967896	0.09921322092
	0.1061467771	0.1129800881	0.04415150196	0.04167002418	0.8698564308
	0.9336071314	0.2321338267	0.0441541656	0.06715659966	0.25579961
	0.521794737	0.6939130332	0.9600051928	0.8015023229	0.9441373142
	0.06147733747	0.2216097757	0.3298065983	0.7670478643	0.6365456547
	0.8622125581	0.6099599912	0.7991674625	0.2391668668	0.8708879936
	0.2828512846	0.4377663747	0.9398352331	0.04083703158	0.9197889529
	0.8980905314	0.04119155202	0.9618551412	0.9602927512	0.08792073575
	0.08675301965	0.9584747836	0.9601147973	0.2373164735	0.276254026
	0.2908260622	0.7493376175	0.372986221	0.7258071097	0.6984533333
	0.04147865672	0.04196859848	0.07416884365	0.04090263753	0.131393486
	0.04084486394	0.04085643024	0.04086957188	0.07508819868	0.8184169836
	0.03938608016	0.04122911343	0.04011335896	0.9415954841	0.07824960063
	0.07839917312	0.9600449381	0.9606175449	0.9562441063	0.9526449572
	0.9367768963	0.9601687908	0.6673599846	0.3081260481	0.04037155632
	0.0585916191	0.9576422298	0.9606658835	0.9606792682	0.9606677859
	0.04149486619	0.05047182005	0.1378611432	0.7170458543	0.7863292304
	0.9378217297	0.4202426077	0.4162831225	0.0444620828	0.5282810887
	0.960617428	0.9619583723	0.9610929331	0.5114336885	0.1130187102
	0.06825152048	0.1791840034	0.3852486372	0.1087929717	0.09736360281
	0.1367337169	0.08846530153	0.1272506306	0.9159975588	0.2876750351
	0.6454418012	0.8888383912	0.9453757208	0.9020760092	0.1223962145
	0.4050628502	0.2767725245	0.6456558983	0.9573003567	0.9549235064
	0.1401066218	0.8174628422	0.3079817933	0.6538629704	0.8744669668
	0.9431738088	0.9492188987	0.9585672203	0.04084603203	0.1575530595
	0.9611146881	0.9608363882	0.04306468012	0.9578929885	0.9604656019
	0.9620287602	0.9613669833	0.1292039413	0.06644498408	0.8229276497
	0.9116080875	0.156050549	0.1307179613	0.2353049195	0.8682681704
	0.8812818673	0.3108826149	0.8923108112	0.04257515718	0.04242570872
	0.04055082429	0.04780338468	0.04085236826	0.04085795777	0.03972749498
	0.9167455074	0.04163444331	0.04003500697	0.04170888685	0.7660035
	0.05360629761	0.1299380619	0.8349410677	0.961179648	0.9602588666
	0.9583151401	0.9537144083	0.9581540499	0.9612647614	0.6227337365
	0.9002730219	0.3865980749	0.0446691093	0.04099415084	0.9607235083
	0.9608158198	0.9607485284	0.9606133133	0.04319784968	0.0426468992
	0.05802391661	0.8024453476	0.742785971	0.9058783507	0.6616239749
	0.4969900747	0.07269657278	0.7688354415	0.8837289957	0.7701433718
	0.4675452509	0.0417691915	0.9611499833	0.2118836948	0.3683870017
	0.5468403137	0.1485933471	0.1627098976	0.1111692068	0.9588397926
	0.3235833656	0.8430555617	0.1183881637	0.9535730917	0.9203979106
	0.3263507704	0.4377150558	0.6232071145	0.9594144625	0.9470429314
	0.7941427534	0.1727441342	0.9344809844	0.8785751768	0.9571529908
	0.9414433493	0.952996944	0.9423667974	0.9606278883	0.9608071143
	0.0524367224	0.04157300387	0.06263646001	0.05057274155	0.0416279154
	0.04153189467	0.957101698	0.9606860707	0.9363938766	0.04264852262
	0.04383011521	0.04402286098	0.5279588735	0.8412683692	0.5134597098
	0.9518315122	0.1286750557	0.05444963682	0.07978210743	0.09521451342
	0.2598814847	0.9588278299	0.9568696531	0.9112709932	0.6539634125
	0.04475793115	0.04132883931	0.04910601782	0.0546132785	0.9480725789
	0.04388995295	0.05116626501	0.04116883067	0.04318156614	0.7096644168
	0.1087838204	0.05784004787	0.1084724756	0.9597581156	0.9605024089
	0.9604464478	0.8595088684	0.9320295344	0.6936653064	0.7779272652
	0.8833226874	0.4774720625	0.9599843704	0.9600615715	0.9607933751
	0.959720136	0.04967296658	0.04189729336	0.9135248615	0.538437673
	0.5948653587	0.7767946925	0.07265518846	0.8697491514	0.9398382346
	0.04096633599	0.1057624904	0.04086327045	0.4511073473	0.4298653963
	0.1457263341	0.1264606456	0.2043436094	0.5208043583	0.3673676229
	0.04087354611	0.9580082066	0.9602456858	0.9602012925	0.5977974604
	0.9479389876	0.9563055095	0.8181027489	0.110247455	0.9077877596
	0.8617113314	0.9446843994	0.9400958868	0.9607238668	0.952381928
	0.04150456587	0.6775112411	0.9607210872	0.9602041021	0.8976113206
	0.8683612702	0.041461261	0.0414871134	0.065001369	0.04102709031
	0.07069681869	0.04148077237	0.05026303691	0.06606231874	0.6486623113
	0.4874619427	0.885508455	0.1179892754	0.1779496	0.04516306055
	0.9598058184	0.7859245219	0.9171252706	0.9250544019	0.04189038145
	0.04347160119	0.04432687669	0.1993345653	0.09248143491	0.2691667429
	0.09305967857	0.04179619615	0.04666793913	0.08399673623	0.9605536949
	0.9604147229	0.9280290886	0.8418652015	0.9115634399	0.04535967135
	0.04056000647	0.510245927	0.9583062776	0.04331347897	0.04162950871
	0.05466515524	0.04261594004	0.3005867989	0.05156474153	0.07094102807
	0.08959142883	0.959179184	0.9602557102	0.9603716314	0.9605020504
	0.7689235863	0.9493478535	0.3879806259	0.7953618277	0.9605057109
	0.9607037791	0.9598239296	0.9600329733	0.04444197813	0.9184595966
	0.5052109529	0.8071287929	0.1318275465	0.4610621587	0.3787786182
	0.04089399682	0.04080297237	0.1933648913	0.04087476721	0.3821063327
	0.1808197098	0.6627876992	0.7511119068	0.4474470187	0.9513131881
	0.9605249051	0.9600474081	0.54521414	0.9367448305	0.8857275191
	0.740991405	0.5189708188	0.8244616844	0.7409753661	0.8986082218
	0.9423242844	0.913051151	0.5560724046	0.9605419456	0.9603041176
	0.7714001799	0.6562097284	0.06924488881	0.9374769224	0.7091376539
	0.8695830951	0.05493403417	0.05455494173	0.06436740457	0.9231567162
	0.5412847812	0.8623792927	0.9096222369	0.9291927521	0.04030443961
	0.06686039254	0.06148780098	0.03996345716	0.05601800256	0.03968083319
	0.05180317752	0.04739642975	0.04029146253	0.04370268012	0.9589984283
	0.9568050087	0.9031615624	0.8470291653	0.8627927373	0.04267711522
	0.04384955388	0.1234337074	0.05927610489	0.0481311847	0.0468221839
	0.04088949513	0.04163986228	0.04285603753	0.9605934048	0.960524894
	0.9599454899	0.9461080757	0.95929024	0.04530343532	0.9584099031
	0.04260103358	0.04425191294	0.0411248823	0.05838538433	0.03988069778
	0.5097676654	0.04747550015	0.0401020952	0.9591975295	0.9602841567
	0.9604669903	0.9606868996	0.5114137501	0.9592416443	0.959320504
	0.9600099381	0.9580521455	0.9285470869	0.9082396011	0.2194701274
	0.04090489865	0.04091340315	0.04089828593	0.04898561892	0.2985688577
	0.2552792082	0.1602216975	0.873315056	0.3469743708	0.7244258157
	0.9599775992	0.9602963214	0.2267574376	0.6538904196	0.479658729
	0.3283288231	0.6837799285	0.4175527883	0.701113888	0.9304149364
	0.5201228663	0.4500703157	0.736094614	0.5031916433	0.2053757127
	0.08088569681	0.8221173539	0.6715797359	0.9550908748	0.8670294491
	0.04096424636	0.9594901865	0.9499974033	0.8253972066	0.4263277661
	0.5804842303	0.4518904034	0.4226680656	0.04343996526	0.376868162
	0.04227926697	0.04452203619	0.04514228445	0.08569290967	0.04328822603
	0.04438656424	0.04112114154	0.04110386919	0.04945248187	0.960244822
	0.9602351506	0.9602368908	0.9581343763	0.9579509952	0.04135815204
	0.04543006254	0.04116646122	0.0741803887	0.07218529946	0.9569027779
	0.9606572702	0.9599415739	0.9606782359	0.2194963639	0.9585918487
	0.9603959766	0.9605512354	0.9555475497	0.9275088807	0.1016845487
	0.2906892094	0.0409437062	0.04090654737	0.04092625316	0.04410229688
	0.1771903636	0.1268351736	0.1961582444	0.5184469735	0.7957420732
	0.9604726147	0.1961867712	0.06492438218	0.03975854606	0.1332566537
	0.3762750375	0.53910444	0.9051881679	0.2460220696	0.1799377785
	0.4369391596	0.3752613144	0.1061336955	0.03183707015	0.5613782026
	0.4690169566	0.5344712695	0.9308210475	0.9080296832	0.749558612
	0.9572697235	0.9260062575	0.08161295058	0.08512716637	0.083756749
	0.04335394092	0.041525001	0.8928254742	0.06451059531	0.7863456941
	0.1204491776	0.1117376263	0.3240130134	0.3244364833	0.951900427
	0.0442911233	0.04301383432	0.03721301617	0.04826638496	0.04102528683
	0.02688926541	0.0409245427	0.02156794511	0.9501219046	0.9568122884
	0.9587716188	0.9566789457	0.9108271966	0.04148019531	0.05128403615
	0.04397907928	0.04098348505	0.04127956817	0.9545856011	0.960480758
	0.9605478062	0.9579871653	0.9605871787	0.08802566336	0.9425115797
	0.9600705721	0.9567810586	0.9410048415	0.9158574889	0.06082018917
	0.04113524315	0.04103135794	0.04122414814	0.07503980622	0.08046156641
	0.07502467674	0.2949240902	0.734793161	0.0555241284	0.07038222223
	0.07333243162	0.4517536902	0.1340425513	0.1683578841	0.1394674915
	0.370189267	0.601245223	0.208241165	0.2984021083	0.8621357203
	0.8427243573	0.9134047063	0.04082944206	0.04033354124	0.03934825835
	0.8645616338	0.6213332264	0.1422208866	0.2178872724	0.1238371234
	0.9598760443	0.04492091583	0.04386709982	0.9605833629	0.8431000714
	0.04311072846	0.02163000672	0.04735188752	0.04105958755	0.8793659551
	0.9197199275	0.9060020885	0.9503820932	0.9536004803	0.06180418088
	0.05117978875	0.04114956614	0.04106248005	0.940097903	0.9605049897
	0.9605605054	0.9605417625	0.9602177878	0.05871697513	0.04348693979
	0.9105932297	0.9604240636	0.9492756398	0.893182194	0.04091054437
	0.04126568023	0.04139413715	0.04115629323	0.04246197194	0.05517798049
	0.4970478329	0.8248565531	0.04094603276	0.04664929252	0.04812952016
	0.2980320592	0.09350832496	0.114340114	0.3614534909	0.657873594
	0.1119592465	0.1653132571	0.06119389778	0.9001509367	0.04164795688
	0.04132950541	0.05708200072	0.7533969735	0.5829840858	0.4285196478
	0.1574052282	0.09178355086	0.07913701069	0.04615757094	0.9598821641
	0.459347978	0.1040824107	0.04810185944	0.04550706742	0.04972210276
	0.04957279021	0.2221746357	0.07478135127	0.05034759429	0.04453317035
	0.04856020084	0.04134473334	0.6172057589	0.845422646	0.7776339111
	0.1796797648	0.1197693622	0.04138406999	0.950376272	0.960507536
	0.960597191	0.9605081894	0.957326582	0.03951386476	0.09778028856
	0.952876599	0.9377896337	0.8260529503	0.04106334556	0.04124907354
	0.03980519495	0.5391617236	0.03983406578	0.05448529558	0.5933290765
	0.1010787858	0.06093272958	0.04825538647	0.8160667464	0.05143241905
	0.04380683317	0.0620810998	0.3888267342	0.3173880294	0.06424368169
	0.04270960421	0.04023462471	0.9605507865	0.9604907548	0.0395814506
	0.04092459348	0.04773981734	0.1771637095	0.09443304016	0.04684314629
	0.03943345072	0.2802237745	0.9606034965	0.7176159583	0.05864466444
	0.0412578143	0.5376838079	0.04074986113	0.4815128882	0.2497093883
	0.1600712471	0.03992342197	0.04071583204	0.9249545494	0.899408058
	0.9605084052	0.9598883052	0.9543610215	0.9542966315	0.04057811374
	0.04111576324	0.8245849543	0.04098951109	0.04323086528	0.04095614153
	0.04143752674	0.4162128745	0.1542456	0.03978765635	0.05859968897
	0.04081734924	0.04027680817	0.5757716386	0.04084956146	0.04077427119
	0.04071512516	0.2168175717	0.04035601823	0.04029670694	0.9605789972
	0.9269971528	0.04042524883	0.04062536921	0.06877399505	0.06999612793
	0.0396256129	0.04017568033	0.05628715644	0.9597311464	0.04069200697
	0.03953622996	0.04081718097	0.1192417899	0.09316713449	0.04173414123
	0.06346625351	0.040557497	0.7711337994	0.8599776491	0.04064862187
	0.04062786598	0.04080927068	0.03975911943	0.2481129074	0.03986896236
	0.0405376123	0.04042976073	0.04036588335	0.04074267147	0.04046721938
	0.04045669655	0.04064190612	0.04459456326	0.04662818955	0.04036514122
	0.04820383603	0.03975259192	0.07808555462	0.04040676129	0.4701462056
	0.04042190315	0.04052467812	0.04063606325	0.04046317533	0.07513371309
	0.04661847834	0.04053239054	0.04047684534	0.04071978536	0.04056351734
	0.04026185821	0.04022131929	0.04041515773	0.04038060325	0.04046097439
	0.04035558484	0.04056768979	0.03934176444	0.04300170739	0.04008206403
	0.04048393648	0.04018544895	0.04048667161	0.04051470505	0.04002100077
	0.04050268409	0.04055008048	0.04050862676	0.0402075905	0.04053426229
	0.04066654227	0.03935271851	0.04006937695	0.04057858626	0.04032436917
	0.0405750251	0.04050865822	0.04054227365	0.0406323443	0.04030272825
	0.04061028443	0.04020781225	0.04064102949	0.04052426966	0.04049055726
	0.04066028292	0.04051335193	0.04048288973	0.04068245148	0.04066936276
	0.0406584297	0.04046791736	0.04066463536	0.04039711667	0.04068248844
	0.04068045153	0.04067522704	0.04055947817	0.04056046418	0.04068454271
	0.04076634563	0.04071787943	0.0407515182	0.04057565787	0.03980618314
	0.04069494564	0.04063356262	0.04017263279	0.04812248046	0.04076012189
	