961	
	0.3378501693	0.4119671684	0.4375359536	0.4394751922	0.4395171807
	0.4407855774	0.428884506	0.3003941236	0.04225593828	0.05516238157
	0.3117714775	0.4366225181	0.4877198318	0.5448251039	0.5592479225
	0.5349201697	0.5291548189	0.5332264398	0.530081199	0.5305362161
	0.5252335485	0.5195205204	0.5148445131	0.5108229587	0.5048550582
	0.4978728167	0.4955953314	0.4950206725	0.4948788708	0.4955553064
	0.4954323645	0.09872483686	0.2549420824	0.319602836	0.3264039274
	0.3264842503	0.3261818385	0.3173848849	0.24306695	0.04275793552
	0.02826526773	0.2406759263	0.4069420627	0.4601333558	0.5173651677
	0.5347840999	0.4711708613	0.4113555506	0.4106947456	0.4406629779
	0.4921676138	0.5077318688	0.5067674918	0.5044889016	0.5022428285
	0.4963605946	0.489844809	0.4910489027	0.4905619934	0.490461426
	0.4920851583	0.4932491302	0.01382720396	0.02028511799	0.04010683814
	0.04006123122	0.03966845717	0.03961932149	0.03911439117	0.032536239
	0.004932363055	-0.001169434334	0.0555132751	0.2451806353	0.3158161248
	0.3492436916	0.4392914456	0.4216340633	0.1949897115	0.09811822984
	0.1139686993	0.2609185416	0.3444761665	0.3625938701	0.3664521287
	0.3685199348	0.3676688932	0.3964427084	0.4589307286	0.4754314957
	0.4766861302	0.4801519618	0.4839874862	0.1786138879	0.06383286233
	0.03762252277	0.03598981956	0.0365052287	0.0370090731	0.03740932917
	0.03779273922	0.03889637447	0.04150539902	0.02521244779	0.0231877833
	0.03931388213	0.04391430538	0.1118683467	0.4301160345	0.3321208377
	0.1963241596	0.06513341954	0.02812357096	0.0443929167	0.04705520341
	0.04643259709	0.04623788293	0.04807801122	0.08194439459	0.3066093603
	0.432495652	0.4567979351	0.4647013248	0.4716324288	0.3858274366
	0.3338215035	0.293993246	0.2958488001	0.3000277099	0.3035502064
	0.3065618244	0.3090501511	0.3104701877	0.3032860685	0.2397066292
	0.06948565663	0.03975013675	0.03626089674	0.01845354531	0.05295378703
	0.1212759057	0.4478609529	0.395285227	0.1415345609	0.08157857549
	0.07317340716	0.06764533342	0.06172871123	0.05742342865	0.03495881749
	0.06135840781	0.3014378984	0.4208918304	0.4505414924	0.4610095493
	0.4346567259	0.4180543787	0.4027605463	0.4035718485	0.4073799296
	0.4111719244	0.4145554973	0.4173339613	0.4194251475	0.4194516513
	0.4037650246	0.3402924773	0.3079438525	0.2978281338	0.2231747113
	0.06737366248	0.0196080249	0.05776748866	0.125840605	0.405949919
	0.5080346721	0.5125785567	0.4934054462	0.4641958056	0.4305619859
	0.3432218584	0.07572270567	0.06243696752	0.29613628	0.4226554858
	0.4517604824	0.4461825344	0.4338936435	0.4241493217	0.4237535382
	0.4254885042	0.4276694619	0.429778048	0.4315190318	0.4328756703
	0.4338345747	0.433023218	0.4258199853	0.4238582586	0.4244055688
	0.4059503055	0.3366813525	0.234208295	0.06976712576	0.01988483245
	0.08536306157	0.3869070732	0.5023642222	0.5152181073	0.5018699136
	0.4928479547	0.4936824473	0.3538912161	0.08081914986	0.05993171675
	0.2986208756	0.4112513435	0.455974713	0.4460161622	0.4388125017
	0.4383786535	0.4391315234	0.4401562928	0.4412596109	0.4422369606
	0.4430316543	0.4436133842	0.4438107136	0.4432562775	0.4435412181
	0.4441480006	0.4431750962	0.435647232	0.4157416493	0.3450538198
	0.2344100083	0.05851422331	0.06372647107	0.2292701886	0.2705519573
	0.2463330707	0.2220512959	0.2801742018	0.4279602104	0.3783238503
	0.04069554869	0.07526440728	0.2797456406	0.4655932302	0.4578528956
	0.4526682213	0.4526157354	0.4531445987	0.4537349939	0.4544384667
	0.4551365681	0.4557345776	0.4561527877	0.4563218919	0.4562503564
	0.456272921	0.4564761439	0.4566780772	0.4562630201	0.4551074658
	0.4476428114	0.4229817687	0.3065604863	0.06443512803	0.02318973462
	0.03729993825	0.03682411489	0.0435222373	0.09803035159	0.3347870883
	0.5228196043	0.08073017054	0.03273626807	0.1969914883	0.4743878445
	0.4685950027	0.4650054742	0.4652233024	0.4657497934	0.4663179524
	0.4670084046	0.4677135853	0.4683295188	0.4687866236	0.4690913598
	0.4693705845	0.4698516121	0.4706303297	0.4715475467	0.4723781294
	0.4732543051	0.474082298	0.4737606459	0.449660448	0.316181889
	0.07339884357	0.02084493476	0.01446649768	0.01854961009	0.05047180303
	0.2268504501	0.5197690048	0.1394004129	0.009977347076	0.1048207058
	0.4816288281	0.4774220917	0.4750901247	0.4755335379	0.4761834572
	0.4769099119	0.4777422607	0.4785604971	0.4792699449	0.4798356197
	0.4803229128	0.4809072327	0.4817992757	0.4830974712	0.4847629789
	0.4868191802	0.489499823	0.4930284675	0.4972518464	0.4992251019
	0.4762137534	0.3617500007	0.2076363186	0.1515519484	0.1350027603
	0.1406099189	0.2396666413	0.5203378598	0.4750370024	0.05311090958
	0.01666950387	0.4863145387	0.4831872647	0.4817467031	0.4823806687
	0.4832131387	0.4841487042	0.4851442255	0.4860628379	0.4868189515
	0.4874052709	0.4879176718	0.4885388534	0.4894607971	0.4907961156
	0.4925950701	0.4949691692	0.4981325436	0.5022738177	0.5074045055
	0.5135056379	0.5197121747	0.5126698065	0.474665376	0.4480224262
	0.4310238105	0.4152303372	0.43565539	0.5701863601	0.5576459446
	0.08816578709	-0.002409303743	0.4872539002	0.4845150672	0.4835733646
	0.4844190739	0.4855292644	0.486749186	0.4879452703	0.488948925
	0.4896710919	0.4901169075	0.4903900789	0.4906590747	0.4910878843
	0.49177995	0.4927940219	0.4942017961	0.4960841863	0.4984545604
	0.5012073766	0.5042416084	0.5079902933	0.5130749297	0.5171193559
	0.5225531113	0.5177302473	0.5065183075	0.522778939	0.6096915166
	0.5546515163	0.08428412968	-0.005573454659	0.4833742992	0.4801418612
	0.4793245515	0.4805779679	0.4822472551	0.4840133804	0.4856188913
	0.486833863	0.4875491762	0.4877755022	0.4876214673	0.4872438198
	0.4867845734	0.486331007	0.4859233695	0.4855805908	0.4852939325
	0.4849989617	0.484580362	0.4839465794	0.4831849515	0.482722246
	0.4829681808	0.4844703839	0.4845288165	0.4900454463	0.5273232229
	0.609348999	0.5296400374	0.07983893469	-0.004003325493	0.4739846221
	0.4692085825	0.4681680414	0.4703078033	0.4731628382	0.4760858507
	0.4786241377	0.4804405375	0.4813970634	0.481526067	0.4809675934
	0.4798966396	0.4784623157	0.4767595257	0.4748383212	0.4727281951
	0.4704551064	0.4680634124	0.4656633299	0.4634875363	0.4619013288
	0.4613187871	0.4620762459	0.4648696771	0.4721184164	0.4926215996
	0.5420780609	0.6067071109	0.4977689315	0.07509569351	-0.002550854656
	0.4587232806	0.4512453749	0.4496668497	0.4535557382	0.45872776
	0.4638954553	0.4682745861	0.4713657775	0.4730255106	0.4733681043
	0.4726288986	0.4710549659	0.468844411	0.4661335473	0.4630203704
	0.459604997	0.4560362516	0.4525695784	0.4496295746	0.4478297253
	0.4478862511	0.450440302	0.4560020207	0.4655688414	0.4823442286
	0.5132615508	0.5626374711	0.597012193	0.4585134783	0.06993170023
	-0.0009521015022	0.4372812501	0.4258377179	0.4234334906	0.4304749793
	0.439825481	0.4489167542	0.4563947744	0.4615853207	0.4644595749
	0.4653571906	0.4647183707	0.4629300843	0.4602767352	0.4569559753
	0.453128215	0.4489807072	0.4447999542	0.4410500939	0.4384313552
	0.4378553331	0.440287408	0.4465291717	0.4572414782	0.4736607927
	0.4987322938	0.5357455859	0.5768571737	0.5743271712	0.4100258993
	0.06480226198	0.001280409657	0.4093402678	0.3925995493	0.3891021511
	0.4013722758	0.4176894915	0.4329889871	0.4449798714	0.4529607978
	0.4573388841	0.4589445621	0.4585716241	0.4568077601	0.4540380783
	0.4505158404	0.4464495244	0.4420917946	0.4378314854	0.4342846206
	0.4323486985	0.4331499828	0.4378473851	0.4474016684	0.4626734961
	0.4851731239	0.517092251	0.5561023487	0.5804130424	0.5328726327
	0.3457720726	0.05938076311	0.004511002975	0.3743093853	0.3514821779
	0.3471267381	0.3674738892	0.3943697476	0.4183931075	0.4359671491
	0.4468738485	0.4525529595	0.4546828348	0.454541699	0.4529306424
	0.4503089344	0.4469535786	0.4430905532	0.4390028701	0.4351324663
	0.4321786744	0.4311566605	0.4333432166	0.4400811747	0.4525774985
	0.4721048896	0.5005020498	0.5377010099	0.5715850017	0.5646099541
	0.4630047804	0.2587484267	0.05180434155	0.009632577653	0.3307530424
	0.3028986165	0.2997147995	0.3319153973	0.3732769058	0.4078612357
	0.4309525876	0.4439411421	0.4501092916	0.4522715981	0.4521888822
	0.4507918099	0.4485384569	0.4456812766	0.4424350595	0.4390902796
	0.4361107452	0.4342299535	0.4345167399	0.4383439025	0.4472491212
	0.4628436104	0.4870250804	0.5211177034	0.5587150378	0.5725147456
	0.5154270278	0.3618812509	0.1661236215	0.04292787612	0.01866301354
	0.2771128811	0.2482242417	0.2513250294	0.300086076	0.3589163334
	0.4039331101	0.430635194	0.4437839901	0.4492117529	0.4508339331
	0.4506593942	0.4495599219	0.4478882267	0.4458271622	0.4435679932
	0.4414116945	0.4398493177	0.4396453581	0.4419097838	0.448110752
	0.4600256492	0.4796857249	0.5089290811	0.5454328864	0.5706081953
	0.5425876694	0.4262004589	0.2456876117	0.09664421888	0.0395216864
	0.033810088	0.213901293	0.1906972058	0.2079563427	0.2786137087
	0.3554432039	0.4076861109	0.4342213911	0.4450416446	0.448584918
	0.4493239934	0.4490777893	0.4484370497	0.4475642096	0.4465508309
	0.4455703644	0.4449566754	0.4452657077	0.4473455092	0.4524160698
	0.4621210249	0.478463356	0.5032351161	0.5356106319	0.5645538824
	0.5575544868	0.4737350993	0.3145982821	0.1529032481	0.06524873553
	0.05498240493	0.06802089239	0.1457000002	0.136268722	0.1762279103
	0.2732020721	0.36454026	0.4176520505	0.439413362	0.445856845
	0.4469994669	0.4469261143	0.446819791	0.4468522786	0.4469748181
	0.4471945457	0.4476768139	0.4488063042	0.4512466267	0.4560094727
	0.4645246469	0.478621969	0.5001481156	0.5292255033	0.5592086318
	0.5680248051	0.5173264431	0.3875981115	0.2284991039	0.1152719307
	0.08031279447	0.108930292	0.1491075353	0.08391403258	0.09261509064
	0.1629686326	0.2863913621	0.3839260956	0.4299513413	0.4433125855
	0.4446939957	0.4437504242	0.4432711363	0.4435906931	0.4444833337
	0.4457404649	0.4473095921	0.4493438108	0.452264977	0.4568479307
	0.4642969642	0.4762457962	0.494473609	0.5199061565	0.5498583819
	0.5719360492	0.5582639495	0.4770902858	0.3380630017	0.2098581395
	0.1460311657	0.1521075488	0.2107012932	0.2635785597	0.04471091642
	0.06685344569	0.1728727076	0.31586084	0.4076540499	0.4399116604
	0.4437689922	0.4409613903	0.43880402	0.4383945266	0.4393378373
	0.4411699389	0.4436203429	0.4466086815	0.4502514932	0.4549434079
	0.4614832566	0.4711527057	0.4855860803	0.5061365062	0.5323267749
	0.5590186867	0.5719406464	0.5465712481	0.4648775209	0.35110322
	0.2670952916	0.2440296463	0.2707803002	0.3266003617	0.3697118519
	0.02704667369	0.05821917487	0.203991481	0.3541174021	0.4285270961
	0.4442227212	0.4402368614	0.4350477821	0.4325970569	0.4325441287
	0.4341089509	0.43680454	0.4404112909	0.4448590934	0.450196143
	0.4566818919	0.4649500925	0.4760938777	0.4914356505	0.5116961297
	0.5353563929	0.5564989378	0.5630973718	0.539187877	0.4792862143
	0.4081019123	0.3662932479	0.3647571486	0.3871161388	0.4179023619
	0.4408440167	0.01864759076	0.05772701347	0.2462393713	0.3909264274
	0.441193867	0.442190993	0.4336795662	0.4279406125	0.4257626161
	0.4260271627	0.4279608692	0.4312539379	0.4358432023	0.4417175852
	0.4488469532	0.4572584431	0.4672070321	0.4792883483	0.4942453113
	0.5122295872	0.5315144226	0.5471869163	0.551132131	0.5353275342
	0.5005043717	0.4636910098	0.4452299895	0.4464233195	0.456114561
	0.4675676647	0.4763988175	0.01348244971	0.05855922045	0.2859326243
	0.4177388939	0.443980577	0.4354325719	0.42581217	0.4206638569
	0.4187410609	0.4188800189	0.4206408496	0.4240385444	0.4292447329
	0.4363632148	0.4453264694	0.4559269042	0.4679481324	0.4812975621
	0.4959671075	0.5116381599	0.5269378132	0.5387614511	0.5425531539
	0.5346719637	0.5167831214	0.4977543918	0.4863338567	0.4829247935
	0.4837238638	0.4870877056	0.4905782251	0.008721048415	0.05879986476
	0.3158286429	0.4330219997	0.4408898919	0.4285201978	0.4198838351
	0.4152345695	0.412766994	0.4118638694	0.4126144385	0.4154127707
	0.4206830106	0.4286794608	0.4393762218	0.4524518159	0.467347539
	0.4833579344	0.4996927211	0.5154290927	0.5293126714	0.539535211
	0.5438629495	0.5406307843	0.5305890377	0.5176053879	0.50591517
	0.4974201041	0.4927893448	0.492884855	0.4952331356	0.006975703693
	0.06046512125	0.3436508878	0.4490836303	0.4450027767	0.4324402401
	0.4250401659	0.4199803007	0.416034489	0.4133185332	0.4123701575
	0.4138379525	0.4182965695	0.426099963	0.4372875179	0.451553041
	0.4682560948	0.4864449098	0.5048842657	0.522107544	0.5365112385
	0.5465019948	0.5507305087	0.5484927221	0.540298256	0.528128667
	0.5147422787	0.5027418327	0.4943655953	0.4918611571	0.4941743728
	0.02010876396	0.06152917987	0.3618795717	0.4721603618	0.4571558474
	0.4434345683	0.436924804	0.4317899169	0.4272320136	0.4237272231
	0.4219211392	0.4224757256	0.4259511164	0.4326885796	0.4427284633
	0.4557846913	0.471259543	0.4882605167	0.5056050267	0.5218455979
	0.5353729181	0.544634154	0.5484544356	0.546398308	0.5390497814
	0.5280082102	0.5154903817	0.5038264494	0.49511299	0.4913570014
	0.4927013573	