961	
	0.3162984575	0.3189404756	0.3315467715	0.3380909521	0.3399528694
	0.3393007535	0.3308935851	0.2916012824	0.1794430539	0.03219421024
	0.04236292388	0.2132500224	0.3610010936	0.4662583985	0.5522749883
	0.5680750578	0.4862090669	0.4171405086	0.4363855173	0.4918032426
	0.5206151125	0.5432913119	0.5616542572	0.5653487898	0.5576432747
	0.5489461979	0.5455196728	0.5420631486	0.5367032995	0.5306279411
	0.5272835032	0.2057513831	0.2205711928	0.2342592855	0.2406866662
	0.2423098887	0.2417085631	0.2360601832	0.2115253084	0.1407810345
	0.02969648698	0.02413846948	0.1576457058	0.3085922499	0.417605513
	0.5167016574	0.5520970835	0.4260619695	0.2820032864	0.2706625723
	0.3409762674	0.3901193803	0.4435040461	0.490275198	0.5103959438
	0.5126088773	0.5158555708	0.5273721196	0.5320297841	0.5294729799
	0.5248172505	0.5225694334	0.03085968007	0.03689547465	0.03978963829
	0.04108416882	0.0413593195	0.04129185723	0.04056630993	0.03715049837
	0.02666671664	0.007326715898	0.004418719732	0.04249704446	0.154631164
	0.2505239487	0.3719652663	0.511988019	0.4226768388	0.1372350417
	0.04715360055	0.0591298395	0.08606141368	0.1709743469	0.2614406693
	0.3065062204	0.3247760945	0.3671926108	0.4446658305	0.4849008684
	0.497183005	0.499657918	0.5018400718	0.0464270004	0.04052536646
	0.03874261101	0.0384697477	0.0388858983	0.03949532744	0.03999000245
	0.04019493757	0.03994463115	0.03906514183	0.03638597416	0.02385631838
	0.02305499055	0.04337421772	0.101076812	0.3637415152	0.5451693703
	0.3630364704	0.1179214761	0.07304042708	0.04277694676	0.0241494143
	0.04582567438	0.05296525558	0.0595472487	0.09355295076	0.2756629807
	0.3935753222	0.4399517237	0.4584634688	0.4672629435	0.2507867473
	0.2380439623	0.2305133428	0.2293474732	0.2320220067	0.2356489106
	0.2386906918	0.2405687221	0.2405955574	0.236031348	0.2171295163
	0.1607746868	0.06505461419	0.0383802615	0.02526930662	0.09530063981
	0.359131154	0.5016956056	0.4404408922	0.4072620092	0.3141054281
	0.1214068825	0.09703557855	0.07818201627	0.07923946666	0.05676977544
	0.08045849368	0.2456947516	0.3529817616	0.4079629784	0.4275568754
	0.376854663	0.371427094	0.3627919038	0.3608758792	0.3644953988
	0.3698187656	0.3745699146	0.3780008513	0.379714002	0.3781471066
	0.367873023	0.3374572048	0.2799519567	0.22750188	0.1481533185
	0.0523901007	0.0567749835	0.1264263598	0.2710943326	0.4506752509
	0.5902090686	0.4492036309	0.4240774525	0.4141654492	0.3950132666
	0.3340443465	0.1108582892	0.06268202801	0.1816946129	0.315145166
	0.3702670939	0.4274534932	0.4233664768	0.4161113419	0.4143730209
	0.4174969134	0.4223259544	0.4269176387	0.4306705099	0.4335138499
	0.4350621281	0.4336290225	0.4257546064	0.40932857	0.3876857502
	0.3386242166	0.2305236873	0.07208432744	0.02415741598	0.03649490903
	0.1157533828	0.3583390653	0.3889757383	0.363763476	0.4540068755
	0.5228984746	0.5373435055	0.4029241079	0.09397607769	0.03979879699
	0.1290045498	0.2374095194	0.4526051354	0.4487742916	0.4435303469
	0.4424111549	0.4446224086	0.4480786205	0.4515897704	0.4547703853
	0.457591172	0.4599647206	0.4614305636	0.461129152	0.4585827646
	0.4536575244	0.4382276722	0.3934097526	0.2907776917	0.1431935699
	0.0369539582	0.00988539749	0.05574147374	0.0921152365	0.09261196215
	0.2166242549	0.357465935	0.514800053	0.5472981325	0.3022091694
	0.05331341255	0.02344347253	0.06307249673	0.4705600968	0.4672058117
	0.4639459655	0.4635367027	0.4650687748	0.4673388927	0.4697664598
	0.4721303919	0.4743456421	0.4763094463	0.4778271848	0.4787012711
	0.479016363	0.479005797	0.4769331394	0.4669646684	0.4363500181
	0.3580662938	0.2053943853	0.0867968135	0.08181788669	0.07085288506
	0.04048321325	0.04085634235	0.101691889	0.295417815	0.5339730624
	0.4968752259	0.1782553319	0.01914904771	0.007909124672	0.4825756552
	0.4793690034	0.4776130809	0.4779053441	0.4792210703	0.4809160366
	0.482717528	0.4844697993	0.4860467459	0.4873345098	0.4882498677
	0.4888294664	0.4893633499	0.4903648121	0.4920837612	0.4939396123
	0.493280061	0.4823553348	0.4426521532	0.3844632818	0.3483994489
	0.3075593047	0.1879731905	0.0752366895	0.04648314675	0.09807122766
	0.3489578301	0.570898717	0.3865592751	0.05705788375	0.005104700216
	0.4852875401	0.4815533489	0.4808765917	0.4822155014	0.4841444185
	0.4862263128	0.4882341007	0.4899833317	0.491330433	0.4922018407
	0.4926264906	0.4927861207	0.4930621291	0.4940164469	0.496280448
	0.500481957	0.5069675911	0.5147436693	0.519834195	0.5178994798
	0.5046453366	0.4688298536	0.3900321911	0.294777873	0.2197752058
	0.1699646985	0.2884262751	0.5529598743	0.5037941512	0.08842092038
	0.001684479208	0.4753319719	0.4702275775	0.4703664958	0.4736157482
	0.477553688	0.4814842332	0.4849798685	0.4877447546	0.4896350136
	0.4906640994	0.4909943971	0.4909318293	0.4909144988	0.4914800926
	0.4932231451	0.4967750957	0.5026943353	0.5110394593	0.5207016145
	0.5291835278	0.5322662618	0.5241599699	0.4982757679	0.4589045472
	0.4175117773	0.387119086	0.4463910982	0.6173069659	0.5579729932
	0.1026551825	-0.001652020768	0.4512355219	0.443798829	0.4445396513
	0.451014002	0.4589603267	0.4667442116	0.4734326314	0.4785365969
	0.4819457071	0.4838304792	0.4845413228	0.4845353797	0.4843252006
	0.4844376114	0.485380376	0.4876042066	0.4913959674	0.496653559
	0.5026654322	0.5081432299	0.5114847626	0.5111845022	0.505495078
	0.494754981	0.4856555184	0.495795147	0.5642065683	0.6714640778
	0.5560662834	0.1025660386	-0.002324071271	0.4133991434	0.4026889797
	0.4038472653	0.4152674089	0.4298365843	0.4439961582	0.4558821619
	0.4647507948	0.4706269893	0.4739754595	0.4754432576	0.4757101169
	0.4754166575	0.4751322376	0.4753354794	0.4763789932	0.4784051501
	0.4812263727	0.4842735594	0.4867072675	0.4876250976	0.4863121373
	0.4826925734	0.4795745467	0.4871972841	0.5250662157	0.6079711963
	0.6766173691	0.5170940894	0.09450865375	-0.002386210487	0.3630759638
	0.3484120158	0.3499879202	0.3685294439	0.3929992402	0.4165267554
	0.4357309366	0.4496412946	0.4586689843	0.4638176844	0.4661951431
	0.466797561	0.4664533487	0.46582997	0.4654487987	0.4656764588
	0.4666801003	0.4683739567	0.470416602	0.4722721384	0.4732822196
	0.4728935111	0.4717138297	0.4744482458	0.4937570077	0.5468862838
	0.628515529	0.6559557331	0.464379461	0.08520076489	0.0008046465906
	0.3020939472	0.2833814023	0.2858977527	0.3141582498	0.3522731445
	0.3882917915	0.4166458551	0.4363800137	0.4487547086	0.4556596977
	0.4588458055	0.4596998488	0.4592669283	0.4583368932	0.4575155894
	0.4572550585	0.4578446849	0.4593898535	0.4618090994	0.4648489794
	0.4681359476	0.4715311922	0.4764462743	0.488548824	0.5195009054
	0.5782270643	0.6401651044	0.6166449725	0.4019817924	0.07397674983
	0.004509101321	0.2336894173	0.2119094876	0.2170318273	0.2578204
	0.3129813491	0.3637232151	0.4019480343	0.4273145959	0.4425507973
	0.4507703983	0.4544772245	0.4554471858	0.4549090695	0.4537483809
	0.4526487551	0.4521626042	0.4527272081	0.4546526401	0.4581062753
	0.4631172029	0.4696901626	0.4783007705	0.4911436769	0.5137801888
	0.5537492063	0.6076414616	0.635084848	0.55733083	0.3316053763
	0.0623993519	0.007327736907	0.1631165872	0.1410449777	0.1521655372
	0.2082919156	0.2821289683	0.3473452873	0.3940604978	0.4235063505
	0.4403998569	0.4491989343	0.4530865758	0.4541088026	0.4535755786
	0.4523938365	0.4512741877	0.4508340761	0.4516302006	0.4541517202
	0.4588072697	0.4659567659	0.4760955538	0.4903454824	0.5112224761
	0.542635686	0.585392409	0.6230668443	0.6072436514	0.4823469385
	0.261661082	0.05551041492	0.01258664403	0.09740625717	0.08048739234
	0.1016549483	0.1755946819	0.2665267138	0.3424208704	0.3938210588
	0.4245563447	0.4414424013	0.4500193758	0.4538457432	0.4550112941
	0.4547616885	0.453930461	0.4531834568	0.4531378739	0.4544069202
	0.457612444	0.4634114817	0.4725895352	0.4862542959	0.5060429315
	0.5339205591	0.5702506747	0.6073468048	0.6183175474	0.5571184027
	0.3995692108	0.1993972184	0.05465886308	0.02320172262	0.04527575846
	0.04051431004	0.07394938401	0.1662488532	0.2692543862	0.349241418
	0.4000701563	0.4288535406	0.4441087064	0.4518531005	0.4555666695
	0.4571185222	0.4575495214	0.4575389878	0.4576456208	0.4584215556
	0.4604685604	0.4644943517	0.4714222196	0.4825592944	0.4996694806
	0.5245240102	0.5572837502	0.5928823484	0.6148685018	0.591308744
	0.4889758638	0.3164288191	0.1472650305	0.05449554657	0.0364397781
	0.01825808539	0.02373304481	0.07154896086	0.1795022182	0.2877423081
	0.3647522469	0.4100801927	0.4342495186	0.4467645301	0.4534054092
	0.4571350105	0.4593867259	0.4609008326	0.4621576025	0.4635783963
	0.4656187794	0.4688392755	0.4740266972	0.482403645	0.4958137652
	0.5164434176	0.545330438	0.5791907492	0.6061759502	0.603057078
	0.5407444598	0.4074196094	0.2387703874	0.1087301237	0.05787664545
	0.05391586088	0.008681423964	0.02072574918	0.08934413557	0.2084098783
	0.3154122756	0.3840959499	0.4207018832	0.4388206559	0.44818885
	0.4537761312	0.4577432853	0.4609738296	0.4638691523	0.4667047299
	0.4697751916	0.4734637975	0.4783326537	0.4853058951	0.4959234251
	0.5123648681	0.5365040021	0.5671554728	0.5958691901	0.6040929423
	0.5666677582	0.4667545479	0.3185020854	0.1737524232	0.0896444421
	0.07508688673	0.08540215736	0.006583687079	0.02446257717	0.1180654532
	0.244039741	0.3453149869	0.4028237629	0.4294405292	0.4412885044
	0.4476937773	0.4524824023	0.4569104797	0.461296788	0.465715947
	0.4702639711	0.4751514908	0.4807589314	0.4877428344	0.4972302583
	0.5109733377	0.530970903	0.5576677982	0.5862083942	0.6024156624
	0.5835326578	0.5094221783	0.3828124199	0.2412275353	0.1375737989
	0.1005871927	0.1169617519	0.1381626023	0.005991271617	0.029075255
	0.1468594868	0.2792287623	0.372684863	0.4180405377	0.4347901933
	0.4409748327	0.4449726454	0.4493173639	0.45438658	0.4599941412
	0.465941532	0.4721892024	0.4789088909	0.486535157	0.4958691849
	0.5082003034	0.5252081278	0.5480729838	0.5750605286	0.5977220301
	0.5984853403	0.5553524702	0.4581111163	0.3280791631	0.2138529911
	0.1543546231	0.1553265607	0.1920625492	0.2156143638	0.005563523832
	0.03306147836	0.1719070514	0.310509883	0.3950483767	0.4281260172
	0.4359411116	0.4375625762	0.4399224781	0.4442140765	0.4500438341
	0.4568431419	0.4642324685	0.4720858297	0.4805460818	0.4900770028
	0.5015460087	0.5162229637	0.5354050969	0.5591925903	0.5840865796
	0.600208748	0.5911728723	0.5409475921	0.4487996329	0.3419658721
	0.2637490947	0.2389106182	0.2592367503	0.2970687329	0.3144436798
	0.005149236645	0.03673741512	0.1942313897	0.3369772877	0.4110702858
	0.4321759792	0.4325624816	0.4310438171	0.4326272198	0.4372049295
	0.4438033033	0.4516585384	0.4603376125	0.4696767241	0.4797548953
	0.4909455799	0.5039831345	0.5198779864	0.5394116655	0.5619365941
	0.5835525069	0.595715354	0.5866308713	0.5476116643	0.482909637
	0.414785948	0.3716745046	0.3645489337	0.38255028	0.406488471
	0.414337324	0.004862396728	0.04028793597	0.2146390867	0.358252521
	0.4201300074	0.4301792091	0.4251236203	0.4219943407	0.4235165414
	0.4284767099	0.4356170255	0.4442179536	0.4539410123	0.464639502
	0.4762870552	0.4890230131	0.5032239695	0.5194321766	0.5379317475
	0.5578605258	0.5761131183	0.5869267253	0.5834850377	0.5621051551
	0.5270604586	0.4913592466	0.4690972846	0.4643212553	0.4711529453
	0.4807708545	0.4825892261	0.004860395011	0.04371661327	0.2331099905
	0.3743286237	0.4231896247	0.4240813783	0.4157908771	0.4122177758
	0.4138343391	0.4187592441	0.4258267608	0.4345961433	0.4449534144
	0.4568346569	0.4701185174	0.4846511644	0.5003228452	0.5170703482
	0.5346644948	0.5522335093	0.5677328012	0.5779045109	0.5793140509
	0.5703889125	0.553242126	0.5335283483	0.5174060861	0.5078030048
	0.5046690724	0.5060888741	0.5065175285	0.005115706167	0.04687903634
	0.2505766255	0.3878592895	0.4249331023	0.4194303173	0.4096992453
	0.4059277143	0.4069446055	0.4108231483	0.4168184447	0.4248928703
	0.4352046645	0.4478212084	0.4625994129	0.479175201	0.4970099275
	0.5154331761	0.5336164525	0.5504514723	0.5644207665	0.573679311
	0.57653022	0.5721552245	0.5611561901	0.5456264006	0.5287019136
	0.5137913284	0.5042446107	0.5018589022	0.5027728849	0.001631203955
	0.047327425	0.26797184	0.4036812861	0.4319266355	0.42241855
	0.4120072888	0.4075812834	0.4071129985	0.4090615694	0.4131784022
	0.4197547731	0.4291407573	0.4415143639	0.4567757847	0.4745065985
	0.4939644679	0.5140990984	0.5335874308	0.5509009856	0.5644379062
	0.5727563892	0.5748816238	0.5705312957	0.5601344028	0.5448409865
	0.526749164	0.5090965344	0.4960763853	0.4912265132	0.4924137856
	0.01140847433	0.04679152459	0.2738862319	0.4169870964	0.4407126516
	0.4278081019	0.4163729452	0.4114292205	0.4100897183	0.4109091021
	0.4138698627	0.4193865193	0.4278598981	0.4394972976	0.454226752
	0.4716510347	0.4910218071	0.5112324091	0.5308468006	0.5481978587
	0.5615879532	0.5695918965	0.5713802863	0.5668873216	0.5567175152
	0.542013711	0.5246040003	0.50729431	0.4938499388	0.4876598512
	0.487662738	