2601	
	0.4969689098	0.4969854068	0.4957701952	0.4952117081	0.4946765799
	0.4941399493	0.4935724526	0.4927589301	0.4915912771	0.4901401856
	0.4887761784	0.4874332273	0.485450882	0.4831355406	0.4805365312
	0.4779463096	0.4744453397	0.4727997673	0.4754040089	0.4763298072
	0.4755652164	0.4740162704	0.4713404528	0.4657609137	0.4614641816
	0.4597004931	0.459239178	0.4596400928	0.4603390683	0.4606684366
	0.4601047659	0.4587193814	0.4570445328	0.4538161019	0.4468543547
	0.4362186207	0.4235285164	0.4105471271	0.3994117548	0.3843151251
	0.390557241	0.5038748123	0.6270220995	0.5274076162	0.3692229246
	0.1241489113	0.01819027052	0.172775497	0.4264181717	0.4544422035
	0.4853688375	0.003682282805	0.003228448604	0.003255134363	0.003275672875
	0.003300832789	0.003388283906	0.003466926627	0.003456919353	0.003564513233
	0.003613351134	0.003639148472	0.003751744735	0.003785808701	0.003755067267
	0.00378517449	0.003879380184	0.004386340551	0.007455077287	0.125591561
	0.3669108753	0.4029972651	0.4072107352	0.4119007582	0.4182839128
	0.4242020179	0.4239135969	0.4222038065	0.4222136081	0.4235873266
	0.424554385	0.4240144233	0.4221336977	0.4216095999	0.4163941788
	0.4046309969	0.388366345	0.3701984311	0.3521702172	0.3370108279
	0.3234111249	0.324222993	0.4467166706	0.7118091557	0.4422780431
	0.2299944714	0.05902168282	0.03979422197	0.05108817947	0.3763173632
	0.4177206687	0.4605582301	0.005239579232	0.002952660932	0.003265298119
	0.003262933581	0.003278341971	0.003329363992	0.003432960664	0.003459683705
	0.003498175714	0.003595765328	0.003593058354	0.003683575289	0.003765403231
	0.003753200341	0.0037430503	0.003835344986	0.003538795755	0.003216961607
	0.003319969317	0.004262454711	0.004370595917	0.004488610974	0.004593262282
	0.004671111371	0.004935190824	0.005975802903	0.0140979249	0.09254833482
	0.3226674228	0.4038893812	0.4108734357	0.4169661153	0.4279093906
	0.4305306312	0.4231724836	0.4091908788	0.3919109405	0.3748528609
	0.3601115818	0.3453723987	0.3353500883	0.4319272717	0.6794970235
	0.3175216302	0.06614104018	0.04101152403	0.01085200712	0.04175596816
	0.4058449679	0.4271615735	0.4637584542	0.4909153509	0.4639908429
	0.4628651039	0.4610326822	0.4594570911	0.4586621214	0.4589386406
	0.4601613848	0.4624417647	0.4656163051	0.4692230918	0.4723076749
	0.4738002943	0.4734663435	0.4712293195	0.4678058071	0.4672845498
	0.01627006369	0.004686349559	0.004323424866	0.004262152659	0.004399750575
	0.004513237411	0.004612204555	0.00464131338	0.004340981271	0.004440922229
	0.004771543791	0.005308693373	0.00549673526	0.005934794985	0.005813311783
	0.05290089695	0.4280300001	0.440280135	0.4318655969	0.4162738508
	0.3995881245	0.386382527	0.3721979859	0.3490001618	0.4084939513
	0.6363455263	0.4851564084	0.1085002341	0.03089154777	0.01140053323
	0.02123027641	0.4136283587	0.4284956784	0.4640679485	0.5201723744
	0.5235089958	0.5171522554	0.5149796417	0.5131794776	0.5121783833
	0.5119902298	0.5124938132	0.5134382114	0.5145821297	0.5157326666
	0.516679102	0.5171773062	0.517213364	0.5172869369	0.5174169523
	0.5181906309	0.5294067634	0.5336210384	0.5169688276	0.5038162192
	0.4855148749	0.4690485243	0.4527330168	0.3936482622	0.093710064
	0.01318173672	0.00643175489	0.005439791529	0.005385937126	0.005643381569
	0.00392326864	0.004381926216	0.007600760943	0.3504649979	0.4286062007
	0.4234044677	0.4069748249	0.39414715	0.3797272404	0.3336161263
	0.3461587262	0.5644664904	0.649787959	0.1692242535	0.1495400909
	0.009987341335	0.01192139311	0.4110272265	0.4285966332	0.4640109651
	0.5395292471	0.5647381241	0.5537731775	0.5524503984	0.5510525028
	0.5504958433	0.5502293096	0.549897219	0.5492059929	0.548131684
	0.5469209042	0.5458560185	0.5450501148	0.5446101741	0.5447476149
	0.5456574571	0.5465915819	0.5477013582	0.5565651033	0.5539274116
	0.5498697573	0.5447866846	0.5387236199	0.5314452942	0.5274416555
	0.5211968642	0.5047652262	0.4835657827	0.4647053136	0.4474575142
	0.4280109112	0.3345380567	0.007357666802	0.0048833777	0.004506139546
	0.07683476084	0.3777835295	0.3814669071	0.3646484288	0.3468086214
	0.2781392679	0.2302280714	0.405181792	0.742163978	0.472322162
	0.1817403149	0.008940883021	0.005730336596	0.4114049333	0.4287521576
	0.4638375877	0.5459919612	0.5841327665	0.571202769	0.5710286632
	0.5701011342	0.5702929862	0.5705232996	0.5700621804	0.568520325
	0.5660245972	0.5631124258	0.5603439193	0.5580106651	0.5561624119
	0.5547227434	0.5534435461	0.5520838219	0.5505577437	0.5493346097
	0.5505301741	0.5521925083	0.5512580328	0.5491611356	0.5465930217
	0.544417008	0.541895162	0.5353634823	0.5215474007	0.505345917
	0.4896105877	0.4748326433	0.4605197507	0.4437303187	0.05705551069
	0.004598948881	0.005112491597	0.01467769241	0.1467507781	0.3168225083
	0.2921097579	0.2267326814	0.1526462382	0.2413843998	0.6835681105
	0.7095486988	0.3798559867	0.1594380885	0.005057940472	0.008165400673
	0.4283567731	0.4632956946	0.5369242622	0.5764696097	0.5650594662
	0.5661919243	0.5663016823	0.5673404799	0.5681679762	0.5682090688
	0.5671386795	0.5649221459	0.5618877438	0.5585700444	0.5554316072
	0.5526415688	0.5501180951	0.5476491221	0.5451517144	0.5430365375
	0.5417788479	0.5414622538	0.542591637	0.5435604989	0.5436207574
	0.5435149411	0.5438145895	0.5440417246	0.5431567996	0.5391705166
	0.5312313848	0.5204602708	0.5083121962	0.4953212024	0.4806577365
	0.4601914727	0.2994497121	0.007178104827	0.006862871132	0.007373710619
	0.02860029057	0.1658516361	0.2013567448	0.1342262279	0.1642953512
	0.486525484	0.8082001495	0.6210648419	0.4162993228	0.007543215945
	0.008135914017	0.4277698682	0.4628401951	0.5150262617	0.5426176418
	0.5357020215	0.5374975779	0.5384702922	0.5400855724	0.5417490185
	0.5431304186	0.5438318475	0.5435757231	0.5423562872	0.5404199804
	0.5382041296	0.536005711	0.5338717634	0.531755632	0.5297451432
	0.5282235245	0.5276156063	0.5278898157	0.528810025	0.5303167027
	0.5320400594	0.5338180747	0.5362312535	0.5396229153	0.5433127211
	0.5456939368	0.5453424903	0.5417407898	0.5354409582	0.5270574993
	0.5161265689	0.5011851301	0.4774903469	0.4138777939	0.02507598877
	0.007614860573	0.007860284401	0.01394616628	0.04666091253	0.09998353131
	0.1312977432	0.2954056168	0.6654855417	0.7453854955	0.5487193615
	0.006527994505	0.004096283112	0.4227583695	0.4624795254	0.4888637589
	0.4935435713	0.4914410784	0.4915176908	0.4912872994	0.4921697947
	0.4945823552	0.4985250554	0.5030307318	0.5067766367	0.5090403438
	0.5099529755	0.5100441747	0.5096978628	0.5090764962	0.5082834065
	0.5075117851	0.50708453	0.5072811056	0.508136517	0.5095340397
	0.511437706	0.513907421	0.5169611668	0.5208400265	0.5259515734
	0.5321756452	0.5385437383	0.5437754628	0.5468985958	0.5476030368
	0.5460597978	0.5419464603	0.5352147985	0.5217163504	0.4968112947
	0.4507397002	0.1864669355	0.01532163879	0.01159295713	0.01347672261
	0.02360016872	0.03766344202	0.06632363892	0.2188032731	0.4942149384
	0.7171978504	0.4247587588	0.004040082033	0.006319034157	0.4599017214
	0.4667632047	0.4459249683	0.4416620945	0.4350779129	0.4298028255
	0.4281855847	0.4322911752	0.4419162992	0.4536000352	0.4635294346
	0.470294695	0.4745391294	0.4773105306	0.4791587845	0.4803380322
	0.4810542732	0.481552614	0.4821133729	0.4829457002	0.4841231134
	0.4856727114	0.487675046	0.4902915704	0.493735604	0.498230232
	0.503985625	0.5110531066	0.5190935527	0.5273846919	0.5351050547
	0.5416757715	0.5468638427	0.5502784902	0.5517135244	0.5516623831
	0.5439411621	0.522856483	0.4847355238	0.3839885398	0.04718670284
	0.0222932563	0.02028294111	0.02100138917	0.02123472226	0.02769951883
	0.1204715117	0.7059871764	0.5953488066	0.006662903279	0.006982771932
	0.4562135109	0.4524289139	0.4088092037	0.389962768	0.3695691095
	0.3577062601	0.3563306653	0.3672112579	0.3874796195	0.4086872288
	0.4247445687	0.4351194591	0.4418736626	0.4466699808	0.4502033263
	0.4527787817	0.4546375705	0.4560276328	0.4571858962	0.4582828739
	0.4594144593	0.4606793809	0.4622438776	0.4643475827	0.4672758954
	0.4712970287	0.4765909508	0.4832268423	0.491148024	0.5001304703
	0.5097936066	0.5197201019	0.5295613962	0.5388878868	0.5470731597
	0.5546886136	0.56238692	0.563457085	0.5488538695	0.5157929039
	0.4339930068	0.1280567908	0.06999361855	0.05496881539	0.0243411227
	0.02633838178	0.008141781213	0.3025742354	0.8502630342	0.006562738402
	0.006474208205	0.457449548	0.4456836413	0.3828282955	0.3331639831
	0.2947391931	0.2820892467	0.2894070099	0.3143936935	0.3485614631
	0.3780037907	0.3974084867	0.4091396424	0.4168457029	0.4225312605
	0.4269084879	0.4302381489	0.4327171705	0.4345492069	0.4359179159
	0.4369547055	0.4377512733	0.4384207898	0.4391458092	0.440182365
	0.4418327242	0.4443937801	0.4480991021	0.453100073	0.4594910672
	0.4673228293	0.4765757088	0.4871371427	0.4987835723	0.5110759161
	0.5232389168	0.5347899985	0.5470198358	0.5606524555	0.5697680773
	0.5614502096	0.5306724889	0.5017160215	0.2751405756	0.4503537172
	0.3995605738	0.03825611844	0.001635633753	0.07261272263	0.9091979098
	0.006672541484	0.006545537703	0.4581357903	0.4445212345	0.366172614
	0.2657153674	0.2211853498	0.2181885198	0.240075816	0.2839276808
	0.3309676649	0.363881237	0.3826356679	0.3934131903	0.4006728224
	0.4063090206	0.4108550248	0.414436814	0.4171538463	0.4191356912
	0.4205060256	0.421353251	0.4217421304	0.4217575906	0.4215404858
	0.4212960638	0.4212812497	0.4217773518	0.4230602479	0.4253908987
	0.4290316629	0.4342567596	0.441322131	0.4504097169	0.4615446032
	0.4743936777	0.4880066694	0.5010931395	0.513295461	0.5261246443
	0.5402360166	0.5506614401	0.5569633269	0.6063644169	0.7364823614
	0.5923293901	0.6160480091	0.188252122	0.1336570806	0.3887957461
	0.8945389147	0.006811796153	0.006614480944	0.4593450468	0.4465032301
	0.357901505	0.1944815906	0.1653150797	0.1749834071	0.2142551346
	0.2789412485	0.3331710304	0.3629743419	0.3777418775	0.3861150663
	0.3921957469	0.3973170872	0.4016905359	0.4052761718	0.4080656046
	0.4101085265	0.411469456	0.4121940867	0.4123095596	0.4118494325
	0.4108783123	0.4095047072	0.4078853441	0.406224476	0.4047741136
	0.4038477723	0.4038487893	0.4052810698	0.4087064126	0.4146829845
	0.4236753185	0.4357224423	0.4498847859	0.4642377052	0.4768151712
	0.4869540476	0.4958379552	0.5063667371	0.5310016876	0.6171154742
	0.767817139	0.7987194387	0.4383154694	0.2152182356	0.3167723471
	0.6844646514	0.8582890617	0.0068769524	0.006686956888	0.463441374
	0.4493220081	0.3570059977	0.1345154211	0.1255210907	0.1484054182
	0.2129800962	0.2975857204	0.3480021273	0.3693688753	0.3788717823
	0.38461765	0.3894533468	0.3939756579	0.3980890514	0.4016163845
	0.4044607309	0.4066029242	0.4080556909	0.4088258194	0.4089011627
	0.4082575137	0.4068721612	0.4047386552	0.4018844814	0.3983918121
	0.394421948	0.3902499365	0.3863035115	0.3831737227	0.3815932232
	0.3825022683	0.3871248862	0.3965028493	0.4103879978	0.4267671169
	0.4424190268	0.4541566861	0.4606772219	0.464371076	0.4770108737
	0.5291722579	0.6117071934	0.623679047	0.4021280482	0.3960998817
	0.6273453574	0.7763088779	0.7845762883	0.007030646253	0.006749804697
	0.4605036317	0.4509712495	0.3592835742	0.08712634016	0.09507459732
	0.1374847512	0.238466009	0.3309018297	0.366285791	0.3780174518
	0.3830152114	0.3867538184	0.3906236251	0.3946412883	0.3985201256
	0.4020018027	0.4049307842	0.4072368761	0.4088917542	0.4098690146
	0.4101201506	0.4095663405	0.4081015807	0.4056063463	0.4019731262
	0.3971414828	0.3911372292	0.3841084104	0.3763307083	0.368160901
	0.3600854668	0.3531814572	0.3497530585	0.3528896734	0.3643673414
	0.3831318656	0.4051022131	0.4242707246	0.4354578568	0.4373520883
	0.4345057178	0.4341934829	0.4310502763	0.4020464099	0.3830112189
	0.5632352059	0.7459840323	0.7989396424	0.6823945027	0.00830417494
	0.006878950631	0.3563152973	0.4499057818	0.3500837059	0.05812491866
	0.06930737545	0.1470111432	0.2908949419	0.3640493674	0.381955837
	0.3864501671	0.3885683567	0.3910855386	0.3943110632	0.3979517371
	0.4016415775	0.4050913645	0.4081151358	0.4106103519	0.4125194727
	0.4137899267	0.4143425838	0.4140522811	0.4127413434	0.4101879138
	0.4061498845	0.4003993848	0.3927546537	0.3830855179	0.3712400018
	0.3569595874	0.340243424	0.3226492425	0.3084624883	0.3033364799
	0.3110471814	0.3319736779	0.362209323	0.393115701	0.4150406893
	0.4224756689	0.4158271855	0.3997825941	0.3790664117	0.3729002309
	0.4954603265	0.7201739216	0.7998128233	0.7980913554	0.02324957199
	0.008288509721	0.006014593619	0.01411643581	0.4459968099	0.2783599757
	0.04516648884	0.05105901015	0.183580959	0.3485793436	0.3877799232
	0.3935778817	0.3940738298	0.3947940898	0.3966715852	0.39949752
	0.4028652671	0.4063976466	0.4098051159	0.4128926446	0.4155416937
	0.4176769611	0.4192277638	0.4200925439	0.4201116816	0.4190513623
	0.4165992126	0.4123681508	0.4058975386	0.3966365216	0.3838935511
	0.3667469572	0.3442529626	0.3167873807	0.2883086275	0.2658428616
	0.2550328687	0.2588023388	0.2791229389	0.315920128	0.3606428274
	0.3982917436	0.4166320745	0.4145959577	0.4032830075	0.4064754745
	0.4991039659	0.7026545502	0.8020940597	0.7996506601	0.02920996601
	0.01082099961	0.008319920569	0.00841888638	0.01260950008	0.4426757067
	0.1352273097	0.04287166582	0.04303630995	0.2599847926	0.3869599208
	0.4020060151	0.4020470778	0.4009945158	0.4012434188	0.4028464883
	0.405438437	0.4086061454	0.4119923076	0.4153223642	0.4184057961
	0.4211201279	0.4233818713	0.4251104629	0.4261918226	0.4264460531
	0.4255999331	0.4232587039	0.4188638942	0.4116213473	0.4004044782
	0.3836967895	0.3597697873	0.3277636737	0.2903020798	0.2545263704
	0.2271239272	0.2097351133	0.2049118119	0.218811405	0.2587087609
	0.3219123637	0.3846540704	0.4203618737	0.4343834258	0.4564542098
	0.5417133326	0.7028055923	0.7958426712	0.7951468812	0.03403976072
	0.01252197189	0.009001452491	0.009867113181	0.01879489522	0.4268962708
	0.4433299864	0.06206414624	0.04711789585	0.04600777738	0.3384078766
	0.4060213891	0.4104015238	0.4085429216	0.4073280887	0.4075858186
	0.4091334523	0.4115997932	0.4146102246	0.4178404421	0.4210382348
	0.4240247047	0.4266804371	0.4289202348	0.4306607123	0.4317851407
	0.432107258	0.4313292772	0.4289794817	0.4243085671	0.4161373751
	0.4027152312	0.3817948453	0.3513457301	0.3117884898	0.2687509077
	0.2304881463	0.1999684807	0.177118991	0.1709170092	0.1831454573
	0.2197128913	0.2949383635	0.3874114129	0.4492357296	0.5094916655
	0.6041239332	0.7162522928	0.7805072012	0.7724351084	0.03414080675
	0.01357466565	0.009905604839	0.01090663586	0.01901836411	0.2467734048
	0.4573930446	0.447772593	0.03389977349	0.04173943798	0.0652519259
	0.3810626484	0.4153931459	0.4158886119	0.4139576704	0.4131229475
	0.4136142122	0.4152183023	0.4176142291	0.4204772012	0.4235206805
	0.4265173086	0.4293018276	0.4317599992	0.433807553	0.4353624581
	0.4363124967	0.4364759156	0.4355445957	0.4329902653	0.4279183923
	0.4188894734	0.4038194766	0.3802409883	0.3464813682	0.3045294866
	0.2623542562	0.2287983929	0.2056408705	0.193465352	0.1996597822
	0.2218612986	0.2680893946	0.3660416605	0.4833291137	0.5970093051
	0.6933421353	0.7422408193	0.758664817	0.7209191202	0.0319752049
	0.01429943468	0.01098923498	0.01182587668	0.02008883238	0.1882707148
	0.422862899	0.4618605812	0.452981954	0.02441920833	0.02912522662
	0.1201771286	0.4060497925	0.4216164147	0.4203485475	0.4188539625
	0.4184782311	0.419233618	0.4209085262	0.4232314654	0.425923084
	0.4287317275	0.4314526713	0.4339320759	0.4360588629	0.4377482393
	0.4389192819	0.439466531	0.4392205294	0.4378851705	0.4349378244
	0.4294960368	0.4201997682	0.4052141604	0.3826052409	0.3515593226
	0.3152911986	0.2835665436	0.2685245604	0.2767712051	0.3081326145
	0.406277577	0.5352217004	0.6398074035	0.7137985901	0.7726691231
	0.7902958901	0.7935286815	0.7375388639	0.6337309196	0.02798239558
	0.01464928264	0.01228605388	0.01326024527	0.02349062867	0.2337620199
	0.4425819609	0.4490166428	0.4692401762	0.4561097444	0.0209915042
	0.02331611295	0.2706785139	0.4212300876	0.4265538358	0.4246142966
	0.4235035296	0.4234610286	0.4243839599	0.4260673834	0.428268614
	0.4307407801	0.4332588658	0.4356349651	0.4377217942	0.4394068588
	0.4406002265	0.4412176509	0.4411583528	0.4402729871	0.4383149714
	0.4348760276	0.4293335241	0.4208696171	0.4086297907	0.3921426005
	0.3723119505	0.3540724244	0.3502372491	0.3841519353	0.4849177935
	0.6601511228	0.8385316332	0.8474925271	0.8345903463	0.8137781551
	0.7686998522	0.7164791697	0.6051082151	0.02290167404	0.01407131609
	0.01231025067	0.01387492559	0.01560448373	0.03011698008	0.4147896859
	0.4933951832	0.4956005001	0.5028121264	0.4909623596	0.4570484395
	0.01894887015	0.02036979531	0.393135002	0.4274741139	0.429899211
	0.4285302344	0.427823098	0.4279961933	0.4289715521	0.4305738355
	0.4325847719	0.4347808248	0.436955808	0.4389325655	0.4405654296
	0.4417357777	0.4423432125	0.4422942248	0.4414890316	0.4398065916
	0.4370913843	0.4331603374	0.4278746475	0.4213332042	0.4142126961
	0.4081954684	0.4066099642	0.4160357274	0.4491390799	0.5242518216
	0.6445308729	0.7451076579	0.6484002233	0.1222167811	0.07768034717
	0.04392986228	0.03148033163	0.02122364143	0.01801320362	0.01532329849
	0.0151802522	0.01255230652	0.01650664916	0.04470814209	0.5505315142
	0.5742587166	0.5765985312	0.5694377729	0.5857689106	0.5309221918
	0.4573730743	0.01738988282	0.01844677083	0.4171769892	0.4303888594
	0.4320101642	0.4318172846	0.4316104861	0.4319470963	0.4328891187
	0.4343273196	0.436079772	0.4379461647	0.4397354304	0.4412775522
	0.4424257728	0.443053027	0.4430456321	0.4422971512	0.4407060013
	0.4381830828	0.43468373	0.4302952452	0.4254313078	0.4211797287
	0.41977197	0.4249225505	0.4416877438	0.4757571284	0.5321315623
	0.6102295226	0.690799559	0.7279952238	0.6729797763	0.2067009429
	0.0846159414	0.05968223302	0.03830958464	0.02682791353	0.02052661697
	0.0167799309	0.02274147431	0.2018621405	0.6434293526	0.6817016765
	0.6880515951	0.6588259587	0.644178887	0.6330114249	0.650534434
	0.5714259396	0.4576304943	0.01619867526	0.01702135102	0.4220087133
	0.4330030833	0.4341854555	0.4346147569	0.4347856106	0.4352084358
	0.4360454006	0.437253299	0.4386917232	0.4401861022	0.4415607512
	0.4426529242	0.4433158195	0.4434158561	0.4428282714	0.4414353721
	0.4391338266	0.4358622313	0.4316698196	0.4268625803	0.422276012
	0.4197061506	0.4224143001	0.4352853501	0.4637638894	0.5108684648
	0.5730535492	0.6385432216	0.6896483731	0.7079247681	0.6797339169
	0.5722864939	0.3102745893	0.1632232085	0.1685320772	0.2169548378
	0.4180125595	0.7030228347	0.7571638258	0.7971334719	0.7718447676
	0.7270725498	0.7032770837	0.6699985378	0.6569576337	0.649446383
	0.661161258	0.5854313426	0.4565501656	0.01536261243	0.01595765501
	0.4249465459	0.4357464827	0.4366277291	0.4370926172	0.4373530398
	0.4377324965	0.438390227	0.439315153	0.4403992279	0.4414930434
	0.4424382981	0.4430827784	0.4432842932	0.4429089787	0.4418286217
	0.439922237	0.4370896334	0.4332897182	0.4286249223	0.423505294
	0.4189333872	0.4169283475	0.4209881459	0.4361159915	0.4673105
	0.5156450159	0.5739956374	0.6288940115	0.668399704	0.6880519948
	0.6922729731	0.7007874672	0.7509572946	0.8366244899	0.8391976174
	0.8542073328	0.8491756836	0.8186785679	0.7854496051	0.7566549335
	0.7190938533	0.670951422	0.6452399666	0.6284487831	0.6227257604
	0.619048551	0.6251914242	0.5703502473	0.4044036727	0.01532780041
	0.0152848918	0.427940572	0.4384802509	0.4389976478	0.4392170346
	0.4393279003	0.4395293463	0.4399327182	0.4405285546	0.4412278329
	0.4419030621	0.4424150945	0.4426266329	0.4424065076	0.4416291861
	0.4401739676	0.4379290653	0.4348078164	0.4307878908	0.4259902869
	0.4208229984	0.4162171169	0.4139623452	0.4170601177	0.4297001699
	0.4558819746	0.4959461615	0.543326094	0.5871759204	0.6199993838
	0.64186018	0.6584639752	0.6786200698	0.7111576749	0.7537044219
	0.7745239398	0.7646976989	0.7448776073	0.7084605159	0.6541665656
	0.6130570856	0.5847213585	0.5734103618	0.5698907534	0.5673998102
	0.5680557347	0.5688208957	0.5719360873	0.5428467025	0.05691366891
	0.01693625951	0.01514412598	0.4301632786	0.4411181425	0.4410796594
	0.4409053074	0.440728992	0.44065367	0.4407383125	0.4409635047
	0.4412520815	0.4414962419	0.4415773426	0.4413767926	0.4407803046
	0.4396788232	0.4379698983	0.4355639342	0.4324008944	0.4284847333
	0.4239457199	0.4191445145	0.4148290197	0.4123357865	0.4137792611
	0.4219774981	0.4394354817	0.4658593565	0.4958602724	0.5207508247
	0.534691974	0.5395921833	0.5430136935	0.5498633315	0.5566986875
	0.5553787913	0.5397596096	0.5089970458	0.4808973007	0.4656491661
	0.4642293859	0.473181972	0.4869226946	0.5003307174	0.5100751733
	0.5164089821	0.5214227132	0.5250792404	0.5274088139	0.5185736557
	0.02023867773	0.02213673951	0.02090504446	0.4333713783	0.4436534263
	0.4427925719	0.4421409646	0.4416155646	0.4412047092	0.4409210366
	0.4407381097	0.4405914734	0.4403936134	0.4400476314	0.4394559335
	0.4385247349	0.4371667309	0.4353049064	0.4328808837	0.4298714799
	0.4263173239	0.4223681352	0.4183494899	0.4148470755	0.4127830245
	0.4134409936	0.4183167287	0.4284197958	0.4426913865	0.4564037682
	0.4617426401	0.4514856395	0.4243395429	0.3888991719	0.3584735252
	0.338257819	0.3254745224	0.3185384687	0.3190335618	0.3289250287
	0.3498849286	0.3800755539	0.4130560446	0.4425887058	0.4639096987
	0.4765582485	0.4850109092	0.4916108991	0.4963432189	0.4986492717
	0.5023166851	0.01337742286	0.01558650338	0.04649986034	0.4390630191
	0.4457880614	0.4440311666	0.4429572939	0.4420942953	0.4413213681
	0.4406306202	0.44000434	0.439397932	0.4387468364	0.4379766724
	0.4370111791	0.4357777303	0.4342120716	0.4322645791	0.4299104809
	0.4271661515	0.4241130006	0.4209304113	0.4179375064	0.4156301561
	0.4146749649	0.415823798	0.4197154099	0.4264105833	0.4344897566
	0.4401326618	0.4373359702	0.4200934826	0.3864186879	0.343252329
	0.3046595776	0.2784779773	0.2649835488	0.2638507816	0.2745685214
	0.2965139117	0.32974763	0.3708549889	0.4098163456	0.4372422615
	0.4533362025	0.4632600994	0.4706908494	0.4766909912	0.4809156615
	0.4829355473	0.4929956401	0.01216781318	0.01311631792	0.3166047022
	0.4425375064	0.4470014267	0.4448392571	0.4435412448	0.4423609299
	0.4411868351	0.440039231	0.4389284352	0.4378358047	0.4367202464
	0.4355282586	0.434202639	0.4326895708	0.4309454145	0.4289450109
	0.4266931612	0.4242402882	0.4217025753	0.4192869223	0.4173187238
	0.4162540843	0.4166307919	0.4189280755	0.423363793	0.4296081943
	0.4363249574	0.4407413033	0.4388762901	0.4269437373	0.4036773593
	0.3726715685	0.3423651909	0.3207028712	0.3111085647	0.3145790108
	0.3305023419	0.3557328987	0.385269143	0.413065505	0.4341910604
	0.447755842	0.4562109945	0.4622026684	0.4672026712	0.471368923
	0.4742439556	0.4756854323	0.4885027401	0.01145918857	0.01190182197
	0.4217748404	0.4417403374	0.4463976845	0.4454855859	0.4441560213
	0.4426113949	0.4409573129	0.4392880004	0.4376503779	0.4360501478
	0.4344652987	0.43285843	0.431186847	0.4294111133	0.4275033951
	0.4254570329	0.4232983778	0.4211011532	0.4190031392	0.417225604
	0.4160935108	0.4160359855	0.4175165711	0.4208682001	0.4261072962
	0.4327878103	0.4398174618	0.4452895925	0.4467175688	0.4420217622
	0.4309995387	0.4163859791	0.4033671361	0.3968344307	0.3986325391
	0.4073744197	0.4195755655	0.4313666706	0.4407783409	0.4479025367
	0.453442404	0.4578892958	0.4615430204	0.4646766369	0.4674810875
	0.4698577776	0.4714903691	0.4724831581	0.4866224574	0.01097845403
	0.01129704793	0.428502643	0.4417119182	0.4457604634	0.4461382349
	0.4447778492	0.4428150268	0.440631233	0.43841088	0.4362367485
	0.4341344282	0.4320959398	0.4300952113	0.4280996003	0.4260795455
	0.4240178399	0.4219196707	0.4198239691	0.4178158515	0.4160398907
	0.4147153196	0.4141521843	0.4147472931	0.41690517	0.4208591265
	0.4265004418	0.433337915	0.4404906024	0.4466277056	0.4501230485
	0.449720968	0.4454712545	0.4392143659	0.434019184	0.4325052134
	0.4351431454	0.4402001191	0.4453109101	0.4491029007	0.4517716126
	0.454257394	0.4571001016	0.4601510423	0.462968095	0.4652840327
	0.4671282666	0.4685600766	0.4695156474	0.4703462828	0.4856343431
	0.01057151275	0.01084642738	0.4310574996	0.4430305366	0.445903113
	0.4463271981	0.4449279937	0.4426504852	0.4400297583	0.4373295166
	0.4346776962	0.432125674	0.4296814002	0.4273296168	0.4250459108
	0.422807811	0.4206048108	0.4184484152	0.4163824905	0.4144934794
	0.4129204374	0.411866994	0.4116159232	0.4125258967	0.4149513405
	0.4190537263	0.4246329487	0.431159702	0.4378969932	0.4438817552
	0.4479578256	0.4491952887	0.4475126827	0.443943161	0.4402424859
	0.4379912317	0.4377610989	0.4390716234	0.4411338959	0.443541485
	0.4463752485	0.4498106961	0.4537043563	0.4575605913	0.4608511735
	0.4633391358	0.4651027615	0.4663067783	0.4670577133	0.4679113441
	0.4846093893	0.0101998142	0.01045345686	0.4331018422	0.4444802031
	0.4461878065	0.446128028	0.4445390761	0.4420187416	0.4390688073
	0.4359942716	0.4329597909	0.4300420599	0.4272651919	0.4246244827
	0.4221028985	0.4196835212	0.4173600522	0.4151465174	0.4130863379
	0.4112602835	0.409793617	0.4088656772	0.4087248253	0.4096907214
	0.4120813958	0.4160190486	0.4212467375	0.4271975401	0.4332246088
	0.4386234841	0.4425448962	0.4442300737	0.4434791499	0.4408681549
	0.4375238846	0.4346365877	0.4330005569	0.4328642636	0.4341318521
	0.4366218088	0.4401454942	0.444426658	0.4490288318	0.4534099137
	0.4571052962	0.4599070409	0.4618688148	0.4631503767	0.4639164287
	0.4648511949	0.4832473557	0.009844288361	0.01008265268	0.4347691821
	0.4457944184	0.4464976807	0.4457799322	0.4438202576	0.4410187344
	0.437788698	0.4344251368	0.4311036079	0.4279132984	0.4248883884
	0.4220317868	0.4193322634	0.4167772218	0.4143630336	0.4121039841
	0.4100398793	0.4082418191	0.4068167892	0.4059154066	0.4057483843
	0.4065980161	0.4087613134	0.4123585727	0.4171205419	0.4224496578
	0.427738963	0.4324735123	0.4360532178	0.4378627081	0.437652594
	0.4357626949	0.4329938963	0.430304678	0.4285127595	0.4281082271
	0.4292359012	0.4317856496	0.4354792755	0.4399152509	0.4446096786
	0.4490676721	0.452891391	0.4558768625	0.4580193866	0.4594266288
	0.4602588535	0.4612655591	0.4815581078	0.009595204209	0.009754966646
	0.4361510137	0.4469044082	0.4467385917	0.4453206929	0.4428886911
	0.4397598453	0.4362731372	0.4326873758	0.4291651001	0.4257924334
	0.4226047396	0.4196079301	0.4167942942	0.4141543084	0.4116860181
	0.4094028118	0.4073394471	0.4055557656	0.4041389447	0.4032094317
	0.4029387933	0.4035720046	0.4053947697	0.4085589807	0.4128361529
	0.4176209788	0.422295633	0.4264577119	0.4297223323	0.4316233957
	0.4319009915	0.4307474717	0.4287442871	0.4266489436	0.4251877932
	0.4248866453	0.425978911	0.4284168439	0.4319433177	0.4361700043
	0.4406485791	0.4449411379	0.4486957773	0.4517080733	0.4539285519
	0.4554142204	0.4562952678	0.4573412178	0.479636727	0.009530642969
	0.009605527141	0.4374304384	0.4477864936	0.4468431318	0.4447322651
	0.441793758	0.4383243049	0.434610174	0.4308650331	0.4272223614
	0.4237523943	0.4204835801	0.4174203756	0.4145563478	0.4118839411
	0.4094022636	0.4071234061	0.4050768846	0.4033114759	0.4018952535
	0.4009192736	0.4005152818	0.4008873389	0.4023081438	0.4049797689
	0.4087677377	0.413108169	0.4173409677	0.4210778509	0.4240912108
	0.4260764716	0.4267954723	0.4263294467	0.4250828402	0.4236349517
	0.4225947045	0.422462133	0.4235124938	0.4257600483	0.4290033772
	0.4329038666	0.4370626677	0.4410893326	0.4446653133	0.4475911051
	0.4497938224	0.4512955519	0.4521905773	0.4532348022	0.4775706536
	0.009367453414	0.009530531876	0.4385904152	0.4484234322	0.4467579394
	0.4439808738	0.4405489453	0.4367659957	0.432876385	0.4290436648
	0.4253620971	0.4218774502	0.4186057823	0.4155470738	0.4126946463
	0.4100421971	0.4075896292	0.4053478336	0.4033416951	0.4016103464
	0.4002051783	0.3991907144	0.3986597221	0.3987694925	0.3997658194
	0.4018955864	0.4051551162	0.4090951111	0.4130321699	0.4164983126
	0.4193176582	0.4213363185	0.4223841273	0.4224715322	0.4218561105
	0.4209639678	0.4202955288	0.4203133375	0.4213162932	0.4233708077
	0.4263296114	0.4299018889	0.4337313792	0.4374656443	0.4408148024
	0.4435908668	0.4457132301	0.4471832655	0.4480611234	0.4490588175
	0.4754217734	0.009064908654	0.009252090105	0.4394677421	0.4487926656
	0.4464358785	0.4430287135	0.4391534875	0.4351244965	0.4311402701
	0.4273072209	0.4236738997	0.4202573069	0.4170587876	0.4140727032
	0.4112915736	0.4087100971	0.406328965	0.4041582184	0.4022191013
	0.4005431675	0.3991686804	0.3981384523	0.397509976	0.397389663
	0.3979757352	0.3995290672	0.4021779605	0.4056606677	0.4093537368
	0.4126734909	0.4153589877	0.4173346749	0.4185405457	0.4189870521
	0.4188307149	0.418369183	0.4180044775	0.418155729	0.4191290361
	0.4210267445	0.4237440918	0.42702852	0.4305573671	0.4340093531
	0.4371214458	0.4397221573	0.4417330669	0.4431450738	0.4439880422
	0.4448950979	0.4732325889	0.009074656226	0.009057716625	0.4402443799
	0.4489060687	0.4458408818	0.4418436248	0.4376092155	0.4334407287
	0.429471771	0.4257415503	0.4222495963	0.4189840408	0.415932294
	0.4130837499	0.410430445	0.4079681835	0.4056985426	0.4036310523
	0.4017842461	0.4001841469	0.3988597306	0.3978381919	0.3971488963
	0.3968492469	0.3970723098	0.3980462694	0.3999872077	0.4028556565
	0.4062117547	0.4094221887	0.4120351887	0.4139079421	0.4150792833
	0.415652838	0.4157678717	0.4156277502	0.4155351468	0.4158457775
	0.4168452147	0.418648294	0.4211802555	0.4242227611	0.427485489
	0.4306767906	0.4335595952	0.4359813681	0.4378720653	0.4392198698
	0.4400289399	0.4408082078	0.4710344867	0.009270526449	0.009231540233
	0.4411059029	0.4488337338	0.4449576961	0.4404105038	0.4359355753
	0.4317703968	0.4279507601	0.4244377364	0.4211826241	0.4181487826
	0.4153132086	0.412662377	0.410188713	0.407889339	0.4057666869
	0.4038298213	0.4020950232	0.4005841546	0.3993200063	0.3983201468
	0.3975953699	0.3971638267	0.3970888236	0.3975220581	0.3986865306
	0.4007291038	0.4035001961	0.4064860294	0.4090478036	0.4107991783
	0.4117705773	0.4122336936	0.4124373552	0.4125490025	0.4127604638
	0.413322958	0.4144574875	0.4162584869	0.4186666459	0.4215000778
	0.4245115773	0.4274494759	0.4301077889	0.4323544722	0.4341303769
	0.4354263065	0.4362257435	0.4368551348	0.4688542749	0.009100149878
	0.009290566837	0.4417747696	0.4486024086	0.4437636373	0.4387242767
	0.4341728204	0.4301881854	0.4266681893	0.4234897461	0.4205631065
	0.4178352698	0.4152784735	0.4128790612	0.4106307416	0.4085318624
	0.4065852201	0.4047988708	0.4031865045	0.401766046	0.4005556164
	0.3995674556	0.3988032611	0.3982577686	0.397938166	0.3979004314
	0.3982860961	0.3993114285	0.4011320698	0.4035750332	0.4059941854
	0.4076430965	0.4083299319	0.4084941856	0.408644208	0.4089979365
	0.4096174166	0.4105907615	0.4120202824	0.4139429784	0.4162980781
	0.4189423629	0.4216874515	0.4243427195	0.426751711	0.4288138054
	0.4304853526	0.4317620465	0.4326084318	0.4330939324	0.4667211986
	0.00829343363	0.008830826427	0.4418525071	0.4481439333	0.4421949984
	0.4367821536	0.4323802334	0.4287846237	0.4257197221	0.4229857445
	0.4204683358	0.4181106586	0.4158868937	0.4137857249	0.4118022351
	0.4099349841	0.4081857293	0.406560079	0.4050678263	0.4037219393
	0.4025355432	0.4015171474	0.4006658859	0.3999696531	0.3994080976
	0.3989620587	0.3986430646	0.3985719196	0.3990559068	0.4004043829
	0.4023631401	0.4039457416	0.4044355591	0.4042536738	0.4042948223
	0.4049532154	0.4061414366	0.4077182549	0.4096199036	0.411798462
	0.4141785707	0.4166549798	0.4191069146	0.4214201656	0.4235090107
	0.4253301746	0.4268826675	0.4281866419	0.4291874524	0.4295910377
	0.4646761968	0.007402612229	0.007829827463	0.4415838436	0.4474301434
	0.4401513647	0.4345934735	0.4306452759	0.4276666066	0.4251992307
	0.4229985894	0.4209533124	0.4190177115	0.417173518	0.415412195
	0.4137282703	0.4121177345	0.4105784249	0.4091108631	0.4077186702
	0.4064079511	0.405185324	0.4040549078	0.403015462	0.4020587509
	0.4011665375	0.4002976414	0.3993688911	0.3983011302	0.397246974
	0.3968165893	0.3975981404	0.3990390823	0.3997498319	0.3995214301
	0.3995304597	0.4005798068	0.402493578	0.4048360042	0.4073444237
	0.4098821525	0.4123574801	0.4147010028	0.4168578286	0.4187874274
	0.4204735485	0.4219407199	0.4232711269	0.4245935576	0.425908798
	0.4264139633	0.4627813831	0.008184012711	0.007800722137	0.4449371129
	0.4461232068	0.4373709179	0.4321974556	0.4291253113	0.4269796498
	0.4252042304	0.4235840726	0.4220478187	0.4205731389	0.4191496641
	0.4177673895	0.4164147148	0.4150794925	0.4137506213	0.4124193382
	0.4110798741	0.4097292886	0.4083664541	0.4069905723	0.4056002455
	0.4041940968	0.4027704323	0.4013129742	0.3997414154	0.3978540287
	0.3954607805	0.3929358773	0.3915721789	0.39228152	0.3938338975
	0.3945197879	0.3948745536	0.3963051928	0.3989480373	0.4021024954
	0.405251474	0.4081795801	0.4107935084	0.4130559212	0.4149660624
	0.4165422872	0.4178155584	0.4188442628	0.4197630365	0.4208715518
	0.4225421052	0.4235479146	0.4611172284	0.008810371343	0.008666762995
	0.4517541703	0.4432663441	0.4338442777	0.4300680024	0.4282566193
	0.4269909996	0.4258649915	0.4247928453	0.4237651126	0.4227768035
	0.421812709	0.4208487225	0.4198560637	0.4188049763	0.4176674014
	0.4164188005	0.4150393351	0.4135145179	0.4118354247	0.4099986908
	0.4080068577	0.4058699012	0.4036074445	0.4012440899	0.3987734574
	0.3960623892	0.3927860414	0.388807242	0.3852105282	0.38425789
	0.3865101697	0.3893641738	0.3910767077	0.3929041149	0.3959597406
	0.3997346987	0.4034206694	0.4066777388	0.4094286058	0.4116662423
	0.4134232987	0.4147581259	0.4157327668	0.4164045531	0.4168614188
	0.4173740421	0.418758603	0.4204733684	0.4597060665	0.008072740627
	0.009023871999	0.4631568852	0.4418083382	0.4327013859	0.4303844297
	0.4292616007	0.4283565374	0.4275739354	0.4269198422	0.4263797632
	0.4259134439	0.425465456	0.4249738319	0.4243753607	0.4236087663
	0.4226168732	0.4213484424	0.4197600235	0.4178179232	0.4155001991
	0.4127985053	0.4097198028	0.4062886133	0.4025513111	0.3985825521
	0.3944833373	0.3903331566	0.3860578062	0.3814065237	0.3766809811
	0.3739087996	0.3755522071	0.3806334523	0.3852747449	0.3883935331
	0.3917481069	0.3959114871	0.4001146465	0.4037919574	0.4068233441
	0.4092246365	0.4110491043	0.4123864369	0.4133371253	0.4139737828
	0.4143140577	0.414328471	0.4141793035	0.4149464569	0.4579116896
	0.01389478102	0.01027719679	0.4742860231	0.474438432	0.4691480507
	0.4666128084	0.465177349	0.464297007	0.463767858	0.4634787067
	0.4633481249	0.4633071698	0.4632939942	0.4632517096	0.4631272811
	0.4628709289	0.4624359367	0.4617788851	0.4608603599	0.4596461456
	0.4581087986	0.4562293775	0.4539991616	0.4514217778	0.4485175595
	0.4453335216	0.4419601414	0.4385394021	0.4352091879	0.4319438287
	0.428583826	0.425734676	0.4255533496	0.42924434	0.4342875136
	0.4378041405	0.4401897529	0.4427624506	0.4455127969	0.4479784151
	0.4499898677	0.4515525307	0.4527121724	0.4535428634	0.4541343445
	0.4545597364	0.4548376829	0.4548797507	0.4543825502	0.4533278796
	0.4691912056	