2601	
	0.007271671364	0.01417311646	0.01449869167	0.01449754144	0.01454947947
	0.01461789537	0.01468634422	0.01476385767	0.01485726658	0.0149654654
	0.0151311818	0.01593351395	0.02204012069	0.06140381095	0.2241928915
	0.3217298337	0.4109564446	0.4287418438	0.4310062737	0.4289171767
	0.4304615324	0.439246153	0.4420578304	0.4425438161	0.442498247
	0.4423768365	0.4422428129	0.4415207332	0.4402696738	0.4382067665
	0.4315117929	0.4195020512	0.4104886318	0.4376221521	0.5178386641
	0.4782817157	0.2929920792	0.2804249529	0.3836293636	0.4443178921
	0.4540560946	0.4532584886	0.4777991215	0.4917249974	0.4689893596
	0.4692961601	0.4817227855	0.4758087096	0.4635681962	0.4617098886
	0.469431148	0.09367672348	0.08544632923	0.08348147996	0.08344453713
	0.08380160133	0.08426703218	0.08477739287	0.08531546247	0.08586660706
	0.08641060518	0.08696247149	0.08771703543	0.08860064674	0.07383601437
	0.08394334501	0.1472040719	0.3017718007	0.3400647321	0.3432404842
	0.3442445907	0.3686566957	0.4106763917	0.4196446944	0.4208490871
	0.4208283313	0.420669976	0.4203312184	0.418897216	0.4189146579
	0.4205209879	0.4140061668	0.3999622438	0.3861230857	0.4042326441
	0.4926889436	0.4928779496	0.2139599961	0.1574096113	0.1954833519
	0.2311865923	0.2522189551	0.2706800003	0.3133591694	0.366202596
	0.3885030055	0.4178476381	0.454675062	0.4559587933	0.4474950273
	0.446304432	0.4585899678	0.3499902977	0.3280165131	0.3219853703
	0.3223270299	0.3237508166	0.3255103513	0.3274717623	0.3295470042
	0.331637513	0.333632329	0.3353945669	0.3364821669	0.3331385198
	0.2923069999	0.1434782404	0.08711854401	0.08109132371	0.09533408424
	0.0949311928	0.1002783716	0.1412689772	0.2906783142	0.3317680686
	0.3359114894	0.3361174761	0.3360461568	0.3359736947	0.3370318104
	0.3615174072	0.4013739693	0.4018170597	0.3867299939	0.3648152737
	0.3595326438	0.4452274446	0.5369644449	0.3099020676	0.1340018031
	0.105509636	0.08984731425	0.07711479987	0.07588780981	0.08546037252
	0.1040991172	0.1277453731	0.1873302616	0.3226354068	0.4066111856
	0.4274144968	0.4339324149	0.4483997653	0.4275812793	0.4121407476
	0.4043315143	0.4045950214	0.4061674281	0.408101582	0.4102450243
	0.4124977381	0.4147496748	0.4168925829	0.4188259534	0.420349026
	0.4202990393	0.4118054461	0.3668939724	0.3021430156	0.1483054561
	0.1064349142	0.100022016	0.09939701736	0.08263235546	0.07984951755
	0.09479758533	0.09400531136	0.09353016482	0.0934337962	0.09400613221
	0.0997099703	0.1411115501	0.2912999145	0.3265065067	0.3297842806
	0.3246281096	0.2904965611	0.3476478454	0.5403455849	0.5258436834
	0.240214328	0.1194200058	0.09184742907	0.05723096666	0.0408497326
	0.03344827174	0.03004084727	0.03088313321	0.04694648191	0.1180025444
	0.2854360196	0.3905710896	0.4229077119	0.4418663813	0.4478563555
	0.4324914323	0.4252746171	0.4252954433	0.4263102073	0.4276187348
	0.4290989219	0.430676902	0.4322898595	0.4338975376	0.4354892576
	0.4370455468	0.438348825	0.4383862513	0.434583076	0.427715894
	0.3904034999	0.3679229288	0.3638835399	0.356495744	0.3143289693
	0.1551568953	0.1111040999	0.1034107267	0.1011953034	0.09984056586
	0.09891103184	0.09860075549	0.08183712493	0.08051394316	0.09831768265
	0.1189642945	0.2008473215	0.1969798791	0.2290931666	0.4365508349
	0.6472913072	0.4926225156	0.2075346401	0.129127834	0.1012707214
	0.0800671066	0.06830517592	0.0616457762	0.05469927276	0.04145546396
	0.04044579521	0.1114240561	0.2977954388	0.4004738211	0.4302988101
	0.4606854376	0.4480280274	0.442717299	0.44271463	0.4431746849
	0.443838647	0.4446692742	0.4456386148	0.4467316237	0.447952429
	0.4493178662	0.4508258135	0.4523956795	0.4538263961	0.4549260588
	0.4559736778	0.45506184	0.458106709	0.4597747838	0.4577881969
	0.449332881	0.4091962467	0.3849076391	0.3780564737	0.3721233837
	0.3667581563	0.3614022249	0.3527803656	0.3084172793	0.1507415106
	0.1062067666	0.07844659956	0.05923210966	0.06435967931	0.09527048352
	0.2743107851	0.5768879951	0.6567910541	0.4176745959	0.2033623516
	0.1670066981	0.158552943	0.1556151876	0.1658547738	0.1771461541
	0.1541483464	0.07915334283	0.04718050674	0.1298789825	0.324458844
	0.3907939403	0.4720976332	0.4626349958	0.458906491	0.4588522202
	0.4589329646	0.459150541	0.4595307874	0.460087179	0.4608300039
	0.4617654383	0.4628818137	0.4641245587	0.4653786958	0.4665069977
	0.4674780832	0.4684734817	0.4696464853	0.4719877959	0.4740547067
	0.4749710448	0.4745206466	0.4721139836	0.4743824041	0.4734339956
	0.4691106067	0.4641503199	0.4589160631	0.4526775123	0.4400055878
	0.3946279194	0.360754258	0.3103825251	0.1491159781	0.1036751378
	0.08030179691	0.08721529612	0.2288394443	0.576399348	0.6201100192
	0.4168143545	0.2668999172	0.243740923	0.2437553611	0.2510127243
	0.2746312113	0.2903983394	0.24703409	0.09769808067	0.05695432552
	0.1604063125	0.2571373336	0.4817017889	0.4751899783	0.472620618
	0.4724771575	0.4723296568	0.4722800735	0.472372714	0.4726369344
	0.4730836266	0.4736986087	0.4744313632	0.4751856274	0.4758303682
	0.476256948	0.4764737208	0.4766522919	0.4770605931	0.4779934085
	0.4791386656	0.4800188717	0.4802681185	0.4801706793	0.4811078969
	0.4813191611	0.4801376856	0.4780648164	0.4753161344	0.4719599035
	0.467627903	0.4611901216	0.4572456289	0.4446442969	0.3969108366
	0.3607698019	0.3100618495	0.1534586464	0.1148077019	0.21972494
	0.517045113	0.5877567695	0.5397174862	0.4097580627	0.3847373706
	0.3836149025	0.3916288437	0.3779286815	0.3217168295	0.2314915888
	0.06018172803	0.04595220351	0.07892827306	0.4880240353	0.4837762309
	0.4820188364	0.4818137201	0.4815733486	0.4814029027	0.4813376254
	0.4813991505	0.4815842995	0.4818573327	0.4821454129	0.4823444061
	0.4823459132	0.4820922713	0.4816373626	0.4811567231	0.4808796345
	0.4809580174	0.4812477942	0.4814117732	0.4812351291	0.4809229035
	0.4809402382	0.4811559611	0.4813116371	0.481045987	0.4801974583
	0.4787615213	0.476861629	0.4749217955	0.4736690274	0.4707143325
	0.4639984118	0.4583284079	0.4428867227	0.3889594075	0.3161569775
	0.1521217879	0.1462373023	0.2418901022	0.4955178587	0.5754657347
	0.6027903642	0.6092318359	0.5937611705	0.5609542317	0.4071129478
	0.2795328372	0.07560523806	0.02208832517	0.03159953787	0.4896171845
	0.4865454593	0.4853273009	0.4851751671	0.4850134842	0.4848944632
	0.4848300036	0.484822186	0.4848511689	0.484868611	0.4847989693
	0.4845545048	0.4840665131	0.4833279556	0.4824249278	0.4815234039
	0.480801895	0.4803485342	0.4800688782	0.4797616969	0.4793438677
	0.4789919405	0.4789729432	0.4793144022	0.4798354118	0.4802625541
	0.4803874706	0.4801225308	0.4795525912	0.4789592831	0.4785802688
	0.4781096212	0.4774245689	0.4767175909	0.4733213634	0.4641307167
	0.4457528468	0.3564007781	0.152874845	0.08035198741	0.1300431874
	0.2236510117	0.4278472254	0.5378366629	0.5151562918	0.3427972216
	0.4251494431	0.3643256945	0.09326053294	0.03666204701	0.06116815366
	0.4856551737	0.4823589429	0.4814216948	0.4815022047	0.4816359617
	0.4817986363	0.4819641613	0.4821079145	0.4821944785	0.4821704966
	0.4819684825	0.4815253739	0.4808109607	0.4798559459	0.4787622994
	0.4776790113	0.4767449309	0.4760209167	0.4754560115	0.4749551043
	0.4745120537	0.4742622273	0.4743637749	0.4748278335	0.4755123509
	0.4762294622	0.4768388528	0.4772812461	0.4776187738	0.4780132389
	0.4785870982	0.479356862	0.4803941371	0.4816513671	0.4826294656
	0.4830953992	0.4821792501	0.4690958983	0.395510832	0.2326481784
	0.1439247229	0.1063079806	0.1125920279	0.1548689553	0.1633309963
	0.1329855894	0.2716321334	0.5201693974	0.146264102	0.07261020784
	0.1641639771	0.4763052823	0.4712227721	0.4701624791	0.4706363651
	0.4712828788	0.4719985242	0.4726975098	0.4733127037	0.4737832714
	0.4740458616	0.4740388361	0.4737207494	0.4730921063	0.472209384
	0.4711812736	0.4701414175	0.4692044236	0.4684250318	0.4677909456
	0.4672742571	0.4669039686	0.4667780898	0.4669858604	0.4675201658
	0.4682801468	0.469141199	0.4700173413	0.4708911748	0.4718226876
	0.4729092395	0.4742066503	0.4757229964	0.4774730621	0.4794145202
	0.4814755086	0.4838409575	0.4869233519	0.4907556227	0.4917143527
	0.4661482563	0.4230037717	0.352312075	0.1816497606	0.1142472376
	0.06314077967	0.08138649328	0.2505055468	0.5643404509	0.1805144956
	0.09223272082	0.2317758261	0.4626667334	0.4542465613	0.4522774501
	0.4531520551	0.4544840355	0.4560574583	0.4576865908	0.4592160502
	0.4605194791	0.461496347	0.4620778489	0.4622399033	0.4620112679
	0.4614714519	0.4607363407	0.4599317102	0.4591614724	0.4584847903
	0.4579193435	0.4574764348	0.4571987019	0.4571576968	0.4574058966
	0.4579333075	0.4586769514	0.4595665339	0.4605650909	0.461687787
	0.4629932594	0.4645387769	0.4663262468	0.468297016	0.4703530531
	0.4723507398	0.4741668791	0.4758352103	0.4776340561	0.4803086458
	0.4853068177	0.4919682224	0.4967771425	0.4873870798	0.4439530436
	0.3849496728	0.1965185377	0.1929688024	0.3561940713	0.6083595745
	0.1920232693	0.09829775674	0.2549850385	0.4462066916	0.4329918841
	0.4287372378	0.4297301314	0.4319238804	0.4348046915	0.4379739212
	0.4410722629	0.4438180613	0.4460276216	0.4476187321	0.4485987795
	0.4490412783	0.4490611039	0.4487914673	0.4483611539	0.4478740637
	0.4473983628	0.4469733399	0.4466324124	0.4464226277	0.4463993218
	0.4465987756	0.4470191932	0.4476333018	0.4484201985	0.4493913448
	0.4505966861	0.4521044616	0.4539565192	0.4561244536	0.4584979571
	0.4608929194	0.4630657386	0.46477263	0.4658419176	0.4662208672
	0.4660806207	0.4659164096	0.4660687147	0.4655666904	0.4599805338
	0.446723497	0.4289882806	0.3722182473	0.4092428277	0.5946559317
	0.6632443733	0.1977755484	0.1006335987	0.26232942	0.428121804
	0.4086459723	0.4000128119	0.4004628341	0.4038730482	0.4089337973
	0.4147105163	0.4203872135	0.4253832006	0.4294024821	0.4323921554
	0.4344519709	0.4357477323	0.4364585553	0.436751927	0.4367710378
	0.436627179	0.4363986144	0.4361392161	0.4358940517	0.435710227
	0.4356331554	0.4356931799	0.4359006024	0.436260126	0.4367952405
	0.4375652423	0.4386626877	0.4401864098	0.4421964096	0.4446715612
	0.4474897977	0.4504280308	0.4531813441	0.4554133175	0.4568065936
	0.4570885606	0.456046872	0.4534758742	0.4489108352	0.4411654425
	0.4278623531	0.406511092	0.3763069781	0.3410698162	0.3774213154
	0.5614571167	0.6535107477	0.1907554287	0.1006351359	0.2647343895
	0.4091319423	0.3817215064	0.3659145035	0.3648295971	0.3702212658
	0.3790766521	0.3892033805	0.3988716429	0.4070528803	0.4134063788
	0.4180536595	0.4213124287	0.4235165071	0.4249457969	0.4258181678
	0.4262987583	0.4265092493	0.426536334	0.4264422899	0.4262766775
	0.4260835046	0.4259002734	0.4257538243	0.4256637982	0.425658736
	0.425797351	0.4261818705	0.4269526285	0.4282595038	0.4302161108
	0.4328525686	0.436081705	0.4396840133	0.4433187297	0.4465670574
	0.4489871098	0.4501604646	0.4497236364	0.4473521482	0.4426609183
	0.4350951408	0.4240168443	0.4092583545	0.3920463258	0.378726452
	0.4130713374	0.5657500026	0.6235255974	0.1830549675	0.100176255
	0.2642906952	0.389586876	0.3523624006	0.3264220881	0.3229181136
	0.3316081549	0.3466439013	0.3634037605	0.378585375	0.3907021487
	0.3996346557	0.4059416386	0.4103212201	0.4133470657	0.4154223385
	0.4168191857	0.4177237341	0.4182656662	0.4185360256	0.4185998199
	0.4185057692	0.4182919532	0.4179871994	0.4176125878	0.4171897998
	0.416758607	0.4163977958	0.416239379	0.4164664805	0.4172896022
	0.4189032728	0.4214317337	0.4248741579	0.4290609722	0.4336397154
	0.4381070915	0.4418828095	0.4444055014	0.4452325203	0.4441249251
	0.4410903836	0.436438329	0.4310580387	0.4271913086	0.429961551
	0.4503121985	0.5119163039	0.6324582425	0.6060675764	0.1753414796
	0.09763098332	0.2579661209	0.369351374	0.3205679405	0.2829555451
	0.2773415029	0.2911604612	0.3149486718	0.3403989572	0.3619799731
	0.3780725489	0.3892785307	0.3968951309	0.4021116666	0.4057543049
	0.4083325611	0.4101555757	0.4114190121	0.4122532927	0.4127482643
	0.4129668186	0.4129532024	0.4127376779	0.4123391406	0.4117694477
	0.4110438989	0.4101991459	0.4093146201	0.4085301337	0.4080517435
	0.4081397481	0.4090756923	0.4111074741	0.4143741161	0.4188218636
	0.4241431868	0.4297814473	0.4350236844	0.4391560255	0.4416461832
	0.4423418259	0.4416105956	0.4404231163	0.4406175215	0.4456806091
	0.4623463611	0.5018309762	0.5728066622	0.6474027016	0.5612502888
	0.1599091974	0.08880408754	0.23656733	0.3476599633	0.2858778479
	0.2383282986	0.2330615175	0.2543532264	0.2889925241	0.3239619765
	0.3513922964	0.3703916888	0.3829121813	0.3911692134	0.3968003657
	0.4007975091	0.4037115209	0.4058515237	0.4074038882	0.4084902202
	0.4091937902	0.4095720996	0.4096633586	0.4094899313	0.4090609831
	0.4083774064	0.4074421208	0.4062767509	0.404942482	0.403560542
	0.4023269194	0.4015160441	0.4014675414	0.4025468445	0.4050676379
	0.4091748529	0.4147215096	0.4212142245	0.4278940683	0.4339188878
	0.4386042093	0.441770425	0.4440027547	0.4466948519	0.4522198323
	0.4645789687	0.4903586814	0.5369046618	0.5988163984	0.6271279507
	0.5001373677	0.1403022151	0.07071422155	0.1878234238	0.3239654146
	0.2479170862	0.1953530752	0.1947014496	0.2263978375	0.2733788597
	0.3169713724	0.3480517269	0.3679112955	0.3803758354	0.3884876967
	0.3941040028	0.3982131007	0.401315896	0.4036788226	0.4054601915
	0.4067646174	0.4076652542	0.408213071	0.4084408813	0.4083652034
	0.4079880174	0.4073007367	0.4062925559	0.4049640827	0.4033453602
	0.4015160431	0.3996250076	0.3979066949	0.3966903468	0.3963927555
	0.3974746304	0.4003374479	0.4051661998	0.4117941585	0.4196908346
	0.4280192427	0.4358016005	0.4425288051	0.4487320549	0.4559812767
	0.4669074439	0.4856076682	0.5174378857	0.5641208254	0.6076583386
	0.5908874301	0.4336929934	0.1198377116	0.04876816999	0.1185201541
	0.2986493599	0.2083334767	0.1567152525	0.1653267711	0.210765667
	0.2706095416	0.3200265331	0.3513845528	0.3697563549	0.380889815
	0.3882346993	0.3935308732	0.397586239	0.4007756019	0.4032927996
	0.4052567557	0.4067510775	0.4078379254	0.4085626538	0.4089550956
	0.4090296886	0.4087858645	0.4082102061	0.4072817511	0.4059811442
	0.4043034221	0.4022735312	0.3999634954	0.3975107939	0.3951390786
	0.3931830941	0.3921137589	0.3925417519	0.395156723	0.4005857974
	0.409174222	0.4205003977	0.4330197225	0.4451942335	0.4569726653
	0.4698336202	0.486511024	0.5108251865	0.5457585773	0.5857667194
	0.5991997993	0.5228723268	0.325387707	0.09024630837	0.0337214392
	0.07195462138	0.2699350896	0.1703759059	0.1249838161	0.1469737815
	0.2094622044	0.2806908719	0.3312216406	0.3592308425	0.374319478
	0.3834054846	0.3897107902	0.3945636729	0.3984890215	0.4017064212
	0.4043301504	0.4064386615	0.4080951533	0.4093522061	0.4102517986
	0.4108240879	0.4110859723	0.4110400614	0.4106747525	0.4099660403
	0.4088813317	0.4073850571	0.4054453576	0.4030406682	0.4001654868
	0.3968392045	0.39313677	0.3892879329	0.385904787	0.3842874591
	0.3865418603	0.3950728628	0.410758719	0.4309879649	0.4517295327
	0.4713429668	0.4908806815	0.5131313511	0.5411968949	0.5738494141
	0.5944327421	0.5514070914	0.4035596323	0.1677554526	0.04583483865
	0.02863372012	0.06213631183	0.2271847363	0.135300726	0.1016605501
	0.1414803374	0.2232027247	0.3009807815	0.3469008206	0.3688580028
	0.379990763	0.3870056957	0.3923336836	0.3967665246	0.400548086
	0.4037613993	0.4064537522	0.4086697956	0.4104559672	0.4118578089
	0.4129164414	0.4136654963	0.4141285348	0.4143168528	0.4142276199
	0.4138422001	0.4131242182	0.4120164978	0.4104352674	0.4082587871
	0.4053068269	0.4013135589	0.3959290463	0.3888756222	0.3805016844
	0.3727902535	0.3701435081	0.378547162	0.4013500262	0.4339262651
	0.4671367094	0.4962066854	0.521499927	0.5460915667	0.5716090122
	0.5891638485	0.5634959072	0.446022061	0.2183154915	0.07414962661
	0.02265764105	0.04582501726	0.09561688798	0.159743709	0.101386937
	0.08776176546	0.1507283762	0.2508681857	0.3266331519	0.3630893694
	0.3781252581	0.3857338728	0.3911210987	0.3957064413	0.3998048685
	0.4034519312	0.4066367259	0.4093603526	0.4116432723	0.413519692
	0.4150305728	0.4162180519	0.4171213408	0.4177735231	0.4181986
	0.4184080641	0.4183960213	0.4181314118	0.4175451858	0.4165091649
	0.4148016617	0.4120545219	0.407687511	0.4008922476	0.3908843565
	0.3778401997	0.3646232353	0.3584052524	0.3695382663	0.4040410859
	0.4534222765	0.4999960187	0.5349901624	0.5591819309	0.5768637191
	0.5862197054	0.5640085361	0.4713539274	0.2799079524	0.1055271336
	0.03167788107	0.03170308993	0.09403481277	0.191112827	0.09518295853
	0.07422516868	0.08652021835	0.1762720132	0.2876537814	0.3522382242
	0.3770290104	0.3860755614	0.3911784404	0.3954927245	0.3995733498
	0.4034151559	0.4069321086	0.4100607434	0.4127750893	0.4150801342
	0.4170016969	0.4185777629	0.419852185	0.4208702882	0.4216755363
	0.4223062625	0.4227911986	0.4231420158	0.4233403073	0.4233154364
	0.4229086797	0.4218193131	0.4195348626	0.4152777345	0.4080910673
	0.3973566662	0.3841062191	0.3728444352	0.372862323	0.3956474715
	0.4448691289	0.5062390021	0.5545963123	0.5803244259	0.5885340334
	0.5843810368	0.5541681879	0.4697435428	0.3095668449	0.1329302528
	0.04537430411	0.02859167729	0.07055575352	0.1824449736	0.2934744517
	0.05695497217	0.06008324286	0.1015416509	0.2185759252	0.3258673138
	0.3736791754	0.3878096059	0.3927303813	0.396340202	0.4000091077
	0.4037426403	0.4073689852	0.4107456886	0.4137851488	0.4164475231
	0.4187284743	0.4206479431	0.422241475	0.4235541025	0.4246361875
	0.4255403557	0.4263183917	0.4270165323	0.427666919	0.4282721391
	0.4287792628	0.4290410142	0.4287688644	0.4275066905	0.4247162079
	0.4201830752	0.4150190786	0.4130913882	0.4212286728	0.447065268
	0.4932974771	0.5486981236	0.5919905025	0.6077648048	0.5980698407
	0.5739982342	0.5310213947	0.4457902607	0.295418339	0.1395159281
	0.05445134166	0.0299648096	0.05994482871	0.1475802929	0.3015113187
	0.3813681939	0.03824432423	0.05728764112	0.1346760924	0.2726211045
	0.3597564682	0.3893527806	0.3958693176	0.3984917251	0.4013094031
	0.4045759527	0.4080359905	0.4114539676	0.4146685178	0.4175834878
	0.4201525621	0.4223656132	0.4242379406	0.4258023397	0.4271036133
	0.4281949649	0.4291355424	0.4299881456	0.4308157475	0.4316750934
	0.4326056864	0.4336142096	0.4346609986	0.435673424	0.4366532792
	0.4380211102	0.4413966748	0.4507549343	0.4727080642	0.5126991347
	0.5649594505	0.6001988561	0.6009660754	0.5836235648	0.5444693237
	0.4938389629	0.443585198	0.3817196401	0.2578119039	0.1289304915
	0.05614635276	0.03440879071	0.06233889753	0.1417115625	0.282733014
	0.3846793107	0.4342470438	0.03139047821	0.06739882579	0.1905922034
	0.3253164644	0.3855236055	0.3998041921	0.4020886983	0.4036932354
	0.4060986346	0.409068335	0.4122740749	0.4154711609	0.4184972566
	0.421254758	0.423694289	0.4258016025	0.4275877743	0.4290821712
	0.4303277054	0.4313779406	0.4322955903	0.4331519044	0.4340264839
	0.4350075634	0.436194625	0.4377101903	0.4397391837	0.442637154
	0.4471842142	0.4550815867	0.4696449035	0.4959440215	0.5380834604
	0.5904141594	0.6227954396	0.5703579648	0.3965684506	0.2792548694
	0.2220365041	0.1838931666	0.1514908518	0.12394984	0.08847326763
	0.05427245624	0.04607161872	0.07927291687	0.1622052834	0.2983519619
	0.3982359268	0.4433035037	0.4613645528	0.03100538745	0.08355683574
	0.2603668032	0.3677296432	0.4018732759	0.4066387683	0.4072084263
	0.4084700391	0.4106268635	0.413334484	0.4162825815	0.4192414884
	0.4220555846	0.424628781	0.4269101269	0.4288820652	0.4305516298
	0.4319442182	0.4330995542	0.4340695927	0.4349182956	0.4357235089
	0.4365818539	0.4376191448	0.4390123023	0.4410353917	0.4441531637
	0.4491973339	0.4576561077	0.4720238079	0.4958382083	0.5323146968
	0.5799389915	0.6250746121	0.6349703704	0.5556569675	0.3574954008
	0.2017722045	0.1323822505	0.1029870071	0.08834186147	0.08511060014
	0.0992921213	0.124197384	0.1532276754	0.2213132794	0.363771008
	0.4500655323	0.4863436599	0.4944745739	0.4924929514	0.03148087226
	0.09309297453	0.3037356539	0.392812939	0.4101937334	0.4113549053
	0.4116205569	0.4128010914	0.4147650412	0.4172217616	0.4199073354
	0.4226155222	0.4252009471	0.427570803	0.4296736629	0.4314894061
	0.4330214025	0.4342910035	0.4353341746	0.4362002567	0.4369531996
	0.4376762637	0.4384824226	0.4395349871	0.4410868049	0.4435515449
	0.4476239128	0.4544559602	0.4658452295	0.4842417293	0.5120859341
	0.5497378845	0.5919248075	0.6249658566	0.6277467419	0.5760204582
	0.4607617668	0.340954733	0.2700214053	0.2361961702	0.2294704652
	0.2535065787	0.3191949121	0.4134615008	0.4675977051	0.4976416435
	0.5342430742	0.5501805751	0.5479048098	0.5428010089	0.5299380777
	0.03124561138	0.09646645016	0.3212286641	0.4037255062	0.4143326941
	0.4149832251	0.4154330231	0.4165945168	0.4183873102	0.4206040458
	0.4230288893	0.4254813769	0.4278288536	0.4299837085	0.4318954307
	0.4335423464	0.4349248671	0.43606073	0.43698233	0.4377363639
	0.4383864727	0.4390204162	0.4397647614	0.4408122807	0.4424699868
	0.4452370594	0.4499157323	0.4577302707	0.4703553931	0.4896186871
	0.5165109116	0.5493426261	0.5819568212	0.6043165961	0.6067150307
	0.5862476825	0.556795425	0.5496446848	0.5626436059	0.563456511
	0.5608022326	0.5695217019	0.5887880236	0.609560588	0.6121616102
	0.602180966	0.592958429	0.58179832	0.5744842501	0.5698490559
	0.5544863349	0.03060083639	0.09742355278	0.328173789	0.4089221387
	0.4173918707	0.4180731073	0.4186608883	0.4197841522	0.4214152151
	0.4234030611	0.425572488	0.4277688718	0.4298741863	0.4318079372
	0.4335220241	0.4349943282	0.436223163	0.4372233884	0.4380245164
	0.4386712186	0.4392271066	0.439783498	0.4404761255	0.4415142426
	0.4432273954	0.4461324202	0.4510103453	0.4589483121	0.4712347387
	0.4889156953	0.5118442456	0.5374428953	0.5602562636	0.5737994167
	0.5746671021	0.5667597326	0.5634759313	0.5802489318	0.6078070752
	0.6189643717	0.617790629	0.6175959023	0.6168674918	0.6107626995
	0.5974465226	0.5830382571	0.5734303371	0.5683222955	0.5674377061
	0.5660892168	0.5541877551	0.0298622728	0.09767215946	0.331986255
	0.4125295833	0.4202237063	0.4208056448	0.4213628696	0.4223872629
	0.4238411198	0.425597716	0.4275111331	0.4294496797	0.4313100664
	0.4330198201	0.4345341612	0.4358312835	0.4369080816	0.4377772444
	0.4384661888	0.4390183403	0.4394976516	0.4399978962	0.4406590656
	0.4416936974	0.4434249414	0.4463327928	0.4510900116	0.4585385959
	0.4695129452	0.4843918961	0.5023619332	0.5207319862	0.5351406485
	0.5414261668	0.538636289	0.5310977732	0.5271650133	0.5326798627
	0.5420244379	0.5442712409	0.5408938327	0.5391105352	0.5386735296
	0.537318402	0.5352254605	0.5341159886	0.5348970236	0.5373020774
	0.5406282939	0.54210431	0.5360675809	0.02915038123	0.09771518113
	0.3347398632	0.4155113721	0.4228213272	0.4232161809	0.4236215075
	0.4244715525	0.4257077297	0.4272121727	0.428858277	0.430532422
	0.4321441638	0.4336284858	0.4349438473	0.4360688537	0.4369992094
	0.4377458135	0.4383345001	0.4388079345	0.4392304326	0.4396968489
	0.4403469469	0.4413862799	0.4431123761	0.4459387757	0.4503961879
	0.4570683317	0.4663980729	0.4783106877	0.4917118249	0.5041689747
	0.5123196918	0.5133410027	0.5069485882	0.4964397641	0.4871952901
	0.482605014	0.481003955	0.4790040073	0.4768930326	0.4770681007
	0.4798477387	0.4841553856	0.4893456197	0.4950903799	0.5009259432
	0.5064718737	0.5112544173	0.5146285094	0.5140874429	0.02849642735
	0.09768950426	0.3369694895	0.4180702115	0.4251336182	0.4253149704
	0.4254973671	0.4261053505	0.4270747445	0.42829552	0.4296554025
	0.4310546553	0.4324130236	0.4336713876	0.4347905199	0.4357488859
	0.4365407139	0.4371750299	0.437676107	0.4380857668	0.438468101
	0.4389172934	0.4395690637	0.4406152852	0.4423186394	0.4450184185
	0.4491086801	0.4549574144	0.4627297646	0.4721040376	0.4819599017
	0.4902695429	0.4945099364	0.4927184929	0.4847930944	0.47311506
	0.4615746529	0.4531880563	0.4484385059	0.4463430417	0.4463134102
	0.4484345858	0.4526737498	0.458541584	0.46530314	0.4721950634
	0.4786368194	0.4843209112	0.4889611597	0.4933756165	0.4967955241
	0.02790222583	0.09763604314	0.338854852	0.4202897276	0.427160728
	0.4271154315	0.4270292426	0.4273424299	0.4280007728	0.4289063686
	0.4299601979	0.4310738971	0.43217502	0.4332084869	0.4341360286
	0.4349350082	0.4355975016	0.4361301616	0.4365552239	0.4369129861
	0.4372661093	0.4377060021	0.4383611071	0.4394057034	0.4410652568
	0.4436098064	0.4473205066	0.4524089166	0.4588720647	0.4662936703
	0.4736661319	0.4793904912	0.4816310089	0.4790531545	0.4716678403
	0.4612237963	0.4506180401	0.4424373455	0.4377611336	0.4362745206
	0.4371227248	0.4396470053	0.4435578322	0.4486167465	0.454371193
	0.4602329012	0.4657238792	0.4705372112	0.4744851162	0.479406426
	0.4854393236	0.02736186326	0.09756823122	0.3404786878	0.4222229477
	0.4289195753	0.428632711	0.4282443906	0.4282240011	0.4285377294
	0.4291040392	0.4298373588	0.4306591544	0.4315028381	0.4323156021
	0.4330587215	0.4337073811	0.4342506691	0.434692132	0.4350511607
	0.4353654344	0.4356945784	0.4361249759	0.4367751068	0.4377995875
	0.4393879406	0.4417509364	0.4450838599	0.449494962	0.4548944485
	0.4608625657	0.4665570683	0.4707617944	0.4721706343	0.4698976343
	0.4640227535	0.4558290175	0.4474204328	0.4407850304	0.4369286556
	0.435732716	0.4364553987	0.4384133071	0.4413125948	0.4450463378
	0.4493780677	0.4539098205	0.4582450364	0.4620646548	0.4652728593
	0.4704510922	0.4782168735	0.02686904183	0.09749180615	0.3418897738
	0.4239069988	0.430427289	0.429879326	0.4291619369	0.4287811998
	0.4287296083	0.4289442236	0.4293525222	0.4298842087	0.4304767229
	0.4310779155	0.4316473494	0.4321570873	0.4325924734	0.4329532144
	0.4332549661	0.4335315678	0.4338379359	0.4342533529	0.4348843034
	0.4358649715	0.4373518998	0.4395073203	0.4424641715	0.4462670433
	0.4507908822	0.4556567733	0.4601895938	0.4634811149	0.4646067597
	0.4629742981	0.4586748316	0.4526221224	0.4462978762	0.4411456129
	0.4379761263	0.4367976037	0.4371170955	0.4384301262	0.4404972064
	0.4432408911	0.4465115043	0.4500194593	0.4534259493	0.4564283523
	0.4590312081	0.4643762906	0.4733600833	0.02641839333	0.09741046375
	0.3431227993	0.4253690006	0.4316961768	0.4308621053	0.4297929742
	0.4290361939	0.4286126125	0.428477365	0.4285690098	0.4288231859
	0.4291793531	0.4295845343	0.4299955863	0.4303808032	0.4307212943
	0.4310123978	0.4312652971	0.4315089194	0.4317920409	0.4321852279
	0.432781719	0.4336955308	0.4350539645	0.43698059	0.439564514
	0.4428138555	0.4465979647	0.4505951246	0.4542772482	0.4569702751
	0.4580136601	0.4569965241	0.4539841994	0.4496032803	0.4448782569
	0.4408469855	0.4381657342	0.436957336	0.4369674734	0.43786846
	0.4394561557	0.4416232773	0.4442298867	0.4470445043	0.4497831387
	0.4521837133	0.4543427866	0.4598378188	0.4697601186	0.026005068
	0.09732710769	0.3442055364	0.4266291171	0.4327318404	0.431580143
	0.4301401171	0.4290029788	0.4282160547	0.4277487597	0.4275467338
	0.4275482751	0.4276926024	0.427924582	0.4281977218	0.4284763057
	0.4287371036	0.4289709014	0.4291839898	0.429399654	0.4296595393
	0.4300244949	0.430574064	0.4314031812	0.4326139466	0.4342998504
	0.4365201739	0.4392645154	0.4424125342	0.4457020714	0.4487269791
	0.4509877614	0.4520057229	0.4514821404	0.4494466894	0.4463146913
	0.4427895218	0.4396240966	0.437360192	0.4361978261	0.4360535273
	0.4367294487	0.4380477434	0.4398701263	0.4420463576	0.4443780583
	0.4466304945	0.4485893745	0.4504259137	0.4560727971	0.4667887507
	0.02562590805	0.09724560899	0.3451639744	0.4277028705	0.4335319303
	0.4320229701	0.4301970567	0.4286884225	0.4275640304	0.426799942
	0.4263427209	0.4261291907	0.4260959953	0.4261848328	0.4263456861
	0.4265390725	0.4267377693	0.4269282361	0.4271118468	0.4273059408
	0.4275445506	0.4278784282	0.4283736575	0.4291077222	0.4301615065
	0.4316055764	0.4334796854	0.4357663847	0.4383633416	0.4410640751
	0.4435611335	0.4454853352	0.4464856588	0.446336308	0.4450359223
	0.4428502465	0.4402591058	0.4378115782	0.4359533256	0.4349166679
	0.4347221252	0.4352623635	0.4363909239	0.4379605505	0.4398163301
	0.4417809559	0.4436581439	0.4452766586	0.4468650147	0.4526637713
	0.4641001456	0.0252821959	0.09717483815	0.3460289458	0.4286024218
	0.4340835903	0.4321682492	0.4299484835	0.4280941805	0.4266781842
	0.4256712536	0.425012861	0.4246338733	0.4244663852	0.4244485148
	0.4245271556	0.4246598461	0.4248161819	0.4249789319	0.4251449211
	0.4253256555	0.425547542	0.4258513709	0.4262904831	0.4269267813
	0.4278235466	0.4290340854	0.4305858554	0.4324612288	0.4345786117
	0.4367807403	0.4388391642	0.4404828928	0.4414530855	0.4415747864
	0.4408243572	0.4393633576	0.4375139875	0.4356738475	0.4342021136
	0.4333302875	0.4331358285	0.433575208	0.4345385258	0.4358888642
	0.4374764665	0.4391399928	0.4407115199	0.4420543366	0.4434395479
	0.4493878952	0.4615087323	0.02497159918	0.09712812855	0.3468427131
	0.4293361456	0.4343590174	0.4319794366	0.4293714299	0.4272204455
	0.4255820761	0.4244055989	0.4236145057	0.4231298396	0.4228781902
	0.4227946359	0.4228241685	0.4229226938	0.4230578565	0.4232097138
	0.4233712297	0.4235485229	0.4237607213	0.4240391404	0.4244253433
	0.4249674799	0.425714229	0.4267058084	0.4279620558	0.4294686813
	0.4311644589	0.432933957	0.434611462	0.4360007663	0.436911623
	0.4372073294	0.4368509037	0.435932542	0.4346622683	0.4333226151
	0.4321953307	0.4314920658	0.4313174014	0.431672321	0.4324831291
	0.4336333146	0.4349852481	0.436391977	0.4377072797	0.4388215165
	0.4400367089	0.4461342928	0.4589218711	0.0246616153	0.09710336064
	0.3476548868	0.4299041726	0.4343092086	0.4314047107	0.4284396371
	0.4260726616	0.424307563	0.4230532006	0.4222093364	0.421685399
	0.4214033356	0.4212970052	0.4213114937	0.4214029037	0.4215384561
	0.4216966838	0.4218675647	0.4220524757	0.4222638186	0.4225240929
	0.4228640855	0.4233197662	0.4239274664	0.4247170739	0.4257033892
	0.4268765366	0.4281933574	0.4295727566	0.4308984605	0.4320319183
	0.4328357835	0.4332048555	0.4330974858	0.4325574932	0.4317162621
	0.4307691617	0.4299304529	0.4293821232	0.4292361606	0.4295220616
	0.430197257	0.4311687783	0.4323150862	0.433503575	0.4346058755
	0.4355342182	0.4366124963	0.4428635952	0.45630613	0.02432515903
	0.09708703265	0.348505746	0.43027938	0.4338522274	0.4303777763
	0.4271326809	0.4246722473	0.4229032236	0.4216766788	0.4208655006
	0.4203696668	0.4201098988	0.4200220608	0.4200539935	0.4201640802
	0.4203207059	0.4205020635	0.4206960209	0.4208998834	0.4211199175
	0.4213704603	0.4216723878	0.4220506709	0.4225307722	0.4231337655
	0.4238703566	0.4247344568	0.4256975702	0.4267058206	0.4276816541
	0.4285317923	0.4291617293	0.4294951725	0.4294947568	0.4291785718
	0.4286261281	0.4279685974	0.4273627998	0.42695565	0.4268513071
	0.4270923233	0.4276586344	0.4284799717	0.4294539418	0.4304643736
	0.4313994735	0.4321897643	0.4331730881	0.4395886105	0.4536715248
	0.02406849517	0.09717513617	0.3494879248	0.4303741785	0.4328521533
	0.4288248005	0.4254546025	0.4230734489	0.4214447174	0.4203552791
	0.4196576176	0.4192501503	0.4190585312	0.4190248655	0.4191025638
	0.4192541729	0.4194505263	0.4196703763	0.4199001303	0.4201335273
	0.4203711514	0.4206196682	0.4208906419	0.4211987707	0.4215594064
	0.4219853258	0.4224829129	0.423048197	0.4236635187	0.4242958799
	0.4248980966	0.4254135878	0.4257849409	0.4259654206	0.4259315564
	0.4256939892	0.4253030149	0.4248452277	0.424429377	0.424163524
	0.4241302537	0.4243686311	0.4248686338	0.4255777824	0.4264150216
	0.4272865688	0.4281022938	0.4288118647	0.4297595387	0.4363622408
	0.4510635615	0.02397923587	0.09755482287	0.350829732	0.4300235101
	0.4311266061	0.4267109585	0.4234806861	0.4213931475	0.4200481453
	0.4191876312	0.4186641792	0.4183881185	0.4182975271	0.4183446071
	0.418490265	0.4187021842	0.418954166	0.4192258231	0.4195023014
	0.4197739307	0.4200357713	0.420287011	0.4205301461	0.420769864
	0.4210115715	0.4212595807	0.4215150849	0.4217742114	0.4220266025
	0.4222550753	0.4224368855	0.4225468897	0.4225624733	0.422469577
	0.4222686967	0.4219794691	0.4216423601	0.4213160017	0.4210691666
	0.4209678144	0.4210601265	0.4213645292	0.4218653604	0.4225176603
	0.4232586823	0.4240219932	0.4247518558	0.4254336728	0.4264254461
	0.4332634026	0.448558643	0.02379349865	0.09814427067	0.3527083974
	0.4290761298	0.4286445736	0.4242268578	0.4214794344	0.4198762074
	0.4189027316	0.41831024	0.4179819756	0.4178533868	0.4178793902
	0.4180230405	0.4182522633	0.418539147	0.4188597999	0.4191941734
	0.4195257475	0.4198411231	0.4201295774	0.4203826093	0.4205934712
	0.4207566682	0.4208674198	0.4209211198	0.4209128995	0.42083747
	0.4206894777	0.420464595	0.4201614563	0.4197842902	0.4193457194
	0.4188688099	0.4183873082	0.4179433524	0.4175827918	0.4173491291
	0.4172773637	0.4173885718	0.4176856906	0.4181513104	0.4187488206
	0.4194278986	0.4201340763	0.4208215546	0.4214706111	0.4221276294
	0.4232313357	0.4303888869	0.4462777676	0.02326399665	0.09914016062
	0.3560548006	0.4283528418	0.4264283574	0.4224527799	0.4203853642
	0.4192729001	0.4186168818	0.4182408555	0.4180757059	0.4180809204
	0.4182227054	0.4184696775	0.4187928328	0.4191659596	0.4195656528
	0.4199709355	0.4203626728	0.4207229575	0.4210345955	0.4212807655
	0.421444899	0.4215108043	0.4214630669	0.4212877752	0.4209736481
	0.4205136487	0.4199071398	0.4191625366	0.4183001972	0.4173549696
	0.4163773945	0.4154322473	0.4145931903	0.4139332321	0.4135125028
	0.4133668099	0.4135010308	0.4138896256	0.4144833352	0.4152188158
	0.4160280378	0.4168459704	0.41761683	0.4183009605	0.4188900317
	0.419470519	0.4206633928	0.4281182858	0.4445823877	0.02603381288
	0.1049405697	0.3694873182	0.436006945	0.4320270639	0.428390309
	0.4267339615	0.4258317339	0.4252921474	0.425007964	0.4249309779
	0.4250222188	0.4252451084	0.4255661097	0.4259554705	0.4263870779
	0.4268376638	0.4272857233	0.4277104181	0.4280906497	0.4284044187
	0.4286285485	0.4287388268	0.4287106127	0.4285199628	0.4281453367
	0.4275699459	0.4267847815	0.4257922685	0.4246103106	0.4232761781
	0.4218492592	0.4204112266	0.4190619001	0.417909422	0.4170547669
	0.4165731519	0.4164976543	0.4168113078	0.4174514685	0.4183250212
	0.4193283385	0.4203648729	0.4213558895	0.4222436467	0.4229893374
	0.4235728657	0.424036195	0.4249096113	0.430655032	0.445655115
	0.04007048908	0.1056083328	0.3910357951	0.4594506359	0.4489645963
	0.4448240358	0.4432201534	0.4423506397	0.4418433327	0.4415959015
	0.4415500046	0.4416586422	0.4418821753	0.4421876049	0.4425476794
	0.44293961	0.4433436061	0.4437414372	0.4441151733	0.4444462005
	0.4447145764	0.4448987711	0.4449758293	0.4449219956	0.4447138513
	0.4443300234	0.4437535297	0.4429748035	0.4419953553	0.4408318577
	0.439520122	0.4381179946	0.4367057099	0.435381941	0.4342541021
	0.4334228299	0.4329630966	0.4329072237	0.4332362889	0.4338842492
	0.4347538784	0.4357383944	0.4367408825	0.4376859687	0.4385223474
	0.4392183537	0.4397574147	0.4401671512	0.4408034682	0.4441047112
	0.4550387354	