961	
	0.1462890797	0.1309408864	0.1667979103	0.1767834099	0.1685854544
	0.1521879756	0.1281317805	0.09332176889	0.05556626241	0.04134941242
	0.06154500483	0.14645124	0.2480725239	0.2930524257	0.3179551489
	0.3491381538	0.4150965827	0.5504241432	0.7044221816	0.7593629309
	0.721455763	0.6963001555	0.7573071854	0.763059311	0.7239080309
	0.7187386836	0.6985897371	0.6276849687	0.6257107852	0.6249659171
	0.5440775103	0.0008005576547	0.08615578119	0.1255151124	0.1321836869
	0.1235489757	0.1106401723	0.09394481238	0.07160047049	0.04575065912
	0.02956290694	0.03391337663	0.07251726162	0.1649137745	0.209579779
	0.2330800821	0.2591126839	0.3189961835	0.5121663179	0.8011405793
	0.8721841507	0.7957773016	0.6229765983	0.6051021363	0.6916346275
	0.6892118807	0.6863087859	0.6944609726	0.6667333625	0.6951609918
	0.6659762648	0.6095474163	0.0005565038647	0.0004681734916	0.0007305897216
	0.000720427826	0.0007332289273	0.0007404470822	0.0007456145511	0.0007484891676
	0.0007413154206	0.0007834629357	0.0007108509304	0.04984947482	0.2545316652
	0.281185761	0.291967649	0.3058524257	0.3191432974	0.4381905167
	0.7127670035	0.5335774811	0.09082339634	0.05247497427	0.03295237756
	0.02511709804	0.02287516133	0.03090562019	0.0643571682	0.2755436735
	0.4707350263	0.5126698707	0.529161271	0.4297674803	0.0007150740071
	0.0007692496502	0.000710380932	0.0007256353642	0.0007350668973	0.0007422321973
	0.0007471562302	0.0007489155299	0.0007620363558	0.0004864003372	0.000491614276
	0.0007906118081	0.0008797508697	0.001125971067	0.2800575859	0.3628133607
	0.3541839636	0.6137935036	0.01883040295	0.01539621647	0.01373037158
	0.008731480035	0.007267319332	0.005247042355	0.004669592618	0.005095892131
	0.01116208717	0.1716041709	0.3756809756	0.4550277114	0.4171673305
	0.3082133089	0.05407224943	0.0588397587	0.3003310943	0.3251095525
	0.3249832603	0.3289452331	0.3368737762	0.337380173	0.1932405402
	0.0007375644836	0.0008232427979	0.0007443305405	0.0006074297831	0.0006281161992
	0.0008676742008	0.008730762586	0.2863413775	0.6472497406	0.007322992171
	0.01359159769	0.009568433976	0.008362539534	0.006681704423	0.004942355205
	0.003262823396	0.002860380869	0.007237768626	0.2012696547	0.4146058822
	0.3768065953	0.26594054	0.05649455054	0.04219169959	0.2228354459
	0.3043050304	0.3164845741	0.320926755	0.3260412036	0.3273381896
	0.3141043132	0.310803505	0.3401198413	0.3451720264	0.005175200515
	0.0008673799132	0.0006142361804	0.0006492139362	0.000881345216	0.6347074448
	0.9482754452	0.05187003599	0.03348875545	0.02536188213	0.02174985945
	0.01921393459	0.01146163586	0.002756194789	0.001993526123	0.0115869628
	0.3824460831	0.3490655523	0.2174472023	0.09001154807	0.04913921086
	0.1375742984	0.2783078338	0.3211372238	0.3372992531	0.3467315341
	0.3528784424	0.3523417365	0.3462730677	0.3518153058	0.3597502044
	0.3583878829	0.3662331323	0.3212171613	0.001105845274	0.0006532552128
	0.0006311824887	0.0730116642	0.9754666384	0.2327027744	0.08989947114
	0.1082384784	0.09335783408	0.08997870389	0.02337038692	0.001724275205
	0.002554222604	0.3817952555	0.3836993467	0.2370875211	0.1701931062
	0.1001565118	0.1572255929	0.2908646568	0.3490557022	0.3751067802
	0.3895968073	0.3980892205	0.4009623046	0.3989382426	0.3967221379
	0.3959643606	0.3920304246	0.3885273451	0.3911164398	0.3910547872
	0.3152479162	0.000706935717	0.0007857379033	0.006643449783	0.9639082579
	0.6328223563	0.2280160617	0.1999317945	0.1478802599	0.06877147145
	0.001819738641	0.002135026889	0.4077494199	0.5162837774	0.4150499872
	0.3675200662	0.3275949365	0.341922041	0.4076222632	0.4407288443
	0.4559194004	0.4635385061	0.465964587	0.464025773	0.4587353356
	0.4522065977	0.4454841945	0.43786897	0.430218587	0.4238612476
	0.417383375	0.4105973377	0.3996765729	0.0009174860215	0.001057597356
	0.003207888575	0.9406901769	0.8202686749	0.5052767398	0.2657483964
	0.1184498016	0.001640462777	0.001782046664	0.4232580772	0.6679313313
	0.7092778194	0.674092545	0.6441141902	0.6184063148	0.5995063149
	0.5840931722	0.5712958408	0.5600433593	0.5489537687	0.5373968827
	0.5255256108	0.5138413404	0.5024081962	0.4910770036	0.4801659499
	0.4696918287	0.4593084424	0.449394638	0.4377909193	0.4246791429
	0.001504897544	0.00158946843	0.002585690187	0.8740705976	0.8355996626
	0.7124390878	0.2512187329	0.001800621687	0.001582656756	0.3647555251
	0.6916223562	0.8144975065	0.7870596176	0.772893202	0.7502508794
	0.7217060023	0.6915185326	0.6641642106	0.6404190474	0.6196326948
	0.6010732791	0.5843887241	0.5693240374	0.5554992543	0.5426496063
	0.5306428858	0.5191323766	0.5078000473	0.4969589172	0.4869509632
	0.4777090163	0.4575277024	0.003218598279	0.002104495285	0.002564865493
	0.5495337353	0.2800909198	0.9460255163	0.002323717606	0.001238845773
	0.008803406098	0.5461478001	0.6830776898	0.6835068869	0.712168472
	0.7271685322	0.7260686216	0.7121522324	0.6924004353	0.6715327071
	0.6516085393	0.6333380049	0.6169737105	0.6024818212	0.5896341722
	0.5781760563	0.5677627057	0.5579284936	0.5483659497	0.5391119198
	0.5311569852	0.5275847926	0.5320886257	0.5082988953	0.006800405528
	0.002448184895	0.002665587838	0.01418254044	0.02644500875	0.6659864768
	0.001267981673	0.001785658916	0.3387516718	0.2927297428	0.34532085
	0.4471489107	0.553139926	0.6215049795	0.6497134693	0.6550710079
	0.6495301154	0.6392844282	0.6274573923	0.6157255208	0.6049495703
	0.5954942016	0.5874119256	0.5804408925	0.5740940255	0.5679096704
	0.5616248243	0.5556577229	0.553367007	0.5631475075	0.5918088946
	0.5850001187	0.02187491768	0.003557333464	0.004843186016	0.01459692054
	0.9648156246	0.002038028624	0.001925888399	0.2113267374	0.1066616046
	0.1248914366	0.1903059679	0.3144359968	0.4482690785	0.5328935757
	0.574575934	0.5915934308	0.5956222787	0.5930446656	0.5874734568
	0.5810572168	0.5750801302	0.5702274834	0.5666481136	0.5640608013
	0.5619045443	0.5594124851	0.5557411082	0.5510760542	0.5508830229
	0.5635804082	0.6215724953	0.7162358132	0.1944559547	0.01417112454
	0.01739117838	0.97374458	0.002207894942	0.001989465328	0.1311806337
	0.0555664678	0.06050913327	0.09400779785	0.1794002071	0.3105071571
	0.4211630943	0.4897405962	0.5265591227	0.5438083955	0.5496492204
	0.5491097065	0.5454369467	0.5408629837	0.5369223556	0.5345237898
	0.5340081958	0.5351617434	0.5371691814	0.5383865362	0.5360020465
	0.5266293193	0.5045446495	0.4802537487	0.5025816024	0.7046954368
	0.05619305605	0.02915900198	0.9833773261	0.002622808354	0.002281792677
	0.06958257992	0.03247295923	0.03595253654	0.06245195575	0.1345173305
	0.2481334096	0.354807178	0.4304052859	0.4770806859	0.502866903
	0.5146653507	0.5174118327	0.5146675418	0.5092096109	0.5033344892
	0.498914132	0.4973112352	0.4992327829	0.5045437645	0.512016186
	0.5188588908	0.5200930353	0.5032403612	0.439398954	0.2759496835
	0.2480745067	0.1479459624	0.03703819315	0.9760236255	0.002370436717
	0.002411685917	0.0327757297	0.02059836628	0.02467189082	0.05436810079
	0.134052332	0.2406205016	0.3330779291	0.402345871	0.4497950396
	0.479295247	0.494903801	0.5001536134	0.4980060184	0.4910980589
	0.4820090767	0.4733513982	0.4676080947	0.4667127941	0.4715243356
	0.4814215404	0.4943774124	0.5080872444	0.5200650255	0.5230338953
	0.4104735086	0.2204818113	0.193598313	0.1897802422	0.9594436703
	0.002122296135	0.002056397537	0.01564359751	0.01434408923	0.02004664471
	0.06260068326	0.1667997443	0.2661370061	0.3399560559	0.3974703256
	0.4408592959	0.4708667914	0.4888394173	0.4965655655	0.4959100239
	0.4887738762	0.477323059	0.4642427252	0.4527165991	0.4459020928
	0.4458487259	0.4524775652	0.4636284227	0.4774152876	0.4956359217
	0.5278757398	0.5621258615	0.3966039312	0.330345946	0.7536391647
	0.9323361542	0.00246827895	0.002211700957	0.008384563234	0.01001476803
	0.02082891461	0.09463681394	0.2263942944	0.3044789035	0.3591935466
	0.405266967	0.4434704205	0.4724847374	0.4918919434	0.5021539783
	0.5041064176	0.4987114951	0.487192051	0.4714311258	0.4543258263
	0.4395856028	0.4305380897	0.4286189395	0.433041997	0.4433870218
	0.4605761422	0.4904136072	0.5509701397	0.6075884548	0.5999455699
	0.8990959694	0.8696019369	0.002932910794	0.002623031311	0.005444806115
	0.006758367875	0.02968789693	0.1688279467	0.2890234254	0.3405362245
	0.3804918076	0.4180339084	0.4516913638	0.4792022477	0.4993740583
	0.5119728776	0.5171936459	0.5152632503	0.5063712185	0.4909908885
	0.4704655029	0.4473402428	0.4249221216	0.4074359272	0.4005510456
	0.4124988933	0.4448764906	0.4928731674	0.5729695775	0.6895150846
	0.8142916388	0.8970534706	0.114973863	0.003408232479	0.003009905506
	0.004225779128	0.004925021467	0.06009768971	0.2671264665	0.3371078928
	0.3692240856	0.3997231773	0.4313714455	0.4613085287	0.4871036587
	0.5074331951	0.5218527326	0.5303272764	0.5327517334	0.5286007952
	0.5168816153	0.4964972251	0.4667394022	0.4282478461	0.3882822974
	0.3681162692	0.3922273753	0.4629472059	0.5590768418	0.6855738846
	0.7864054004	0.8472618102	0.7756691477	0.01569948113	0.004154691591
	0.003527313259	0.003661534772	0.004055724092	0.1548847843	0.3423810134
	0.3707685402	0.391019494	0.4156562902	0.4428690159	0.4694832567
	0.4933097235	0.5131809172	0.5286775528	0.5397892823	0.5464578116
	0.5479773646	0.5423925681	0.5261819798	0.4946033533	0.4453361428
	0.3924186592	0.3715531965	0.4255214579	0.5545945343	0.6827610052
	0.7868832966	0.8143108989	0.798895585	0.1117120588	0.006965249646
	0.005206296359	0.005109326025	0.003294297254	0.003564108058	0.2800074334
	0.3810939864	0.3937963811	0.4076597697	0.4279557466	0.4510864252
	0.4742727643	0.4957469224	0.5145208437	0.5301822727	0.5427419293
	0.5523327674	0.5585530181	0.5594401588	0.5505217051	0.5257501493
	0.4868042936	0.4601321922	0.4930342939	0.6264318652	0.7293107922
	0.8136905254	0.8403240109	0.7833759691	0.431065069	0.01252247863
	0.005029821929	0.005154601205	0.01079776555	0.003007201674	0.003218057996
	0.3499588287	0.3998456145	0.4089062708	0.419823538	0.4360105093
	0.454812225	0.4742573644	0.4929968606	0.51011508	0.5250738335
	0.537782959	0.5486594699	0.5584512413	0.5676688699	0.5760932297
	0.5851739821	0.6090333403	0.6783110284	0.7632389076	0.7887533344
	0.7809314661	0.8094282735	0.5927847654	0.009643619965	0.005669385786
	0.00521626568	0.006190769994	0.007338123885	0.06709829525	0.002773656964
	0.002946662899	0.3793948573	0.4128861463	0.4186974681	0.4266828604
	0.438505654	0.4528595148	0.4684932729	0.4843440197	0.4994944077
	0.5132359675	0.5253087012	0.5363973164	0.5488401641	0.5671783477
	0.5978990029	0.6482376863	0.7228471008	0.8076022561	0.8404664118
	0.2349486209	0.02493185803	0.01494959059	0.01057635509	0.007878658754
	0.006280542489	0.005374886331	0.007379038952	0.02634909156	0.4101218706
	0.002577780745	0.002725064189	0.398531177	0.4244079593	0.4242197394
	0.4274138033	0.4345980148	0.4447694044	0.4568706367	0.4699227747
	0.4830404713	0.495473202	0.5068143015	0.517651291	0.5308701329
	0.5531307431	0.5943325057	0.6613571779	0.7459162622	0.8210779506
	0.8562114349	0.7827308093	0.05281315279	0.02339917902	0.01393898668
	0.009659065779	0.01324801346	0.7413233214	0.8316209431	0.8724887383
	0.7091649924	0.002405696626	0.002538442916	0.4168474414	0.4328894287
	0.4243004267	0.4218352693	0.4247384049	0.4313697573	0.4403800345
	0.4507712373	0.4618387733	0.4730596295	0.4840555307	0.4949346202
	0.5074060897	0.526547771	0.5611824959	0.6185910352	0.6934359209
	0.7660940227	0.8197808295	0.8399630712	0.8279017924	0.8834755062
	0.932335099	0.9418481144	0.9487369234	0.9362460655	0.9077563269
	0.9036675609	0.8104569623	0.002233645261	0.002374652426	0.4370716892
	0.4350892292	0.4173426199	0.410515127	0.4106090047	0.4146825322
	0.4210215822	0.4287507845	0.4375798684	0.4475184878	0.4585559408
	0.4704750979	0.483172281	0.4978650091	0.5186074922	0.551319546
	0.5981828089	0.6538115177	0.7113187539	0.7629658326	0.8040618191
	0.8413136214	0.8608248017	0.8655913669	0.8632749187	0.8535744731
	0.8265130279	0.8224519083	0.7349938887	0.001982402216	0.002221630575
	0.4593536537	0.4269707869	0.4036887835	0.3959426816	0.3952348522
	0.3976146597	0.4014465433	0.4062798155	0.4124116226	0.4205406511
	0.4313418619	0.4449465387	0.4604890555	0.4761821841	0.490494569
	0.5040188145	0.519619063	0.53926339	0.560566702	0.5769612896
	0.5858788004	0.5900125956	0.5799551279	0.5720543015	0.570496193
	0.5762418939	0.5945464763	0.611532253	0.5916050319	0.001532204869
	0.001902577731	0.5000668664	0.4110938496	0.3886550711	0.3827151418
	0.3814432826	0.3815364371	0.3821510944	0.3835236148	0.3865702394
	0.3926372861	0.4031723397	0.4191815825	0.4404004889	0.4643277567
	0.4857089181	0.4972975055	0.4919132294	0.4646143082	0.4154908386
	0.360205265	0.3381750107	0.362920119	0.4039274609	0.4339962841
	0.4476678027	0.4543900393	0.4606751077	0.466387127	0.5003378816
	0.002245663908	0.001694970523	0.6319227956	0.4542180789	0.4410498652
	0.4370681675	0.4357330172	0.4349563622	0.4341779371	0.4336587946
	0.4341040668	0.4364737449	0.4418043376	0.4509067297	0.4638911954
	0.4795719568	0.4948894477	0.5045274809	0.5010037928	0.4760553475
	0.425862479	0.3641136906	0.3300203248	0.3485857323	0.3998719341
	0.4422075953	0.4637127165	0.4683644049	0.4650680143	0.4594741158
	0.4749930925	