961	
	0.01958123113	0.045543779	0.09346139958	0.340383103	0.5716809008
	0.5277518537	0.4896226705	0.4741596607	0.4107986846	0.3504163081
	0.3428090622	0.3426547771	0.3435096962	0.344389332	0.34510873
	0.3456406873	0.3456568758	0.3441392182	0.337397983	0.3094972471
	0.2355514835	0.2024126877	0.1965988508	0.1967509853	0.2062764476
	0.2549593393	0.3245326034	0.3362301556	0.3873281251	0.483824431
	0.4850249513	0.01860622843	0.02364166163	0.04430856805	0.1615737611
	0.5220552529	0.5003982876	0.4066913143	0.3792126955	0.2662429381
	0.1159951044	0.08298132862	0.07765468706	0.07750530867	0.07831479655
	0.07862440671	0.0788032851	0.07890280883	0.07875494642	0.07774514021
	0.07331493417	0.05791683572	0.04727434323	0.04507484004	0.04468066098
	0.04590902114	0.05499959711	0.07245779983	0.08279576114	0.1315158056
	0.3595317285	0.4164756129	0.01948696326	0.02261502391	0.06321522275
	0.1477247203	0.3750094656	0.3263731869	0.1304669724	0.07890466822
	0.0517860233	0.01367998238	0.001259494764	0.01390759711	0.04641220428
	0.06617646075	0.06964580689	0.06859241863	0.06555124534	0.06114109484
	0.0555572771	0.04875282898	0.03966561769	0.02842000134	0.0210194699
	0.0277664376	0.04117832788	0.05073907033	0.05748732016	0.05361421129
	0.03262311569	0.05424380278	0.08952809303	-0.004414547574	0.02662905745
	0.1693625519	0.3892683705	0.4904538971	0.1559262667	0.03179809692
	0.003189113238	0.006083964497	0.03298423495	0.07341093737	0.1115680961
	0.2480703851	0.3544173146	0.380703956	0.3779224394	0.3636269794
	0.3411538777	0.3114869898	0.2748276517	0.2292104176	0.1692166851
	0.1169534321	0.1369474915	0.2090493488	0.2607847316	0.2941594388
	0.2862688724	0.1977115737	0.07256843102	0.05013035866	-0.002064931669
	0.08636824188	0.43564622	0.6192400266	0.3590884764	0.08596571642
	0.002344246489	0.02157997117	0.07769404664	0.1809545186	0.3531209253
	0.3986968112	0.4229243912	0.4474952234	0.4548367566	0.4501564427
	0.4379041027	0.4166002613	0.3849913781	0.3424125184	0.2887026483
	0.22210834	0.1528569198	0.1462546932	0.221088547	0.2848310972
	0.3224402659	0.3259835612	0.2762120731	0.2358193641	0.2735570924
	0.003601629241	0.1149977644	0.5674007436	0.6199849327	0.181481665
	0.01995790424	0.01638790196	0.09710858422	0.2780103809	0.3985867822
	0.4577373429	0.477026853	0.4754593697	0.472759691	0.4695367612
	0.4654379681	0.4581460563	0.4444954759	0.4208822997	0.3839005758
	0.3319925541	0.2676401878	0.2032842137	0.1787176679	0.2302270538
	0.2946542995	0.3388854898	0.3593302649	0.3488589039	0.3269541953
	0.3603705646	-0.00128831339	0.09931396972	0.436519095	0.2140957891
	0.05602742661	0.004002973088	0.06819876832	0.2694658268	0.4217044023
	0.4761123828	0.4878279448	0.4877538457	0.4884790554	0.4917460933
	0.4946438288	0.49549649	0.4937532297	0.4880781922	0.4754498996
	0.451974708	0.4146086881	0.3646298657	0.3138782525	0.2895429074
	0.3190480821	0.3749033696	0.4229300691	0.454865752	0.4705063823
	0.4660491751	0.4559254059	-0.003426025611	0.1179080596	0.486487034
	0.1407080884	0.02152136103	0.05499806961	0.167356591	0.4053154596
	0.484373812	0.4978302168	0.4999988755	0.5043768369	0.5102933327
	0.5173150209	0.5244058691	0.5305453779	0.5353810733	0.5382672332
	0.537672633	0.5316255278	0.5185606912	0.4989171078	0.4784550401
	0.4702413726	0.4874354464	0.5221871239	0.5561604302	0.5808029443
	0.5968477966	0.5960697772	0.5592586845	-0.00208498149	0.1427281574
	0.6036737137	0.1709172915	0.07178151837	0.1808771089	0.3921059353
	0.4828521865	0.5086960384	0.5102843719	0.5163330042	0.5242767363
	0.5328730058	0.5422923505	0.5522515134	0.5622845649	0.5721099133
	0.5813517929	0.5895141039	0.5964879776	0.6029568368	0.6103115783
	0.6193995715	0.628983207	0.6399105898	0.6528288054	0.6643995671
	0.6720174263	0.6763761656	0.6693987389	0.6225952269	-0.001441047613
	0.1480391252	0.6459838179	0.1929628072	0.1021942677	0.3291859107
	0.4806678213	0.5137886499	0.5140575592	0.5201309723	0.5300637763
	0.5403219952	0.5507667398	0.5615194601	0.5724675812	0.5834376674
	0.5942551303	0.6046757196	0.6146064233	0.6247914379	0.6370416208
	0.6526137983	0.667852548	0.6748358657	0.67626382	0.6783683091
	0.6785469949	0.6761392988	0.671970904	0.6617039459	0.6240297995
	-0.001383690747	0.1449445973	0.639734856	0.2085999958	0.1131172809
	0.3286283056	0.476003508	0.5045237211	0.5128695743	0.5259662188
	0.5391898345	0.5513147348	0.5624268331	0.5725926702	0.5818770171
	0.5902804967	0.5976499653	0.6036735729	0.6080974462	0.6114110451
	0.615249758	0.6188650434	0.6095545834	0.5732551007	0.5486390235
	0.5622228848	0.580790178	0.589278577	0.5887599906	0.5842492284
	0.5706952555	0.007516174475	0.1466607392	0.6341936231	0.2314958511
	0.1497023501	0.3138695034	0.4248250638	0.479546513	0.5087102458
	0.5297773643	0.5460471076	0.5587952203	0.5685140432	0.5756246122
	0.5806038355	0.5837568843	0.5850550204	0.5841790495	0.5806176393
	0.5739264498	0.5640732929	0.5483921303	0.5090254764	0.4188815882
	0.3380166377	0.3577298622	0.4224065169	0.4687036296	0.4867886699
	0.4941613409	0.5034367084	0.05838071435	0.1052912338	0.6177097464
	0.4087578058	0.2033089008	0.2895928787	0.3763181406	0.4495632529
	0.501935689	0.5328521162	0.5515532259	0.5629750286	0.5690243867
	0.5710627087	0.5703669493	0.5678379916	0.5637748559	0.5580277912
	0.5501632607	0.5393565142	0.5241913926	0.5011211704	0.4547517227
	0.3542556334	0.2253979013	0.1989291819	0.2815009907	0.3749433176
	0.4220629325	0.4411803536	0.4612203359	0.2821116396	0.06320036453
	0.2366491713	0.6739002918	0.4108064175	0.3068916112	0.3515836164
	0.4300437052	0.4955197453	0.534060241	0.5537002735	0.5619172712
	0.5627580554	0.5591463602	0.5534984106	0.5474457363	0.5415558799
	0.5356003905	0.5290079807	0.5208605954	0.5096211103	0.4928259077
	0.4624233376	0.3846241354	0.2122056367	0.1104932286	0.1678947617
	0.3107434917	0.4003618299	0.4309265733	0.4516774949	0.3374963064
	0.0880079868	0.1527603353	0.7392918142	0.6835111746	0.4622569403
	0.4067435469	0.4450622846	0.498595635	0.5350483085	0.5518488713
	0.5547657779	0.5496817863	0.5414040837	0.5333644247	0.5275095784
	0.5242093883	0.5225678951	0.5211832623	0.5185477837	0.5130249194
	0.5031274778	0.4874980444	0.4567405805	0.359895917	0.1410793015
	0.08318767866	0.2315474935	0.3919992432	0.4447789086	0.4623337448
	0.3666763839	0.115846381	0.09693393225	0.6328876858	0.7861602321
	0.6366470751	0.5266926833	0.5025987771	0.5211959028	0.542179235
	0.5495939381	0.544113507	0.5326075496	0.5215371384	0.5145087081
	0.5126508645	0.5153178273	0.5204673672	0.5254434722	0.5278217886
	0.5257607606	0.5184137937	0.5066490473	0.4921610442	0.4674172234
	0.3683009872	0.1214545058	0.0949077713	0.3205041426	0.4519576519
	0.4761293622	0.4391187974	0.2554836432	0.04300290427	0.2213816744
	0.7204211614	0.7328887957	0.6417049273	0.581921821	0.5627858951
	0.5597090528	0.5513318716	0.5343359016	0.5162644915	0.5045230809
	0.5016756077	0.5066215017	0.5166971711	0.5284853643	0.538355428
	0.5433541271	0.5418271919	0.5337672672	0.5211845788	0.5076921943
	0.4955097622	0.4712431002	0.3257020951	0.07665304496	0.1165493781
	0.3828685905	0.4727105025	0.4852415799	0.3788877963	0.0755541387
	0.1108741691	0.5927611055	0.7546139837	0.7111478556	0.6528627273
	0.6109585564	0.583852016	0.5567781238	0.5276801739	0.5048585039
	0.4950189433	0.4986168896	0.5115679584	0.5285281601	0.5446899117
	0.5562498047	0.5607347221	0.5573309084	0.5470490272	0.5327041608
	0.5181956439	0.5064282729	0.4942304088	0.4244165016	0.138629595
	0.04078211202	0.1854676027	0.4041573143	0.497556173	0.4432127608
	0.1354247983	0.05584532794	0.3512887035	0.6777258989	0.7291469166
	0.7012441461	0.6567467425	0.6097385097	0.5616602723	0.5222540747
	0.500018456	0.496144211	0.5076418024	0.5278946955	0.5493084672
	0.566242148	0.5756829254	0.5766691559	0.5697678905	0.5569103472
	0.5412289271	0.5262967098	0.5145039636	0.5048525334	0.481482532
	0.3185624839	0.05934810228	0.1086778255	0.3505550167	0.52939409
	0.5241855957	0.4172494659	0.1250239813	0.1223809276	0.4944965655
	0.6906018099	0.7204811601	0.7054016541	0.6533941523	0.5753987621
	0.5207618726	0.5038507803	0.5102270425	0.5301068717	0.554889978
	0.5763347599	0.5895023765	0.5931940555	0.5884682786	0.5773366722
	0.5623050043	0.5462693035	0.532014088	0.521115491	0.5128942483
	0.5017866237	0.3973922931	0.08740335483	0.09214502808	0.328080148
	0.5927626447	0.6065769019	0.5895768043	0.4734202355	0.1518825179
	0.1538023658	0.4788686705	0.6401953665	0.7395936828	0.7323850737
	0.6296072019	0.5493634921	0.5337635417	0.5453679229	0.5685349695
	0.5914120225	0.6061731104	0.6103122835	0.6051741633	0.5936080893
	0.5784769127	0.5622477705	0.5470807779	0.5346822032	0.5257097495
	0.5192422988	0.5107091777	0.4283690835	0.1086761747	0.05867482343
	0.2449366829	0.6684360489	0.7024289194	0.7043070752	0.6889906949
	0.5655088747	0.1761914366	0.09553476958	0.2039812067	0.5485414452
	0.6477285387	0.5841009619	0.560686178	0.6065837398	0.6174812744
	0.6274411126	0.6351322431	0.633877995	0.6236680771	0.6077859196
	0.5896762778	0.5718453887	0.555900319	0.5428937191	0.5334048889
	0.5272180135	0.5229504622	0.5164900791	0.4699784607	0.2101870492
	0.0355544127	0.05400667233	0.7091849018	0.7551073215	0.7673077817
	0.7752075828	0.7801114989	0.6577945543	0.2412534407	0.1247657317
	0.1036264643	0.1539217166	0.1726520112	0.2895581029	0.614659723
	0.7090540221	0.6986646536	0.6762265359	0.650161135	0.6227838091
	0.597050831	0.5748432952	0.5568483133	0.5431373589	0.5335960481
	0.5279557346	0.5254546484	0.5244189825	0.5217672229	0.5090304919
	0.3747901554	0.07055800729	0.02009420426	0.6992155883	0.7534135331
	0.7688070764	0.7826672263	0.8075999397	0.8356747393	0.7807740662
	0.676309117	0.2618943753	0.179060937	0.1648206837	0.2164214005
	0.5356374743	0.7529674316	0.7433559449	0.6890802803	0.6393979261
	0.5998442361	0.5702672054	0.5490793156	0.5344891352	0.525123677
	0.5201326252	0.5189424377	0.5207598679	0.5239109346	0.525152022
	0.520174932	0.4219980256	0.08719005754	0.01308180517	0.6453586855
	0.7022687121	0.7152605944	0.7210956025	0.731327296	0.7487057486
	0.7823353228	0.8283206988	0.7924102087	0.7721916141	0.7491354751
	0.6571536313	0.7423195587	0.7750794058	0.7188489233	0.6441425764
	0.5891700091	0.5527758224	0.5298000488	0.5158784914	0.5080039422
	0.5044412961	0.5043739538	0.507462437	0.5133401919	0.5208382179
	0.5267667181	0.5265363626	0.4334196046	0.08744036067	0.009071935837
	0.5773835761	0.6211000387	0.6275349101	0.6145938558	0.587244218
	0.5407625738	0.5137588497	0.5585112784	0.6477599726	0.7207444699
	0.7482942242	0.7367208346	0.7260543535	0.665994202	0.59393152
	0.5423428032	0.5114302471	0.4943274206	0.4858709895	0.4826386485
	0.4825736814	0.484719872	0.48885736	0.4951340428	0.5037735502
	0.514595123	0.5254381887	0.5313241661	0.4411372861	0.08814108237
	0.008185320233	0.528614568	0.5507858394	0.5546473841	0.5349633498
	0.4912318881	0.4063546261	0.3050635709	0.2548599214	0.2671192759
	0.3085193688	0.3661050527	0.435079496	0.4773192449	0.4723700121
	0.4545628953	0.4453490456	0.4438748271	0.4468619978	0.4520050161
	0.4578880744	0.4638614227	0.4699244864	0.4764894482	0.4841376415
	0.493530875	0.5055022323	0.5201687541	0.5341568743	0.4494123716
	0.08947472482	0.007736008906	0.5046136131	0.5117313109	0.5163981246
	0.5068144979	0.4816322697	0.4259858606	0.3337925544	0.2398796983
	0.1862332276	0.1743384227	0.2063929544	0.2805453359	0.3383259539
	0.3596475696	0.3727443997	0.3894697104	0.4070888972	0.4231461983
	0.4366862454	0.4476267323	0.4563641892	0.4636016729	0.4701898338
	0.47698378	0.4848395359	0.4950246312	0.5102610762	0.5336440028
	0.4598997259	0.09208176401	0.007965391702	0.4956015568	0.4960160216
	0.5015116473	0.5029468775	0.4981584035	0.4807924031	0.4392892724
	0.3712485793	0.2961863507	0.2438886675	0.2386979907	0.2747876352
	0.2866525276	0.3044469656	0.3337451949	0.3672418968	0.3983600343
	0.4229372781	0.4408852596	0.4534263685	0.4619472049	0.4677602873
	0.4720668579	0.4759351142	0.4803386343	0.4865163484	0.4981419051
	0.5279741703	0.473009811	0.09631729215	0.008949586382	0.4951182809
	0.4940466519	0.5002544274	0.5079471294	0.5143394737	0.5174735962
	0.5120880018	0.4897949366	0.4432712713	0.3817854123	0.350908639
	0.3477382973	0.2567457984	0.2263723667	0.2936087129	0.3566270513
	0.4033773759	0.436037673	0.4572539987	0.4701548298	0.4773015838
	0.4806662974	0.4818209389	0.4820878359	0.4826687153	0.4849066096
	0.4916802518	0.5142283882	0.4776765565	0.09961036976	0.007583716856
	0.497586963	0.4970081663	0.5021163934	0.5098611305	0.5174872401
	0.5242855223	0.5285812992	0.5265761031	0.509958124	0.4679508993
	0.4223879499	0.4065459263	0.3067008158	0.2171564826	0.2802124248
	0.366988776	0.4198145227	0.4522974115	0.4719237942	0.4831274001
	0.4887848037	0.4908606835	0.4908089968	0.4898172399	0.4889794038
	0.4894654513	0.4927122299	0.499661046	0.4582598473	0.100805972
	-0.005391309819	