2489	
	0.9339465054	0.9338449964	0.9340253322	0.9340712424	0.9339365914
	0.9337833162	0.9370732642	0.9339216561	0.9342008558	0.9330452652
	0.9345506972	0.8532050638	0.917942679	0.934042287	0.9348231954
	0.9234923932	0.9368673577	0.9364152074	0.9341971508	0.933949879
	0.9298517185	0.9342218943	0.8790920208	0.9188221739	0.7446888317
	0.6942768762	0.9340519387	0.9341055714	0.933944053	0.9341994185
	0.8955056427	0.9230296777	0.7671162261	0.8036448717	0.9343926183
	0.9340001801	0.565606474	0.5237408784	0.9240938815	0.4927418915
	0.9061575222	0.9296231325	0.8112970464	0.9321222309	0.8928165852
	0.7100111429	0.5460897524	0.4951335185	0.2917812621	0.9338589291
	0.9339974761	0.7425494403	0.695990826	0.5025970004	0.9296461242
	0.9240872399	0.529302245	0.2788508998	0.2782796138	0.3541474832
	0.825259205	0.2928514292	0.8988515839	0.8580847781	0.8363859966
	0.7286480708	0.8159702437	0.9297621633	0.9268168786	0.6237013451
	0.4534164142	0.4493056176	0.3965485185	0.9292681607	0.2041403111
	0.883441184	0.6921623388	0.5750818145	0.08972085461	0.06455225905
	0.06166283152	0.06108439779	0.2938572015	0.5357931071	0.6094739157
	0.9148560434	0.4613281373	0.1410004748	0.9311525615	0.3519089318
	0.07289657013	0.936305825	0.2892690723	0.6191315729	0.6681196716
	0.9212697694	0.9287465681	0.3158383461	0.3469168777	0.4455909805
	0.9207905607	0.1628866398	0.06778888462	0.909724278	0.7684104776
	0.7139930938	0.06423758354	0.05800785057	0.05805156684	0.09938628479
	0.05942835946	0.3718102302	0.5532425652	0.06661528122	0.08027858314
	0.06331477842	0.1587743158	0.05924166111	0.5689085524	0.7532222759
	0.9367385465	0.5948039777	0.9129930126	0.05947856223	0.3683629771
	0.9290107193	0.936194479	0.3246109067	0.2245434146	0.9035116394
	0.1093689359	0.06112690467	0.8645074016	0.462853089	0.3268956494
	0.05475082378	0.05926226625	0.05672978935	0.05620378709	0.4924535042
	0.06397925728	0.06309911714	0.06338273937	0.7619066225	0.2331815222
	0.06776693033	0.1614216085	0.06326208082	0.8342529141	0.9127915025
	0.9336019803	0.05581138989	0.9293202347	0.06352695742	0.1966844568
	0.06147035127	0.9067190943	0.9372445936	0.9397444579	0.9368440596
	0.09945646266	0.5322493218	0.05904047207	0.05609770293	0.2278997058
	0.07281428592	0.1299207949	0.04972597343	0.0523609806	0.05473894304
	0.05326519415	0.05674901842	0.05976177496	0.05994027437	0.8347998752
	0.7007874441	0.0624218847	0.7946481156	0.0605665083	0.9240386518
	0.8831581796	0.9192856692	0.9050874555	0.04911015009	0.9245278998
	0.2072576645	0.06269407592	0.8213905177	0.7686325606	0.1219416914
	0.05349506357	0.8981036095	0.9283592428	0.9441462785	0.9399658861
	0.9420262182	0.9355452897	0.2860092745	0.05458771354	0.06154794779
	0.07298252646	0.04371407801	0.04165021878	0.04577098849	0.04968750188
	0.05203587096	0.05042984265	0.9069427021	0.06350065827	0.05941868175
	0.9195547592	0.9227514408	0.9127901894	0.5117744698	0.8637853006
	0.8684317058	0.0398294458	0.7489342923	0.2264066552	0.364140917
	0.2686362927	0.9382155296	0.03651603317	0.9330880044	0.9466981582
	0.9287157442	0.9322421503	0.9402515055	0.8917657067	0.9172190691
	0.07881234198	0.04119487945	0.05039679511	0.03862245999	0.03194161568
	0.03125556927	0.0433589444	0.05519316935	0.04659309829	0.9436985677
	0.06297911778	0.1530957916	0.9313672437	0.9341859034	0.6955541067
	0.3981245336	0.1962329484	0.03400327025	0.903793639	0.6197581849
	0.05942267372	0.5775701444	0.9397676418	0.3144261658	0.8616144138
	0.9397156472	0.9559776445	0.7125481793	0.01708105481	0.02097659495
	0.9534172871	0.8111390812	0.9254821651	0.781948812	0.9395450799
	0.6544078985	0.8488012974	0.07638809083	0.04381616026	0.03848381339
	0.03924162673	0.02078890802	0.02538226918	0.0687391207	0.05439456841
	0.04993317473	0.9479355744	0.5620682109	0.2162818181	0.9330994457
	0.9344103459	0.04969153492	0.03721519163	0.03177635032	0.9128311289
	0.9359537377	0.03603356946	0.7578969756	0.9588644278	0.4490212887
	0.1795257875	0.802730013	0.9548157736	0.02725134828	0.4801323984
	0.9344194436	0.9475243117	0.9371603496	0.006627556687	0.009122475411
	0.008592392604	0.954457681	0.6455004442	0.5054576392	0.835728789
	0.8853153414	0.5855872491	0.1933661195	0.6874169532	0.05005204771
	0.04577514195	0.01528458756	0.0674344481	0.0535066978	0.9431422866
	0.721088573	0.9165128054	0.09507002331	0.9345857761	0.9342422824
	0.9365945082	0.0143125252	0.03995766034	0.03579527484	0.05057603586
	0.1130742501	0.8357768373	0.1298538394	0.2918243483	0.1151018598
	0.9389774332	0.02486446689	0.3914351622	0.1419275762	0.9359290187
	0.9380698	0.93903457	0.8935296086	0.9356445774	0.9352646525
	0.5249491012	0.2799161994	0.09170723315	0.9409689416	0.2286881548
	0.007867837483	0.002748252048	0.006774396605	0.6418752795	0.935536152
	0.4417027023	0.270954909	0.343141627	0.7307672341	0.9185092306
	0.08445311732	0.694384294	0.04867075324	0.05234996944	0.01979158903
	0.116081072	0.3035848148	0.9398411505	0.8909240787	0.773238813
	0.9356095798	0.939064276	0.9350550855	0.02127527068	0.03460008715
	0.03171709356	0.03405674584	0.02366635594	0.02882498843	0.1534922007
	0.06192509787	0.02387610351	0.1589669456	0.9331487948	0.9361248815
	0.522554139	0.8606581125	0.9347621591	0.9310035236	0.8956545165
	0.0883437237	0.9380946544	0.04337176244	0.623434514	0.9025766333
	0.9263832532	0.9333856104	0.0190608747	0.00604930444	0.01328546569
	0.766431212	0.2244979913	0.3067258857	0.05442089131	0.1161966534
	0.1231492791	0.06363763029	0.06226035548	0.3982466187	0.6200546138
	0.1134780431	0.07323915596	0.5641574443	0.9349349581	0.9341951486
	0.9367292251	0.9366042712	0.9351926676	0.07265966001	0.01895414829
	0.01977786883	0.01254369264	0.01160967834	0.005028614878	0.06577282136
	0.04518774314	0.0992414146	0.9359852234	0.9335978619	0.2682790426
	0.1510254372	0.4564768652	0.8765529738	0.7627428416	0.08275229014
	0.1392650271	0.7514925438	0.93293355	0.9359665207	0.9316028899
	0.6073666828	0.04715467551	0.192968786	0.9259334229	0.03519618481
	0.02707938505	0.005784507313	0.0192660617	0.009821689347	0.01276637783
	0.124217573	0.05499991376	0.1369291355	0.02828778283	0.0226427517
	0.05890917343	0.2506887717	0.08772408671	0.4705941354	0.9315131441
	0.7757342316	0.9348491147	0.9317208886	0.9372651639	0.937283848
	0.1562347711	0.645237699	0.006374345773	0.009311057817	0.005365526436
	0.008938478458	0.008574134032	0.003675555361	0.05064555093	0.9381966522
	0.03978625596	0.0368914882	0.4032046814	0.2588234811	0.1755454226
	0.2534681713	0.767684188	0.9369123534	0.9251302449	0.4848152452
	0.1290316906	0.04546874172	0.02901620928	0.02729117522	0.07739208369
	0.02981968335	0.02511325677	0.01272960793	0.1856152214	0.04401693944
	0.009882274871	0.01017633121	0.0133721892	0.05368051954	0.02430886891
	0.03416069809	0.009079680577	0.05545253429	0.05861316463	0.8978723383
	0.9389008996	0.9270792226	0.934110715	0.9424164214	0.5599434436
	0.9337739764	0.004569058325	0.003801467404	0.003968770371	0.004130177769
	0.004190818904	0.04422455453	0.05613711147	0.04521657342	0.05999442911
	0.09601468273	0.9228564684	0.690006849	0.06177732896	0.06231810788
	0.06763550791	0.05151801848	0.0282562671	0.04751307379	0.03005534732
	0.02771228347	0.05439148631	0.05315074485	0.1150976982	0.03858270399
	0.02400689127	0.01976821453	0.01175442473	0.0159814195	0.885493124
	0.3684625132	0.3848710392	0.8346349324	0.09631790269	0.4828047479
	0.05800753666	0.6715120241	0.4108128511	0.7134261305	0.6024889149
	0.07187532084	0.2527703952	0.1103977138	0.05286033539	0.06407853468
	0.005408116201	0.8558091529	0.9675821318	0.9360380202	0.009733628855
	0.01617421413	0.007709201185	0.02775375585	0.01423153069	0.04319770222
	0.05458452033	0.9543220976	0.9618670493	0.9072687752	0.9304794559
	0.01243077829	0.0153379571	0.007691884133	0.01054136304	0.008960579946
	0.04904249576	0.05645150899	0.06138907255	0.06085954698	0.2212018684
	0.09851999123	0.02845497178	0.01608775674	0.1967758267	0.04341189848
	0.02837886647	0.08908239471	0.03140222078	0.195049565	0.02686927563
	0.02138196935	0.8701480991	0.4052862054	0.8448059455	0.690420463
	0.06799113122	0.1478190111	0.9167271078	0.05247119709	0.04574542105
	0.04786339548	0.06422118434	0.6294676351	0.5082760195	0.4891624907
	0.4931121541	0.5998847221	0.5647066775	0.938957529	0.7429429604
	0.4341991237	0.1876874819	0.06506313475	0.06411958817	0.01567528819
	0.01353320682	0.04609391325	0.4897135076	0.2617718068	0.09558435364
	0.3233161274	0.06205842817	0.5461974871	0.5865182084	0.0486297023
	0.4426076941	0.3415243708	0.05155508197	0.07067095687	0.9722418801
	0.01540460151	0.02415951669	0.02136253525	0.0278509472	0.02925531296
	0.02705369996	0.03345891008	0.9696306996	0.9439602834	0.8607601203
	0.05252139664	0.02725967918	0.09303131715	0.0404403166	0.01115800967
	0.01252139748	0.01824888244	0.05073791803	0.06071731698	0.06079922813
	0.946333546	0.9390843919	0.02948057773	0.02443324636	0.2907731388
	0.3777731771	0.2240823301	0.03942226884	0.03965184315	0.03251125346
	0.838121244	0.1092951458	0.1141342856	0.3036259149	0.0427207084
	0.1704574749	0.8948323181	0.03133770059	0.03064576016	0.7547253803
	0.5763432222	0.7851737401	0.1757635154	0.2315889017	0.2594165824
	0.2387331695	0.3926238229	0.954137238	0.9447001066	0.2277361651
	0.06521655206	0.06427849182	0.02555132686	0.02982709765	0.06317030951
	0.4686724546	0.06031256616	0.3846686324	0.06197824191	0.1739704507
	0.07025319215	0.5876389519	0.3319261239	0.4715681896	0.05105297897
	0.06226075529	0.9221389431	0.8602647651	0.2105313286	0.1446308495
	0.3110216976	0.5619682763	0.07892953721	0.3538412474	0.03395449392
	0.06557899582	0.03898167666	0.1001613492	0.3020637991	0.9672031816
	0.02799361466	0.04394531915	0.0575661695	0.04480746789	0.03125690394
	0.0285310688	0.9607520269	0.8878518416	0.1210680724	0.08111552441
	0.7390379587	0.5385920618	0.02655591149	0.2663057803	0.09668251285
	0.05629138009	0.08393907378	0.06342450842	0.9454858199	0.9395243051
	0.03953680131	0.9368364995	0.06250350695	0.03978401294	0.05366488758
	0.05593127306	0.02512107768	0.06350135843	0.0572483591	0.08657280604
	0.04181509023	0.04378442865	0.04681863215	0.1223119962	0.8256837535
	0.8799227423	0.7254755824	0.1038593008	0.09189244754	0.1255861051
	0.1108409842	0.1069702543	0.9544763996	0.2696595075	0.06165174812
	0.06489370339	0.04393406548	0.04840455401	0.8454370336	0.0591935573
	0.06079195059	0.4044367118	0.6678784213	0.08804800937	0.4858784885
	0.1280112029	0.06198593347	0.05546306662	0.9368105105	0.9382447089
	0.186034838	0.06178329592	0.5543351954	0.04069672062	0.1159114722
	0.05619321512	0.07892125141	0.07006120969	0.06423566688	0.1168093094
	0.1557880503	0.05949947974	0.6542054821	0.08124865726	0.0630231501
	0.8637140847	0.5314125482	0.08125866592	0.1122361274	0.4155808367
	0.9573170717	0.0487375028	0.05314329562	0.06156153016	0.05802881659
	0.03682981988	0.9353474214	0.8721693951	0.3254196829	0.7428572254
	0.7933242736	0.245818902	0.06306192839	0.0610229684	0.6304873651
	0.9425999939	0.9481206115	0.9392219768	0.05981739157	0.06564808327
	0.01945967084	0.03433064899	0.04512798745	0.1219623622	0.0421516349
	0.04215465875	0.03316218706	0.5683435299	0.4991823492	0.06331215433
	0.0732977997	0.05986479763	0.2339234413	0.07311236825	0.05529412669
	0.06142793001	0.9334735753	0.9252411653	0.05813136388	0.05644956239
	0.8994913886	0.06129844121	0.4307463325	0.05200129384	0.05585437745
	0.9353396984	0.1937069081	0.8329034484	0.0933658934	0.2262092938
	0.06936673123	0.0636620676	0.06235141348	0.07239662508	0.1069495631
	0.8933918233	0.08640170699	0.05726861495	0.9025972003	0.8198204724
	0.1044865139	0.3464004464	0.1038215658	0.05674433708	0.08411780331
	0.5959617424	0.874308617	0.06053536738	0.9299564262	0.9398362165
	0.952538487	0.04971368597	0.05819291259	0.06297672056	0.06401778562
	0.06645621896	0.01934038464	0.9259002378	0.9006354174	0.6091447526
	0.7672321357	0.8920862352	0.7717206507	0.07614622632	0.2304080819
	0.816438383	0.9444311979	0.944940118	0.937719219	0.05667479077
	0.05793711676	0.05879045334	0.01964294075	0.03169526683	0.05969569004
	0.02048591188	0.03433168736	0.05888113948	0.05308201518	0.8852657187
	0.5555014791	0.4180809149	0.1177113096	0.2107046381	0.6660609949
	0.9350815239	0.9343800617	0.05441693524	0.9335589389	0.05591585301
	0.4326870836	0.05180255319	0.05267827735	0.1434316051	0.4778120702
	0.06394699362	0.06303688012	0.05872170228	0.07258244025	0.0914208834
	0.8736072211	0.1025380921	0.05047116265	0.9333427039	0.847575599
	0.06748137219	0.06070973624	0.465941026	0.2924373052	0.05492628246
	0.0497686975	0.07198193533	0.8941786564	0.06003323538	0.9343225884
	0.04589767992	0.2474849929	0.9304735145	0.9454679373	0.9502237558
	0.05269257631	0.05609378207	0.06345336362	0.1689593773	0.4918180506
	0.01994050382	0.9210534524	0.6223747905	0.7190650904	0.8456802557
	0.8096614572	0.5976599558	0.9427339275	0.9376307765	0.054954626
	0.05146738406	0.038617598	0.03020080077	0.05080926571	0.9108813859
	0.9140172535	0.9273163184	0.5579404993	0.7611736332	0.9353795226
	0.05439827779	0.9340391757	0.3408455634	0.04748115464	0.04912118164
	0.08453510101	0.06443935419	0.06303108455	0.06000932713	0.06929035544
	0.8388320095	0.06740125474	0.06326213873	0.05198869765	0.9339538357
	0.9349469129	0.6143395363	0.9219980956	0.07393379713	0.05497371597
	0.05173111501	0.06186010873	0.04460248662	0.9346775406	0.05131338992
	0.1859411574	0.1055022617	0.05172693645	0.1331211882	0.9369036976
	0.06572721074	0.05595325842	0.8794476794	0.9378426378	0.9290613191
	0.9466919386	0.06174223167	0.0533473953	0.06146045484	0.08353696576
	0.8492247189	0.9321763591	0.03182937664	0.03984294715	0.5682240657
	0.7987594948	0.8454364956	0.9176082538	0.9399904531	0.05745742847
	0.04949447499	0.9289798247	0.930117709	0.9289826025	0.8446445334
	0.05361992378	0.934358394	0.93347948	0.3315762764	0.05131922742
	0.1106331306	0.06478788786	0.07267722682	0.1182702937	0.06982628177
	0.06166311575	0.07494296648	0.05051119897	0.9335611197	0.9308189029
	0.7774743968	0.08605158454	0.06280603085	0.06205950485	0.05783222604
	0.05841904165	0.06368626572	0.08668868717	0.9354399625	0.1122504809
	0.2313708146	0.06990233667	0.1690513394	0.0594395137	0.1911086429
	0.1851111246	0.4235963884	0.9400459612	0.9374343018	0.07752742527
	0.6210713633	0.8541295339	0.9331438024	0.9079338245	0.931787619
	0.760908229	0.8870853756	0.7456409755	0.3392893129	0.111432396
	0.9387823993	0.1465576838	0.8323586316	0.08169974873	0.2590254691
	0.9333130771	0.2816947889	0.6112761713	0.5053543084	0.4317332974
	0.9351425971	0.9298962767	0.9282727213	0.9391677973	0.05946586415
	0.1354597331	0.09022408538	0.05571615031	0.07000790465	0.1236275052
	0.9316746499	0.04243731311	0.05465833127	0.04840539616	0.6936480335
	0.9209136272	0.9325648692	0.05382509659	0.05970421661	0.05381555283
	0.9288965732	0.9326937528	0.05775096406	0.9332571855	0.9321070434
	0.9332092228	0.380950806	0.09354655122	0.06740518465	0.1247784983
	0.1402416439	0.2764193378	0.2314712533	0.0565598572	0.9328580526
	0.8184813304	0.06276751693	0.09943973576	0.05806264499	0.06534052716
	0.07759757401	0.1393339912	0.9342606132	0.2927300075	0.2567839362
	0.07465105382	0.1912589532	0.05995496117	0.153113172	0.9372289653
	0.4806404858	0.8207797961	0.7132688112	0.9241824808	0.9327778745
	0.8915927631	0.9174365312	0.9314423312	0.8820113914	0.7430134481
	0.5897610025	0.281040745	0.1656470619	0.1359415907	0.9331254721
	0.07249806341	0.1185228744	0.9098024385	0.08657831597	0.4311996715
	0.9299878122	0.1804566263	0.5596931569	0.4318719367	0.4189931421
	0.3988598231	0.9341025011	0.1670374833	0.06861476703	0.1220161054
	0.7355853643	0.2104427558	0.9278781076	0.9288869724	0.9317401462
	0.0632174039	0.06564070848	0.06061844226	0.2890244097	0.3123171414
	0.5809751863	0.05988584578	0.2902334911	0.9304277321	0.05621674281
	0.05968532698	0.8987751129	0.9279298005	0.9325975523	0.05937964346
	0.05912059511	0.07935492715	0.06195821993	0.06039838202	0.9287274033
	0.9311773459	0.9218526519	0.8151112588	0.105725485	0.1130223435
	0.1642109086	0.4230490835	0.1977272473	0.1534668066	0.06872536286
	0.9289192506	0.5257090751	0.06166779504	0.06941917362	0.08154037325
	0.9301996186	0.1195122467	0.1291100292	0.06875971593	0.08354773343
	0.06533220048	0.1162226834	0.3282785611	0.9074868658	0.5144430546
	0.5555521878	0.9341861226	0.9167809659	0.9413344719	0.8473310775
	0.7618561472	0.08403314429	0.3576537068	0.1773326881	0.08610239138
	0.09567181813	0.063949211	0.3703185805	0.7087109409	0.9255091512
	0.1065525794	0.7105743407	0.5238900866	0.3128501394	0.3711519764
	0.501541302	0.9363339432	0.06928053274	0.2713048593	0.09531625406
	0.8318878203	0.534484964	0.9107652285	0.1692702605	0.6257001311
	0.4084849542	0.9047157445	0.08660005476	0.1992779025	0.6383027564
	0.6770082355	0.1054317391	0.3478644557	0.9318689269	0.9326232379
	0.9338411727	0.107963857	0.06438105339	0.06209615199	0.556724246
	0.812642878	0.6777411044	0.9400386398	0.870156422	0.06286108681
	0.5842792992	0.06111597876	0.0617914958	0.9288178568	0.9332393827
	0.06167563836	0.06530132407	0.09159238151	0.06382511676	0.0622401316
	0.9249698893	0.925041402	0.9205838631	0.8660170315	0.1629744045
	0.3864157074	0.597976777	0.6188446583	0.1545580813	0.7791365463
	0.05231449292	0.1123346125	0.1215069487	0.1238075629	0.1501128261
	0.1139214924	0.3210957229	0.4064499451	0.9468733006	0.2917758474
	0.1781376607	0.940827821	0.952375629	0.9475882069	0.9101968833
	0.8943349028	0.8007651145	0.06199478058	0.0705541111	0.133201019
	0.2143720034	0.1410652976	0.06946316949	0.8051042073	0.103711035
	0.6959412393	0.4915525757	0.5701996911	0.9405387364	0.07371645963
	0.5895699606	0.846478426	0.6267452357	0.4218343575	0.8942691876
	0.2679847564	0.9268704168	0.08314150536	0.3265641696	0.5788727237
	0.566939414	0.3182891164	0.2053918766	0.2787548599	0.1886043787
	0.369764797	0.6099590009	0.2041926689	0.3481819591	0.06273091766
	0.09449397038	0.2547214296	0.6403624829	0.4403808419	0.6362986955
	0.9339748468	0.9345913408	0.1589335147	0.5602107925	0.08886738105
	0.7990723255	0.8954600518	0.9309840357	0.9376898041	0.93705072
	0.9239729506	0.1111910174	0.7721513893	0.06252337198	0.9333246511
	0.935710516	0.09839384996	0.2322945702	0.06318301192	0.2077556154
	0.9366007351	0.9217313617	0.9318729464	0.4593905488	0.6502666706
	0.8882472455	0.781779047	0.3861612274	0.2116010375	0.8812358251
	0.7064794517	0.1556647036	0.1532991812	0.1094166126	0.2381346564
	0.4794936892	0.5241186954	0.5015425915	0.9512218669	0.1200685325
	0.1022754595	0.9484169862	0.9160792472	0.8814200726	0.793194567
	0.08799948214	0.1122882053	0.07359055551	0.6282330073	0.9461835092
	0.1565698459	0.09556589127	0.6466113501	0.8750618258	0.3813688521
	0.8849197385	0.09235638705	0.5658822499	0.6199627583	0.5435456187
	0.2530499768	0.1165345331	0.4679734814	0.3726420617	0.3594897879
	0.3031573724	0.1231216354	0.06063555183	0.1322350489	0.1125139767
	0.6965216754	0.5628573902	0.6338561265	0.7709135226	0.8312741878
	0.08141389646	0.2384839415	0.7254792766	0.2066680226	0.9351948655
	0.9332797464	0.6907852798	0.8782089445	0.9147831399	0.9362359538
	0.9360043767	0.8860483722	0.936106524	0.9369943506	0.9355452319
	0.8065109381	0.07731837144	0.9333670702	0.9274521948	0.2785620632
	0.4548298656	0.7796627794	0.8947666736	0.9412435698	0.9155815314
	0.9315528507	0.7459037998	0.8269008634	0.6543288071	0.484605379
	0.5192835563	0.1636184037	0.09189644825	0.7360953257	0.8477248627
	0.9342760776	0.9461286504	0.06215528622	0.06939582031	0.08208757577
	0.9427291882	0.9015686839	0.08925949275	0.114433907	0.1006974983
	0.08455187896	0.5079110925	0.8183814934	0.3188239965	0.08685997412
	0.811495814	0.4179232493	0.1812400063	0.7190607855	0.6017322875
	0.08318700437	0.06529749029	0.09862156443	0.1968698826	0.875873186
	0.7418380625	0.8283821823	0.888231884	0.6919935224	0.9116141945
	0.1683047437	0.3973047399	0.8767267426	0.4473005952	0.3420789575
	0.08831349886	0.1330791996	0.3015278719	0.8915741892	0.9040080203
	0.09395245568	0.9285538856	0.9357039974	0.9094471549	0.9313362217
	0.9340519823	0.936398748	0.9351537799	0.9377990624	0.9377399391
	0.9353475843	0.9367813341	0.9258595485	0.9194595744	0.3071702707
	0.895941155	0.5820429995	0.7306680786	0.920742525	0.9384869592
	0.9436015744	0.9304359465	0.8894444679	0.8609274294	0.7593461429
	0.7713866413	0.2571752995	0.9147802228	0.9229000653	0.9406805549
	0.9421362756	0.06257730724	0.06362303364	0.06219368005	0.0867339778
	0.1354432719	0.2355722196	0.1763614288	0.2271496828	0.5458634676
	0.1119060315	0.08303023084	0.1372144905	0.2917067077	0.8269803747
	0.09187359531	0.06428878864	0.9336953401	0.9125824889	0.8800630037
	0.9244528689	0.7505092658	0.5308588786	0.6054753196	0.9192098721
	0.6665496578	0.5733638749	0.06981839582	0.07443084789	0.4971103932
	0.5003308074	0.9302260992	0.8768066836	0.7691397715	0.09560385143
	0.841149688	0.08418405171	0.2040889355	0.1576585354	0.1040983248
	0.1196806449	0.9182131557	0.9251143526	0.9361913516	0.9301689734
	0.9273267361	0.9315335889	0.936362207	0.9356146104	0.9352171685
	0.9239028434	0.9240328362	0.729572143	0.794491681	0.8694449547
	0.9344978887	0.9373530705	0.9394308813	0.9240259622	0.9195766901
	0.5939272515	0.9149717604	0.9346360005	0.0621948758	0.08468018587
	0.06177921164	0.06365302268	0.07717376348	0.1605395222	0.1516362
	0.5432188446	0.08282714806	0.09770797041	0.2651663053	0.908950749
	0.07209747175	0.9360713637	0.9229387185	0.85734871	0.5252196161
	0.7830502175	0.7711343415	0.9320397861	0.8750532003	0.8442389048
	0.06658421078	0.1005278363	0.07916651129	0.917057773	0.7358888682
	0.09286654861	0.08088328361	0.8954466002	0.1060721585	0.3449730071
	0.1808460441	0.129774719	0.2780974747	0.1847779389	0.258040755
	0.1319420891	0.915742869	0.9398286994	0.9372572168	0.1589226204
	0.9391013341	0.9233664125	0.9214433976	0.9296091619	0.9361710907
	0.9342295979	0.9248089109	0.9224729333	0.9185780762	0.9238759646
	0.9370326715	0.9316921274	0.9372165482	0.9331790568	0.9350016527
	0.9140851642	0.06394357963	0.06376128529	0.1110774001	0.06473960724
	0.0811790064	0.107169769	0.08009957547	0.5298196216	0.1361248261
	0.2967245703	0.93844381	0.8439835177	0.7025721787	0.9198676178
	0.1188258128	0.09999465403	0.1039979485	0.8921241865	0.7743688039
	0.06902375377	0.9358061042	0.06861048378	0.1389198036	0.376549727
	0.2524753839	0.3450459277	0.2302017871	0.2913966453	0.9143996751
	0.9374453559	0.9370472803	0.9323061894	0.1336406427	0.2163899483
	0.8812980896	0.08804940325	0.9361019224	0.9229152782	0.9315114474
	0.9336790028	0.9339788438	0.925212787	0.9319463567	0.9370398139
	0.9346629203	0.9333701033	0.9362374074	0.9292496897	0.9359842194
	0.9213268122	0.06449810128	0.06409614772	0.1064033182	0.08540654075
	0.06091988731	0.2634439655	0.1587350859	0.0661152314	0.6269974509
	0.3521159743	0.5270838992	0.8327067674	0.6591324295	0.09222462816
	0.1207590908	0.8324370181	0.06539616497	0.06282405141	0.1403381026
	0.131791832	0.08589221076	0.2125426107	0.3279899416	0.8707104731
	0.9360092855	0.9371529714	0.9379512808	0.1390125413	0.1097677339
	0.8045059402	0.750221702	0.08638339383	0.1096988886	0.5187478358
	0.9405191391	0.06307558244	0.9350177177	0.8894864971	0.9356525498
	0.9276615984	0.9255950045	0.9334713213	0.9306902966	0.9336751593
	0.9334499945	0.9311405148	0.9308311561	0.9338529719	0.9345630049
	0.9238812513	0.870900266	0.06642119506	0.06547226917	0.09795440469
	0.08586245961	0.117887216	0.07027518204	0.4250147733	0.2732354353
	0.1734342273	0.1355522321	0.07853173765	0.6650632625	0.7775202524
	0.5109999971	0.6288794557	0.07378448458	0.06226340672	0.06209851437
	0.06368954812	0.4586209186	0.4196331645	0.2998236403	0.789493913
	0.8804358126	0.9362174805	0.9367987903	0.1148893132	0.08658309409
	0.7053346463	0.5695499312	0.1216169294	0.2796901975	0.9365789444
	0.9358670641	0.9125518081	0.8324236997	0.0904214395	0.8776784689
	0.3805914654	0.8890809091	0.7065816729	0.9352306274	0.9291811966
	0.930238435	0.9306141499	0.9206105487	0.9229873928	0.931563017
	0.9243021863	0.9320953162	0.9350618282	0.9347760455	0.9209736463
	0.9340354727	0.8807543279	0.7179681866	0.5406969334	0.06709000426
	0.06320465469	0.07724383127	0.1793442908	0.1067089345	0.08229673789
	0.2917518242	0.1405678821	0.1650391831	0.3602553331	0.6166546603
	0.3446506129	0.4605786449	0.403461682	0.1385357857	0.4264847364
	0.06551817154	0.07730206452	0.06674201413	0.4845831925	0.5195243828
	0.3948826919	0.249068169	0.672513355	0.9361284613	0.09455022526
	0.08768939761	0.4490537475	0.2301591798	0.1399707626	0.9318941493
	0.9026844544	0.8485739279	0.9351835943	0.8146907814	0.219687345
	0.7680398941	0.614533683	0.492028569	0.8562039599	0.07574933357
	0.07608275553	0.9216500295	0.9354425405	0.9357438765	0.9342734063
	0.9054560809	0.9137910557	0.9147921865	0.8901138707	0.842056684
	0.8856240469	0.9243071146	0.9033265962	0.9221790807	0.8958178217
	0.9376980747	0.8894398933	0.9342725126	0.5091895084	0.6509901652
	0.3366757814	0.06200734179	0.06553030766	0.08600654466	0.09189337524
	0.06702138121	0.06278245336	0.1597101648	0.1147344807	0.1273850638
	0.3321483324	0.2644804565	0.4686354766	0.3193674629	0.1387181704
	0.1056567099	0.1080241481	0.06503025484	0.06538228456	0.3958493467
	0.3780560829	0.2233436815	0.2950939285	0.09974561154	0.07040888962
	0.1052522611	0.1711860551	0.9340641972	0.6347538938	0.8440267716
	0.5356643089	0.7151929185	0.9352125347	0.06642355973	0.4970064058
	0.3499494555	0.3375040985	0.9279379436	0.891020297	0.7003209085
	0.7838140028	0.1410895004	0.07292558407	0.06591452919	0.1257937548
	0.1478439377	0.07199547221	0.1230966654	0.08831749685	0.9343720245
	0.9348559282	0.8989727685	0.8660548566	0.6878025091	0.6813550739
	0.7297651778	0.8326684672	0.75050267	0.8486826079	0.9085443365
	0.7904706569	0.7820493702	0.9296442643	0.8626633223	0.9061139132
	0.9174264245	0.6833315939	0.8150089729	0.5323859609	0.3155681988
	0.2032082036	0.06244719625	0.06180320526	0.08392183827	0.06101989346
	0.1823436024	0.1883849889	0.09140055779	0.1714634209	0.2805347832
	0.2470740312	0.2063285698	0.07349536132	0.06635839856	0.2237108318
	0.1234825076	0.1848682795	0.09714460261	0.09190081714	0.933857986
	0.6745883158	0.3378602183	0.4425928803	0.9349324393	0.2884540923
	0.1244842467	0.9248016822	0.6104278774	0.6884725493	0.380004751
	0.6789508164	0.06012377915	0.1151611207	0.1092376925	0.0629981168
	0.1047518259	0.1838050853	0.4936869334	0.1245908972	0.3287925879
	0.1406233258	0.1994685958	0.1074709377	0.2391433609	0.1502658428
	0.9344199325	0.6458289831	0.5259402658	0.4592275436	0.2446938399
	0.6252851222	0.4527538862	0.5920204203	0.6610066522	0.9078104675
	0.5832155643	0.2928405992	0.6052429546	0.6194166668	0.9227134487
	0.9263987744	0.9214103396	0.8315262077	0.6613376713	0.9427369539
	0.8774804851	0.5032636896	0.5468374426	0.72223734	0.4012386116
	0.2822458681	0.1561473803	0.06080076146	0.06422180372	0.06485001706
	0.0887592836	0.1163533735	0.06773218276	0.08368538651	0.08349957118
	0.205579192	0.1303469607	0.1003216698	0.07904485177	0.1737794913
	0.1468215578	0.089004468	0.9347138928	0.3400371238	0.2721443922
	0.1725318326	0.07934648498	0.7132405641	0.8931947226	0.3654134123
	0.2006565473	0.05967088772	0.05881011028	0.0820598583	0.08824295242
	0.1169847545	0.06197730146	0.06438756524	0.1325889519	0.08514030409
	0.06285169756	0.1423172311	0.1750454544	0.1516758754	0.4244058839
	0.1177339969	0.09821779359	0.06654870113	0.9311904859	0.425617595
	0.2813978829	0.3125778796	0.1467405882	0.1785381465	0.3247950563
	0.2170183796	0.422692448	0.4668997068	0.9207079036	0.3929081274
	0.4913346216	0.2878194833	0.2391071177	0.2128499673	0.9350940664
	0.9017113499	0.8367421958	0.4850955128	0.7232520022	0.9510736458
	0.9460678151	0.8683287918	0.2999881462	0.3652523197	0.6987994545
	0.1783988418	0.06004355784	0.07149953609	0.05956913458	0.06438160727
	0.06365730713	0.1188205875	0.08724115343	0.07726654482	0.09171799017
	0.1395308216	0.1564153472	0.1620889189	0.1053661747	0.06230068381
	0.6781562921	0.1644141965	0.06522972576	0.06058101831	0.08952666983
	0.05850532694	0.07798864432	0.1131264562	0.05881259396	0.05992167557
	0.06495685548	0.06527389092	0.0533269118	0.2009931519	0.3801387273
	0.1167703878	0.2472919627	0.1677341654	0.0604314689	0.1220499782
	0.2901569628	0.1763130057	0.4845834737	0.185797809	0.185487948
	0.1674899144	0.2800535641	0.4161791023	0.2168770664	0.5788118933
	0.9278892249	0.4870417558	0.1899615464	0.2648551698	0.9472192462
	0.7188304529	0.5884319767	0.8654105845	0.9649469062	0.9404794771
	0.9575733344	0.853959227	0.1944847564	0.2426587456	0.2670931432
	0.4903102972	0.1445646924	0.05622026226	0.06310910598	0.06542732354
	0.05324521203	0.05672349295	0.07181310756	0.07966368577	0.07846773897
	0.07122411742	0.1905297496	0.2569464304	0.08884600093	0.28003947
	0.05679390241	0.1663418836	0.06345648693	0.05723578305	0.05858830167
	0.09686094691	0.05637429872	0.04965121386	0.07603044379	0.04571356587
	0.2644032985	0.09175076645	0.2828513692	0.117446903	0.1723012864
	0.06796945929	0.07639469316	0.1532439516	0.1843607297	0.05209521218
	0.09697438632	0.07026094491	0.0712458772	0.3283400933	0.2809257721
	0.2653246601	0.4009913844	0.4731588002	0.5349279886	0.4888372146
	0.4973275872	0.6957319281	0.9308686347	0.3864006617	0.4220925844
	0.9620141119	0.7110978019	0.8348455063	0.794046924	0.9322380244
	0.6599763114	0.9311458449	0.9498324472	0.7685378339	0.8820792997
	0.1463005167	0.099466428	0.1253024113	0.2153708297	0.12136024
	0.1069714956	0.05004592244	0.06393139689	0.06123798218	0.06347530146
	0.04460928963	0.0773246035	0.07455898894	0.07794023654	0.1307771048
	0.1037867508	0.04439817357	0.07412880454	0.05634995135	0.06477991986
	0.07492447599	0.04280017854	0.04543947064	0.03963181494	0.0742392343
	0.08743526667	0.06127193532	0.06181479882	0.06607453163	0.07688076328
	0.04431146173	0.08241771827	0.04801162904	0.11272518	0.03700490093
	0.06389207023	0.03729371718	0.5982603994	0.4498825104	0.6351154426
	0.790300243	0.7194531534	0.9422210389	0.9407079199	0.9363083397
	0.8822276273	0.4678754271	0.7484922537	0.1122766917	0.1143117411
	0.14914487	0.1313125899	0.08093948935	0.07301483122	0.04690032587
	0.06387711749	0.09272388015	0.06413125845	0.09728133714	0.1247723939
	0.09874993156	0.03819183808	0.05838505628	0.03727496682	0.03496307525
	0.03961568307	0.04061257975	0.1091649399	0.06025668979	0.06737375736
	0.05625819733	0.08224404526	0.09161878451	0.03904865132	0.04808104958
	0.3185137994	0.05660530735	0.05102326163	0.9325650778	0.9302049877
	0.837521298	0.2655528855	0.7502383169	0.1080628214	0.1175492886
	0.08535033966	0.07898372776	0.08397307068	0.04178875606	0.05283292221
	0.07146814247	0.06593260398	0.06412642072	0.1211758069	0.08589656066
	0.0355569429	0.04062034913	0.0374316027	0.09151929417	0.06108481405
	0.06625346502	0.05516654928	0.08675023965	0.09435116672	0.0519630883
	0.06057539637	0.09236642263	0.9228334071	0.05677063593	0.047547595
	0.9288336772	0.9268327886	0.9281040059	0.5557354011	0.7783328949
	0.09790203937	0.1752780727	0.09544249684	0.0788029667	0.1418620617
	0.05446181614	0.0476235274	0.07134506269	0.06706774457	0.08460587708
	0.1267873069	0.04539423698	0.05379874148	0.08319254761	0.05800908887
	0.05897617542	0.05738353679	0.06857852414	0.04231749156	0.03793623309
	0.0750159845	0.4281874196	0.9341513023	0.03861924786	0.03374750431
	0.9282437121	0.6750431544	0.8909523537	0.9218549239	0.07916397529
	0.0786726809	0.2916101685	0.2323313263	0.09286569466	0.05843529536
	0.05821496167	0.07546244504	0.07575561548	0.08612411181	0.0761642867
	0.05759067125	0.05298720297	0.05613378367	0.06279534729	0.06744752883
	0.07471892216	0.07448306191	0.02552052675	0.03472993817	0.03374441102
	0.05333765604	0.9341316062	0.9339726389	0.9340416813	0.9340061365
	0.9339724898	0.9339610562	0.934069252	0.1699121655	0.933994473
	0.9340399007	0.9341004847	0.9340911064	0.9340852932	0.05085123057
	0.04502473617	0.8334196157	0.1165642317	0.1771054897	0.5975147542
	0.07694700126	0.05733269345	0.01800384931	0.05589240357	0.07163095878
	0.0744789128	0.07047232657	0.05944579998	0.0666434211	0.06418447921
	0.06109625249	0.06731397173	0.06453329132	0.02322583395	0.005423176975
	0.0231298462	0.02327503584	0.02171623473	0.9348394606	0.934527588
	0.9344784554	0.3441424175	0.9346430313	0.03833103122	0.8388331296
	0.1494731877	0.07307715019	0.4398766725	0.09371792423	0.01864847102
	0.1154692723	0.1086730597	0.06960293512	0.07125494382	0.065519166
	0.1112095163	0.1181602782	0.09353846795	0.2671862792	0.3227226586
	0.005637774687	0.009215151371	0.01560167824	0.003476281795	0.01293873372
	0.03115949843	0.06256034868	0.0277917408	0.9343187382	0.8832753645
	0.9342278947	0.9343744488	0.9343782985	0.514220423	0.9060315924
	0.169969501	0.1004846144	0.2910406263	0.2308566804	0.3582559775
	0.127959956	0.09915327999	0.1008525747	0.148874048	0.1288203907
	0.1612951594	0.544495055	0.3698392428	0.7698478304	0.002440425021
	0.04180333966	0.3236156967	0.004732894266	0.01294355849	0.0769477713
	0.06590702808	0.04373275002	0.2594573169	0.7348949833	0.09901705293
	0.5174250105	0.8404944166	0.9166504739	0.2819289511	0.6974539194
	0.728241816	0.8540349485	0.2700291389	0.3118442	0.2432376393
	0.2010565122	0.7949645939	0.6738517003	0.4974123257	0.9262143679
	0.007042093626	0.009662764677	0.4182706546	0.9282365245	0.00683795015
	0.01479940541	0.05401139131	0.5198116192	0.6905515417	0.8644498554
	0.6711138837	0.8969291467	0.9362891644	0.5025890983	0.5144043142
	0.9312306769	0.881433702	0.8019820367	0.009928383261	0.4898742726
	0.9312312977	0.9336584733	0.0046289581	0.03961861862	0.8092124754
	0.897886031	0.9245742931	0.9281638253	0.8681038197	0.7189007549
	0.9335762869	0.8910606855	0.9338613681	0.9161405502	0.8917296236
	0.9337913919	0.9335574214	0.9202327832	0.9333814883	0.933756047
	0.9280262807	0.9277384559	0.933621277	0.9328740077	