961	
	0.1544780693	0.1547375432	0.1529317127	0.1543833734	0.1621473631
	0.1704167402	0.1760659053	0.1791512775	0.1832694093	0.1929410107
	0.2077975683	0.221024897	0.2330936146	0.2447858253	0.2553573946
	0.264827662	0.2737312295	0.2824430649	0.2902312793	0.2967477453
	0.3029802301	0.3095675204	0.3102197893	0.2878888921	0.2371617869
	0.1882831214	0.1573110028	0.1443860788	0.1523394684	0.1729502115
	0.1802854779	0.1736406386	0.1702445813	0.1652691992	0.1635566246
	0.166608125	0.1715897214	0.1755652471	0.1780126149	0.1806320799
	0.1873994168	0.2016536921	0.2141017731	0.225868429	0.2380781637
	0.2487507639	0.258196779	0.2672356497	0.2761803524	0.2840923412
	0.2905794416	0.2968014876	0.3043993483	0.3083092989	0.2915062923
	0.2419599179	0.1887692444	0.1574224466	0.1431650558	0.1488181054
	0.1694683707	0.1792826171	0.2259511701	0.2193777894	0.2075641641
	0.2003368324	0.1986482412	0.1998461038	0.2013587662	0.201576133
	0.199205581	0.196618494	0.1990074367	0.2033230623	0.2102539169
	0.2216772904	0.2314633239	0.2401473163	0.2496565881	0.2596716616
	0.2682330789	0.2750270215	0.2814881589	0.2908982876	0.3010804056
	0.2951927345	0.2537759252	0.1968476566	0.1614336825	0.1433786875
	0.14496268	0.1629952415	0.1729623464	0.2857114024	0.2826631443
	0.2746243628	0.2670832047	0.2634809359	0.2631826114	0.2637002105
	0.2623876407	0.2555490072	0.2400876201	0.2287243603	0.2195054862
	0.2141546784	0.2132573562	0.2145481599	0.217869221	0.2248682137
	0.2351160662	0.2446969297	0.2529142359	0.2601476042	0.271083365
	0.2876902906	0.2957281592	0.2693539982	0.2145702519	0.171674704
	0.1468250143	0.1428616963	0.1563418245	0.1653440027	0.3299249475
	0.3302193773	0.3281839901	0.3259674848	0.3254546745	0.3277544854
	0.3308399955	0.3318935997	0.3279522005	0.3161397408	0.2991105115
	0.275861173	0.2551681499	0.238914592	0.227124653	0.2196610822
	0.216203139	0.2169441318	0.2215459109	0.2299729717	0.2389052475
	0.2511676656	0.2714183423	0.2922462779	0.2848176685	0.238730378
	0.1878743389	0.15348759	0.1424133148	0.1501929264	0.1578552946
	0.3436299801	0.3457246938	0.3478181672	0.3513498775	0.3575776077
	0.3670727016	0.3774839251	0.3857951953	0.3895410568	0.3870862703
	0.3781215228	0.3609354583	0.3373090817	0.3079167209	0.2809339961
	0.2594511564	0.2417457872	0.2285908348	0.2207164094	0.2187559533
	0.2233847192	0.2358698597	0.2566103319	0.2847731604	0.2956865121
	0.2640495939	0.2089801752	0.1633351915	0.1438305082	0.1449932221
	0.1510450829	0.3249511345	0.3268152673	0.3302959178	0.3376549082
	0.3505511088	0.3691981707	0.3904057425	0.4098887383	0.424737864
	0.4334853836	0.4355823191	0.4305694386	0.4185615898	0.3986719833
	0.3731493101	0.3436933693	0.3108622193	0.2799488305	0.2545230971
	0.2356547579	0.226608392	0.2286675951	0.2432230879	0.2702877849
	0.2948198324	0.2826833228	0.2325037874	0.1763212921	0.1479911177
	0.1426699384	0.1469181141	0.2859236355	0.2855742406	0.2878134031
	0.2963883053	0.3133301082	0.3391269273	0.3710012338	0.4031231806
	0.4307157343	0.4515376094	0.4649916805	0.4713011978	0.4712414594
	0.4651521591	0.4532140717	0.4344196555	0.4066951043	0.3710334405
	0.3304157824	0.2887139557	0.2593354905	0.2438203719	0.2419649924
	0.2544098766	0.2766465904	0.2851447543	0.252892819	0.1919525463
	0.155632035	0.145069279	0.1477223554	0.2434047396	0.2409907748
	0.2419781353	0.2510476158	0.2696959174	0.2985510586	0.336466878
	0.3781481223	0.416927183	0.4487406913	0.4723714064	0.4881789025
	0.4973749772	0.5012850548	0.5004800276	0.4942487377	0.4804780448
	0.4571022856	0.4224733233	0.3762355959	0.3285709359	0.2909041428
	0.2669680506	0.2584973307	0.2638766249	0.2754903129	0.2677831239
	0.2110845284	0.1671866042	0.1519367235	0.1534539496	0.2066336175
	0.2032533669	0.2040983953	0.2145392367	0.2354238447	0.2664946217
	0.306689353	0.3528112894	0.3982777151	0.4376549063	0.4687743417
	0.4916408998	0.507344666	0.5173926731	0.5229388842	0.5241754546
	0.5202709952	0.5097402285	0.4905370501	0.4603032247	0.4194835936
	0.3725687686	0.3254037073	0.2929602225	0.2804510443	0.2840287155
	0.2869405404	0.2375734855	0.18305799	0.1621374682	0.162648531
	0.1782250922	0.1744715399	0.1764242024	0.1893546337	0.21363033
	0.2479973053	0.2902880301	0.3380323315	0.3859413144	0.4288256579
	0.4641047068	0.491313088	0.5111113878	0.5246830511	0.5332316048
	0.537547613	0.5378735699	0.5339992861	0.5252122284	0.5099929568
	0.4861121942	0.4519469643	0.4075193622	0.3563993665	0.3240615081
	0.3145557816	0.3089392256	0.2647521328	0.2000520298	0.1733158397
	0.1730022755	0.1585135884	0.1548009821	0.1585755918	0.1748969501
	0.2036930928	0.2424719228	0.2874930685	0.3358788507	0.3837056382
	0.4271052017	0.4638000942	0.4930508643	0.5150825585	0.5306428942
	0.5406632723	0.5459942018	0.5473034934	0.5451089505	0.5397846803
	0.5313121464	0.5187066125	0.4996715976	0.4714266005	0.430542747
	0.3843041669	0.3553896088	0.3302718445	0.2711718845	0.2095187547
	0.1826809702	0.1826097425	0.1464339732	0.1430234009	0.1490150926
	0.1696346228	0.2039089148	0.2475518112	0.2952424351	0.3436397789
	0.3901943969	0.432506751	0.4689087691	0.4986306416	0.5216262674
	0.5383122316	0.549319457	0.5553086374	0.5569155054	0.5548162223
	0.5498140218	0.542781192	0.5342666216	0.5237104403	0.5084815237
	0.4834123128	0.4453334964	0.4015765187	0.3472501848	0.2685848472
	0.2130495153	0.1912325442	0.1925338471	0.1403362591	0.1373928488
	0.1459325419	0.1717856383	0.2120926341	0.2600512456	0.309382686
	0.3571978477	0.4020509665	0.4426285878	0.4778421762	0.507080366
	0.5302397447	0.5475901884	0.5595838698	0.5666958302	0.5693844629
	0.5682092923	0.5640127418	0.5579487717	0.5511541652	0.5439650707
	0.5346683481	0.5176270129	0.4844544828	0.4294525458	0.3533452284
	0.269115929	0.2194954895	0.2034923162	0.2065754724	0.1383706318
	0.1360876939	0.1475934932	0.1794704939	0.2255765069	0.2763927255
	0.3261436615	0.3728816593	0.4158916974	0.4544776255	0.4880224787
	0.5162015778	0.5390470764	0.5568735692	0.5701290406	0.5792368084
	0.5845281411	0.5863620105	0.5853417152	0.5822645838	0.5776147899
	0.5709985935	0.5607516605	0.5409806149	0.4988625581	0.4289692079
	0.3401903578	0.2704828823	0.2333390518	0.2247940896	0.2300886171
	0.1385336989	0.1372134225	0.1520426846	0.1903125167	0.241053779
	0.293364005	0.3426681916	0.3879773091	0.428977441	0.4653446082
	0.4968741511	0.5236064992	0.545849554	0.5641252038	0.579050621
	0.591166488	0.6007869036	0.6079840933	0.6126022077	0.6138592899
	0.6098859162	0.5989015517	0.5797141546	0.5471147055	0.4902131759
	0.4101808879	0.332940624	0.2818248299	0.2605227656	0.2619318939
	0.2696984964	0.1390467315	0.139039298	0.1572205858	0.2014833483
	0.2556272588	0.3086045228	0.3570414616	0.40060986	0.4393002311
	0.4731320684	0.5023072113	0.5272656217	0.5486680159	0.5673509869
	0.584221241	0.6000386607	0.6151060568	0.6289550867	0.6399607814
	0.6445139264	0.636107295	0.6112328446	0.5763136013	0.5323852998
	0.4663320641	0.3968698821	0.3428523486	0.313604097	0.3087186721
	0.3215989644	0.3310849445	0.1390076051	0.140486296	0.1616877662
	0.2107366989	0.2675857564	0.3208289315	0.3681242084	0.4095803912
	0.4455554138	0.4764658046	0.5029235102	0.5257588748	0.5459950389
	0.5648114654	0.5834259569	0.6027873279	0.6230419958	0.642887467
	0.6589988351	0.6655171397	0.6532907636	0.613028459	0.5601176428
	0.5130107172	0.461066951	0.4135994094	0.3833373599	0.3745039788
	0.3840706905	0.4034404104	0.4126551312	0.1383128201	0.1412587671
	0.165021864	0.2176201899	0.2765155661	0.3296615955	0.3754101591
	0.4142996712	0.4471221698	0.4747218336	0.4980937409	0.5184050607
	0.5369864412	0.5553052535	0.5748193025	0.5965678176	0.6204537158
	0.6444452515	0.6642545648	0.6738583141	0.6660752479	0.6335215468
	0.5820691654	0.5408041304	0.5031418094	0.4738535437	0.460672933
	0.4672001344	0.4820536704	0.4981461479	0.503546906	0.1373785125
	0.1415868546	0.1674087572	0.2225659344	0.2827469517	0.3352476423
	0.3789104831	0.4147573594	0.4440398176	0.4680070645	0.4879709108
	0.505344208	0.5216611466	0.5385619428	0.5576254924	0.5799038322
	0.6051427914	0.6310227695	0.6531595953	0.6663378426	0.6660358916
	0.6496949687	0.6213588854	0.596834408	0.5784310603	0.5629796599
	0.5563018562	0.5604254148	0.5702039352	0.5794291663	0.5812046829
	0.1370292888	0.1420028752	0.1692682418	0.2261415426	0.2867865874
	0.3379878128	0.3790278719	0.4114412642	0.4369273687	0.4570799061
	0.473436066	0.4875441805	0.5010168029	0.5155298078	0.5326569376
	0.5534162202	0.5775470857	0.6028769297	0.6254841333	0.641084904
	0.6468486259	0.6426036057	0.6320498392	0.6223421279	0.6149319165
	0.6088323259	0.6071482127	0.611527834	0.6191703271	0.625547922
	0.6264859076	0.1377435673	0.1429562798	0.1710118554	0.2288583289
	0.2891636046	0.33843388	0.376432821	0.4051993028	0.4268346577
	0.4431957073	0.4559471971	0.466666604	0.4769297872	0.4883272966
	0.5023229835	0.5198649359	0.5407848511	0.5632986451	0.584176885
	0.599938909	0.6085503417	0.6105549146	0.6090274287	0.6077599729
	0.6076339943	0.6085818296	0.6126101051	0.6205143728	0.6299941933
	0.63699437	0.6385410824	0.1393970832	0.1445713462	0.1729206402
	0.2311276543	0.2903920498	0.3372228977	0.3719515485	0.3970871896
	0.415058709	0.4278936665	0.4372934135	0.4447790363	0.451806817
	0.4598033105	0.4700615483	0.4834422381	0.4999165436	0.5181853536
	0.5357848224	0.5499612305	0.5590641348	0.5636572603	0.5663623969
	0.5700193852	0.5756579053	0.5833086157	0.5932737495	0.6051008767
	0.6166563533	0.624674582	0.626914988	0.1416149206	0.1468341413
	0.175205602	0.2332869835	0.2909542464	0.3350172473	0.3664667688
	0.3882282204	0.4029611107	0.412767173	0.4193076477	0.4239892879
	0.4281044997	0.4328851022	0.439440529	0.4485529598	0.4603578454
	0.4740643397	0.4879836433	0.5000785494	0.5089767224	0.5149913717
	0.5202240429	0.527136537	0.5368746885	0.5492360085	0.5633480162
	0.5778016005	0.5905489873	0.5991347805	0.601825193	0.1448786814
	0.1500615638	0.1781878093	0.2356707178	0.2913024931	0.3324580095
	0.3608373755	0.3796985749	0.3918139834	0.3992640784	0.4036110018
	0.4061163975	0.4078978275	0.4099983153	0.4133628044	0.4187150398
	0.4263537554	0.4359546785	0.4465324054	0.4567089432	0.4653460911
	0.4723911177	0.4792592115	0.4879541359	0.4996167469	0.5140265547
	0.5299314107	0.5454854897	0.5586313203	0.5674614949	0.570507551
	0.1531460688	0.1557859304	0.1823514202	0.2385794642	0.2918258171
	0.3301197162	0.3558384411	0.3724438833	0.3826871656	0.3885413328
	0.3914315609	0.3924680402	0.3926064319	0.3927268109	0.3936389133
	0.3960201971	0.4002990929	0.4065215951	0.4142708743	0.4227262655
	0.4309680492	0.4385906126	0.446249909	0.4553274033	0.4668507817
	0.4808718141	0.4964569644	0.5118259487	0.5248457091	0.5338015797
	0.5372216612	0.1640818871	0.1634108087	0.1873631317	0.2419685161
	0.2927502872	0.3284640425	0.3521176393	0.3672177425	0.3763654109
	0.3813650952	0.3834931024	0.3837221682	0.3828723227	0.3816919675
	0.3808820117	0.381075217	0.3827807439	0.3863045034	0.3916566087
	0.3984742004	0.4060710109	0.4137987353	0.4216074654	0.4301384672
	0.4401316481	0.4519674691	0.4654639237	0.4794388923	0.4918277651
	0.5008181307	0.5046311333	0.1710730806	0.1696148645	0.1920802485
	0.2455243309	0.2941707009	0.3278475439	0.3501679869	0.364521051
	0.3732689026	0.3780300231	0.3799469339	0.3798801159	0.3785407029
	0.3765708411	0.374582469	0.3731666012	0.3728827743	0.3742274097
	0.3775518021	0.3828865907	0.3897639696	0.3973543747	0.4049948106
	0.4125758979	0.4204252257	0.4291389024	0.4393471738	0.4507986799
	0.4618794272	0.4707039229	0.4748926233	0.1763809232	0.1740389418
	0.1961104914	0.2493010063	0.2962865666	0.3285908888	0.3502886636
	0.3645039492	0.3733419995	0.3782659927	0.3803157046	0.3802619765
	0.3787230945	0.3762478545	0.3733717877	0.3706562827	0.3687189325
	0.368248298	0.3699452319	0.3742510749	0.3808494849	0.3885557531
	0.3960323105	0.4025147612	0.4080599371	0.4135457674	0.4202134121
	0.4285058943	0.4374434721	0.4456067284	0.4501236135	0.1790025162
	0.1769076477	0.1991009245	0.2534368446	0.2993237884	0.3307981556
	0.3523275252	0.3666920963	0.3758036321	0.3810273601	0.3833334003
	0.3834235554	0.3818390632	0.3790484586	0.3755214073	0.3717975391
	0.3685562394	0.3666750506	0.3672031587	0.3710351965	0.3780637368
	0.3865480325	0.3941948732	0.3996481798	0.4029995736	0.4057232637
	0.4096278336	0.4152763816	0.4217972595	0.4283500647	0.4327816512
	0.1800235505	0.1785670004	0.1992910223	0.2550434754	0.3017461088
	0.3328518209	0.3543281279	0.3687653262	0.3780070575	0.3833820209
	0.385831546	0.3860299276	0.3844885956	0.3816439898	0.3779363529
	0.3738886968	0.3701908198	0.3677741803	0.3678059128	0.3713931944
	0.378682667	0.3878316783	0.3959155024	0.4011006974	0.4034991031
	0.4049075184	0.4075766809	0.4122037717	0.4176830959	0.4229100468
	0.4263034372	