961	
	0.02126772118	0.03891645312	0.121601608	0.2191887514	0.4103643286
	0.5744944439	0.4807093649	0.3573973008	0.3409670601	0.3348775582
	0.3293734478	0.3308954688	0.339056567	0.3498018141	0.3591420041
	0.3629954034	0.3641223191	0.3644284802	0.3644992136	0.364137083
	0.3637656909	0.3639398607	0.3640660503	0.3644488686	0.3642342912
	0.3644181786	0.3633628026	0.3564384932	0.4044900518	0.5051288379
	0.5014898031	0.01094616477	0.01445156523	0.03483523694	0.06713995246
	0.221320226	0.5369551154	0.4044595156	0.128810566	0.07505726775
	0.0687617416	0.06879121764	0.0692589858	0.07077697326	0.07292111668
	0.0748659455	0.07571475493	0.07580261975	0.07574334258	0.07561087184
	0.07541809896	0.07708758855	0.07914163016	0.07751058064	0.07530687554
	0.07339415993	0.07522731801	0.07561846771	0.0797175922	0.1302563028
	0.3760382855	0.4317024119	0.004920437004	0.00852059127	0.02838594066
	0.0602493743	0.1708237368	0.500237826	0.162999957	0.02720003461
	-0.004780207877	0.01628945118	0.05752443982	0.06802286761	0.06888942877
	0.06895833525	0.06858633584	0.06817231111	0.06804480233	0.06837166694
	0.06911129336	0.07042975442	0.07364443348	0.05512482729	0.01632818986
	0.008342751612	0.02805183018	0.06704022813	0.07101886034	0.07227831069
	0.05177415427	0.05452610233	0.0869017179	-0.002304728021	0.02717557525
	0.1523569799	0.2975210563	0.3934366169	0.3168967144	0.07584536233
	-0.006647968525	0.02190922369	0.1097219949	0.3260004868	0.4075834564
	0.416243749	0.4170102797	0.4159566665	0.4146748868	0.4145723985
	0.4165351668	0.4208724572	0.4274817592	0.4330280326	0.3651264397
	0.1235141308	0.06435725243	0.1400849663	0.3890756487	0.4328230441
	0.4242368728	0.3573009975	0.1162124671	0.06107287478	-0.005123927779
	0.07198337613	0.4112663108	0.5970875111	0.5436102904	0.1471167979
	0.01541003523	0.01374759952	0.1087711737	0.3548085612	0.4586561544
	0.4976437498	0.5005178067	0.4996302635	0.4988724009	0.4977935093
	0.4969932015	0.4971635474	0.499148569	0.5039799099	0.5103294879
	0.4715864224	0.212236439	0.07523866718	0.1470225235	0.4545735662
	0.5189368186	0.5065063865	0.4836578752	0.4111337607	0.3719472288
	0.001208190443	0.1128787523	0.5655041355	0.5991193102	0.2058149088
	0.04257202901	-0.004490794199	0.06263378701	0.3175781563	0.456180126
	0.4980782479	0.4976536036	0.4958685537	0.4957859089	0.4963359167
	0.4964934739	0.4956030121	0.4934867594	0.4906674436	0.48823009
	0.4853970214	0.4677475085	0.3351930527	0.09837606277	0.1190976956
	0.4114227892	0.4878387337	0.4803036593	0.4695954538	0.4573107358
	0.4636575225	0.002298347016	0.09240481001	0.5194499051	0.2321238343
	0.05129060254	-0.005400264459	0.02689626402	0.1306598159	0.4097897249
	0.4907280129	0.4948845532	0.4937535629	0.4946173194	0.4958270708
	0.4973408695	0.4983342392	0.4976350124	0.494339456	0.487916314
	0.4775634874	0.4593527498	0.4223755296	0.3356162713	0.1426228425
	0.1014690867	0.2923208367	0.4016924694	0.4298909994	0.4427526056
	0.4477592396	0.4605490261	-0.008461206504	0.06707785827	0.2846992852
	0.08976494249	0.002346293876	0.01899000209	0.1091790564	0.3557389218
	0.4575228371	0.4901015743	0.4918827402	0.4955085521	0.4981491532
	0.5004687929	0.5029936698	0.5050208387	0.5054331294	0.5031018717
	0.4966697649	0.4833604976	0.4555796162	0.3972888902	0.2985963131
	0.1712620276	0.1007209456	0.1762936437	0.3162280822	0.4003887244
	0.4478106361	0.4691940971	0.4754423416	-0.004591606253	0.1247938209
	0.5537270996	0.1080939014	0.01105415164	0.06904733869	0.2806216104
	0.4248011884	0.4733626023	0.483333563	0.4931245058	0.501064606
	0.5062474525	0.5107767439	0.515410882	0.5198030358	0.523236715
	0.5248805313	0.5234710064	0.5161653523	0.4955496769	0.4442987628
	0.3427306183	0.2153913884	0.1395121564	0.1633999486	0.3309675716
	0.4684178519	0.5345696118	0.5579780666	0.5383591667	-0.00366329929
	0.1343845418	0.6369734448	0.1419692934	0.02283043581	0.1388194567
	0.3863748012	0.4545281334	0.4678722991	0.4823333122	0.4978108133
	0.5093220319	0.5181842383	0.5262491265	0.5343234406	0.5424657547
	0.5504681735	0.5580547796	0.5646638787	0.5688086687	0.5666157869
	0.5485732027	0.5010061769	0.4285711385	0.3629868415	0.3601694504
	0.5121031617	0.6184280057	0.6598320623	0.6665275623	0.6258022456
	-0.00195349706	0.1363393469	0.6478494279	0.1529578423	0.06943183811
	0.3119077358	0.4708117153	0.4854468981	0.4793587285	0.4913830367
	0.5067523132	0.5205892196	0.533047635	0.5447968008	0.5563374843
	0.5679051515	0.5796526662	0.5917374186	0.6041674723	0.6165279034
	0.6275311201	0.6340347825	0.6351655861	0.6441193277	0.6581129944
	0.6590535092	0.7042694757	0.7357326627	0.7429633241	0.7349883566
	0.6848779978	-0.001038885205	0.1280459686	0.629019745	0.1600063827
	0.1064158038	0.4856638695	0.5541459685	0.5197241242	0.503377609
	0.5086731405	0.5210985692	0.5353626984	0.5495870123	0.5631329446
	0.5759377519	0.5881561442	0.6000601115	0.6119367066	0.6238911765
	0.6356689205	0.646524128	0.6552134492	0.6652158597	0.6879983544
	0.6863071964	0.6255202568	0.6656739615	0.7044499254	0.7158293591
	0.711654815	0.6725001048	0.001756520864	0.1217957973	0.5609035634
	0.1539687417	0.1061226549	0.4511176915	0.5647401211	0.5373407509
	0.5262600941	0.5293770158	0.5389608983	0.5517637047	0.5649865313
	0.5770218397	0.5873287211	0.5959853373	0.6033111021	0.6095530229
	0.6146243096	0.6179502488	0.6185250804	0.6157347797	0.6152635267
	0.6258052799	0.564417357	0.3742603957	0.3759589409	0.5037264095
	0.5797260365	0.6001838873	0.5920945472	0.01009314822	0.1040903752
	0.5976873733	0.2416232386	0.1258311936	0.3259095938	0.456663947
	0.5040688743	0.5295749769	0.5440388159	0.5546783777	0.565281556
	0.5748162169	0.581805288	0.5858434075	0.5873550485	0.5869950048
	0.5851828998	0.5818753224	0.5765278517	0.5683491496	0.5575045255
	0.5500779455	0.559563428	0.5037452442	0.2517292162	0.1568177086
	0.2890817782	0.4466164701	0.5022247532	0.515858964	0.04240791135
	0.04455069662	0.3566208617	0.5753511792	0.263558843	0.2601559871
	0.3424802496	0.4389587067	0.5101020566	0.5462186064	0.5625027034
	0.5709197471	0.5745574156	0.5737779348	0.5695192241	0.5633110874
	0.5565378642	0.549953884	0.5436291727	0.5370682684	0.5295472073
	0.521175619	0.5155854559	0.5216278846	0.5001652369	0.2637736451
	0.08589647741	0.1361141042	0.3497185778	0.4599896828	0.4849321132
	0.3331114375	0.1132780279	0.1326725992	0.6514000835	0.5894006488
	0.3428927521	0.3237875414	0.4003038607	0.4860765051	0.5376032855
	0.5595253655	0.565338459	0.5617224532	0.5523153892	0.5408517224
	0.5304831758	0.5230435971	0.5189460762	0.5176004292	0.5177251575
	0.5177235891	0.5165343632	0.5150540161	0.5161340409	0.509967884
	0.3886138056	0.1091413565	0.06000248983	0.2396708803	0.4405982701
	0.4831113019	0.5010654179	0.3861829761	0.06309649801	0.2196607759
	0.7129593203	0.5776697022	0.4449195912	0.4376664062	0.4832062383
	0.5263940706	0.5473553353	0.5495003447	0.5391843033	0.522825267
	0.5075926783	0.4984223704	0.4969476509	0.5020472516	0.5113097717
	0.5216828121	0.5300330286	0.5339672321	0.5326639105	0.5265236107
	0.5121486463	0.4552440906	0.2335731251	0.04889689235	0.1088103154
	0.4013129311	0.4852596371	0.5058869023	0.417364442	0.07922085186
	0.1216974299	0.6769202219	0.722330482	0.6067170913	0.5322802754
	0.512313962	0.5199991261	0.5270661109	0.5246216955	0.5147278499
	0.498707433	0.4827976644	0.4764959077	0.4839409539	0.5014651359
	0.5229863615	0.5426267295	0.5558523957	0.5600457016	0.5546123118
	0.5405951107	0.5186520173	0.4842169058	0.3754441107	0.1000020026
	0.05507342294	0.3051080306	0.4620115814	0.5086103685	0.4510524547
	0.1247633075	0.07512702218	0.5121351557	0.7147415282	0.6946734999
	0.6346325194	0.5741657913	0.5230171882	0.4753631535	0.4421424452
	0.448410218	0.4725827996	0.4768385323	0.4734400075	0.4872577766
	0.5158766905	0.5472358456	0.5717125869	0.5845244347	0.5845311564
	0.5728523751	0.5522269576	0.5260317581	0.4959655982	0.4480509603
	0.2568100644	0.04426577511	0.1228174471	0.374224375	0.5470659061
	0.5394331572	0.4187422042	0.1177258022	0.1457126512	0.5407533055
	0.70335379	0.7060820834	0.6662501589	0.5858341884	0.4462990429
	0.288144517	0.2325800032	0.3133392449	0.4186525935	0.473400449
	0.5057252516	0.5434321771	0.5787018502	0.6012732954	0.6083384686
	0.6014579312	0.5837818911	0.5593221909	0.5323978883	0.5059064296
	0.4779947725	0.3627378085	0.07140724639	0.08074176592	0.3126746764
	0.6268687375	0.641852863	0.6200642065	0.4859706026	0.1428264894
	0.1477599966	0.4988976365	0.6499651781	0.7314941243	0.7200545585
	0.653015259	0.4632754662	0.2348183548	0.1382433737	0.1824287944
	0.3720028592	0.5087517915	0.5752484615	0.6107243176	0.6247929084
	0.6220303251	0.6074678737	0.5856919883	0.5608068179	0.5363905392
	0.5143194524	0.4918657597	0.4211165269	0.1198136591	0.04933029017
	0.2137890176	0.705507338	0.7428705046	0.748640264	0.7320633542
	0.5863954533	0.1661548573	0.08501679319	0.1847640237	0.5342967595
	0.6498574615	0.7068418285	0.7061966237	0.5926530581	0.3358170803
	0.1874291387	0.2268418472	0.4675071991	0.59551784	0.633443619
	0.6352330626	0.621159628	0.6002794544	0.5774926119	0.5556528761
	0.5364409336	0.5201425738	0.5047726461	0.4819701346	0.3300190443
	0.05357342058	0.04369349967	0.7176986035	0.7738256383	0.7996544684
	0.8239859015	0.829433291	0.6917036871	0.2332080201	0.1090236818
	0.08104715715	0.1183455488	0.1355371161	0.1541071251	0.208377152
	0.5157891701	0.6108255861	0.4440956884	0.5205041273	0.6198299352
	0.6399982724	0.6255566412	0.6020703833	0.578941252	0.5593082174
	0.5438155662	0.5320509102	0.5226464641	0.5130458851	0.5011158044
	0.3985936804	0.07536962376	0.01221482715	0.6413111694	0.7077458849
	0.7498084364	0.7737360293	0.761019097	0.7993021322	0.8063423475
	0.7022696286	0.2446557795	0.152169862	0.148783183	0.1239791285
	0.1052116448	0.2898435959	0.7375124403	0.7388459312	0.6687208034
	0.6498445406	0.6222807795	0.5906364612	0.5643583626	0.5455688359
	0.5334954425	0.5267008555	0.5236317925	0.5220860634	0.5186796885
	0.5115920916	0.4154825572	0.07627778386	0.007045819411	0.5226035316
	0.5702445415	0.6254022578	0.611572517	0.4275490626	0.3228490317
	0.6553800527	0.837137531	0.8252963245	0.8000321578	0.7933031776
	0.7346768348	0.5061207565	0.6488404752	0.8004919862	0.801001464
	0.7014015292	0.6177130771	0.5639801677	0.531974362	0.514689347
	0.5067812448	0.5049005978	0.5071203327	0.5121624967	0.5181998422
	0.5216266931	0.5195204337	0.4246943492	0.07715995172	0.006205010904
	0.4573065403	0.4598684456	0.5126719644	0.5444956867	0.3396003622
	0.1292227869	0.1625063259	0.4139604096	0.64501259	0.7607981118
	0.7953224148	0.7684572744	0.7093593545	0.7419436919	0.7516469817
	0.6862854875	0.5946990941	0.5226607219	0.4844174975	0.470061558
	0.4682052832	0.4723484636	0.4795498087	0.4887401113	0.499575935
	0.5113446812	0.5212587791	0.5254857068	0.432513313	0.07802130849
	0.005671659992	0.4607662352	0.4390476707	0.4623345868	0.5320734468
	0.5396768551	0.3220804253	0.1255110728	0.07922519782	0.1310657618
	0.2091931036	0.302694218	0.2924447949	0.2740048558	0.3562200159
	0.4789792345	0.5082179549	0.4775760521	0.4437903101	0.4291155317
	0.4302558918	0.4389664165	0.4503265588	0.4624610847	0.4750950214
	0.4885403374	0.503095683	0.5176965205	0.5292249421	0.4403139927
	0.0789202498	0.005105176645	0.4891499897	0.4695540254	0.4672037333
	0.4973960454	0.5531377926	0.565832522	0.4768183814	0.1722018554
	0.07872114875	0.03995943478	0.05571693683	0.06962556448	0.1077644725
	0.2103653074	0.380210238	0.4383051553	0.4297630866	0.4144250049
	0.4118550319	0.4196013338	0.431622646	0.4444213502	0.4568934132
	0.4691659363	0.4818153387	0.4956429349	0.5115142322	0.5304889725
	0.4492947339	0.08004336852	0.004473787371	0.5108525452	0.5029273451
	0.4967172383	0.5017254498	0.5216038889	0.5520594888	0.5774897691
	0.5191328815	0.3815504173	0.1435857187	0.0705043318	0.03846302242
	0.03753564669	0.09255538194	0.3327916071	0.4200306242	0.4132434048
	0.4094324557	0.4173508234	0.4301609486	0.4431281565	0.4545346653
	0.4643092139	0.4730640754	0.481661784	0.4911979392	0.5039072789
	0.5286258246	0.4614119195	0.08170505785	0.003626162046	0.5173556179
	0.5172825622	0.5141163393	0.5122006766	0.514236101	0.5229133584
	0.5407290373	0.5595288465	0.5526333369	0.4649306844	0.3428785258
	0.2005806123	0.1268220062	0.111027	0.1986844708	0.33927899
	0.3782148223	0.4005282489	0.426033532	0.4481541383	0.4644291591
	0.4753444895	0.4821801787	0.4863398322	0.489268053	0.4925584386
	0.4988277894	0.5176377242	0.4693091553	0.08390388105	0.001769661069
	0.5157872134	0.5168844837	0.5157756638	0.5136195237	0.5127242354
	0.5150558937	0.5233095301	0.5390457281	0.554769547	0.5508538038
	0.5296483411	0.4915275456	0.4280760113	0.3634926848	0.3115555332
	0.3030445939	0.3636797664	0.4054752129	0.4394391911	0.464426442
	0.4810283717	0.4910379693	0.4962603545	0.4982816449	0.4985966561
	0.4987575484	0.5004733556	0.5047969001	0.4565025882	0.08524182672
	-0.008624716285	