961	
	0.01062303841	0.0140154056	0.02194950075	0.02769954384	0.02868741489
	0.02600699529	0.02021855351	0.01274966832	0.007786175839	0.007814621092
	0.01658283224	0.08288479974	0.372290914	0.5482346588	0.4865816292
	0.495860382	0.5461988645	0.5696718973	0.5735012565	0.5749171448
	0.582615096	0.6020364889	0.6260651218	0.6410473001	0.6502196261
	0.6585733653	0.6648871721	0.66854006	0.6697079514	0.6679325321
	0.6633551208	0.01062502182	0.01188663108	0.01444816462	0.01615349859
	0.01591752396	0.01443924186	0.01211083684	0.009269017848	0.007154500271
	0.007487120124	0.01343750633	0.04808165324	0.2726349035	0.5099646032
	0.3921065495	0.3393023978	0.379932052	0.4087486654	0.4120940335
	0.4143918522	0.4328440884	0.482465903	0.542273919	0.5791807612
	0.6046688255	0.6273381567	0.6428102777	0.6519891928	0.6564597394
	0.6575038733	0.6550606412	0.02546948149	0.02376567805	0.02218758019
	0.01966941665	0.01679850276	0.01441761283	0.01255872803	0.01103939511
	0.01005020311	0.01031804515	0.01356112219	0.0263841217	0.08883406994
	0.3343714384	0.2936069226	0.1547285742	0.1203503764	0.1156961482
	0.1138439448	0.1093674899	0.1124845613	0.1503246953	0.2349473213
	0.30672655	0.3839855962	0.477181066	0.5393159665	0.5758382373
	0.5963756985	0.6079602387	0.6125816639	0.1123615938	0.09903164507
	0.08310702447	0.06491695754	0.0496032406	0.04028044894	0.03534827601
	0.03264860941	0.03082520742	0.02947682585	0.02943588917	0.03225857842
	0.04515220338	0.1078626333	0.2572279012	0.1582542071	0.1026053326
	0.09564966992	0.09748237102	0.07894274102	0.05607488187	0.05353444609
	0.06359723999	0.07650085706	0.1051428921	0.2105889231	0.3383064752
	0.4327392232	0.4891464116	0.522058767	0.5370484484	0.2375430264
	0.2200188629	0.1942990264	0.1683780217	0.1460263775	0.1321552191
	0.1260264251	0.1241287556	0.1234525606	0.1217542468	0.116480688
	0.100788265	0.0721308299	0.06948088819	0.1093791015	0.223716296
	0.2256194119	0.2472200628	0.3015123267	0.2590841211	0.1262826484
	0.08516962797	0.07042133412	0.0555100317	0.04894498124	0.06722665994
	0.1360254416	0.2512217675	0.3531178962	0.4167660753	0.4438772167
	0.3360726417	0.3172278225	0.2937335934	0.2746715278	0.2597463454
	0.2516094222	0.2502580693	0.2528895124	0.2563363066	0.257613225
	0.2525139666	0.233133459	0.1901569118	0.1407544843	0.08896997037
	0.1066168622	0.2188025167	0.2999614274	0.3550566564	0.3610332018
	0.3007004268	0.2654193029	0.2478813328	0.1668379773	0.08785543982
	0.05732276804	0.05802021697	0.1067660142	0.2097574627	0.3034953502
	0.3431784787	0.4122396976	0.3948971516	0.3767656954	0.3654751476
	0.3579080676	0.3542886292	0.35476649	0.358025059	0.3619632869
	0.3641259542	0.3611046907	0.3475168961	0.3166030308	0.2638181109
	0.1734037615	0.08655273357	0.07207091811	0.07991766586	0.09356935199
	0.110400406	0.1178676415	0.1401799223	0.2379006335	0.3372393509
	0.2938592965	0.1517314834	0.06131148401	0.05075532329	0.09674750561
	0.1882713862	0.2373260373	0.4785601348	0.4646533259	0.4518787214
	0.4457744824	0.442552882	0.4412995587	0.4419860736	0.4442144507
	0.446962628	0.4486587785	0.4470168665	0.4385941024	0.418308561
	0.3781552882	0.3022498817	0.1811791375	0.07446904978	0.04152870041
	0.03265073131	0.03100683769	0.03342813925	0.0422416831	0.07628714477
	0.1852172171	0.3823298724	0.3597387029	0.1325343205	0.04489378419
	0.04294668083	0.09114789199	0.1353510022	0.5391244359	0.5296500005
	0.5216248383	0.5185115968	0.5172841659	0.5170469684	0.5177130797
	0.5192151717	0.5211039166	0.5224619594	0.5218830997	0.5173091262
	0.5055384961	0.4808640862	0.4321040329	0.3424576947	0.202823763
	0.08336108155	0.0431259867	0.02677341111	0.02192331712	0.02320529575
	0.03325342721	0.0692671868	0.2043605112	0.4304733028	0.2942911619
	0.06651734899	0.02899928385	0.03578591717	0.05930318039	0.5912595634
	0.5863245345	0.5822471846	0.5808773791	0.5805066636	0.5806937869
	0.5814096712	0.5826501216	0.584169381	0.5854121137	0.5855608196
	0.5835295237	0.5777189649	0.5653185623	0.5409782283	0.4952677707
	0.4139680555	0.2887078451	0.1639559907	0.07211152403	0.04188509748
	0.03242403812	0.03277611432	0.04584432618	0.09928196701	0.3098966758
	0.4268426801	0.1322111026	0.03175504719	0.02028726647	0.02592750235
	0.6293463039	0.6282412978	0.627177037	0.6269519843	0.6271206268
	0.6276405803	0.628525182	0.6297265872	0.6310168685	0.6319902209
	0.6321612367	0.6310361608	0.6280299547	0.6221683768	0.6115937496
	0.592873682	0.5600350292	0.5044771372	0.4171037886	0.2853923827
	0.1703649958	0.1087385129	0.07905864121	0.0705405107	0.09585948001
	0.2303675144	0.4794997699	0.2927291896	0.05055779463	0.01737891849
	0.01441337505	0.6478922942	0.6493607139	0.650425502	0.6512276984
	0.6522148003	0.6534881614	0.6549746502	0.6564842757	0.6576906287
	0.6581986627	0.6576841867	0.6559923711	0.6531070994	0.6489903346
	0.6433436795	0.6352745646	0.622745705	0.6022864201	0.5695390796
	0.516778405	0.4441826799	0.3645690307	0.2769394574	0.2018770314
	0.1847192183	0.3020574508	0.5405365752	0.4502650075	0.09090957716
	0.02119115714	0.01361426979	0.6426450801	0.6450887641	0.6475389377
	0.6497224703	0.6524768252	0.6557163212	0.6590302433	0.6618921885
	0.6637271835	0.6640497093	0.6626327819	0.6595837037	0.6552803068
	0.6502140117	0.6447983892	0.6391368658	0.6326974576	0.6241571207
	0.6122835956	0.5972095988	0.5796475102	0.5568655146	0.5145741236
	0.4509290384	0.4173180455	0.5092417399	0.6560378819	0.580515992
	0.172733533	0.03115513562	0.01693483207	0.6104282515	0.6117642457
	0.6147366544	0.6191302602	0.6255375555	0.6332254914	0.6409599178
	0.6474560703	0.6516262254	0.652826301	0.6510006533	0.6466293327
	0.6405330019	0.6336446647	0.6268037372	0.6205601962	0.6149773243
	0.6095984357	0.604049289	0.5991841024	0.5965997503	0.5958202234
	0.5919547471	0.5850874508	0.599168568	0.6724238097	0.7419487687
	0.6560831007	0.2630217788	0.04383310561	0.02116282129	0.5496526748
	0.5471376508	0.5491325376	0.5569093691	0.5700162258	0.5863329783
	0.6028879706	0.6168116303	0.6260792166	0.6299216275	0.6287434776
	0.6237081536	0.6162836335	0.6079090567	0.5997833098	0.59271471
	0.5870118425	0.5825212139	0.5790503094	0.577156002	0.5783931633
	0.58472516	0.5982721305	0.6238704807	0.6713759809	0.7393890698
	0.7736185823	0.6688751376	0.289691447	0.04974402497	0.02307898711
	0.4624435498	0.453297354	0.4520998187	0.4643802182	0.4880197645
	0.5185321478	0.5497792979	0.5759551364	0.5935400137	0.6019021202
	0.6024816504	0.5976021414	0.5896362614	0.5806086922	0.5720586529
	0.5649946946	0.5598815791	0.5567252487	0.5554114288	0.5563687081
	0.5612651983	0.5734582613	0.5980957665	0.6409574031	0.7025266937
	0.7631328159	0.7724203938	0.6310135837	0.2505626076	0.04547261446
	0.02156117751	0.3577997125	0.3410132945	0.3349980595	0.3519819859
	0.3888106988	0.4384491877	0.4900252113	0.5328481904	0.5612174111
	0.5752002973	0.5780956019	0.5738996904	0.5660628032	0.5571804956
	0.5490692547	0.5429064889	0.5393330578	0.5385664542	0.5406643574
	0.5460877014	0.5565382001	0.5757133596	0.6090693693	0.6605104425
	0.7234045761	0.7699834862	0.747512441	0.5423800172	0.1720390223
	0.03498474391	0.01779916766	0.2525117396	0.2307378145	0.2211307658
	0.2412658509	0.2896193805	0.3592566225	0.4339881655	0.4955914805
	0.535239223	0.554508227	0.5594292823	0.5560086306	0.5487396843
	0.5406329264	0.5336531861	0.5290992667	0.5278153674	0.530292066
	0.5368105526	0.5478513793	0.564887087	0.5911342398	0.6308310989
	0.684586999	0.7398654058	0.7636702059	0.6914322506	0.4057994169
	0.09858013508	0.02418652009	0.01376578292	0.1642326306	0.1428001278
	0.1335064638	0.1543916768	0.2087343286	0.2945065443	0.3911778769
	0.4702306422	0.5190091954	0.5417057635	0.5476919582	0.5449102985
	0.5385877726	0.5318674954	0.5266883126	0.524394475	0.526013732
	0.5323009882	0.5437241208	0.5606671609	0.5840762942	0.6161023236
	0.6589253776	0.7091708131	0.7487906089	0.7370961607	0.5869693802
	0.2499082223	0.05556416606	0.01701161935	0.01097673038	0.1012771713
	0.0845247582	0.07872976722	0.0990738621	0.1551251588	0.2528517608
	0.3677718938	0.4593778281	0.5126048797	0.53583801	0.5417645571
	0.5396234889	0.5348039486	0.5302284812	0.5276280706	0.5282969781
	0.5333723742	0.5437961404	0.5601470091	0.5826131826	0.6113746828
	0.6469975956	0.6888760438	0.7291398295	0.7433209137	0.6759107917
	0.4297745188	0.1298176964	0.03298627441	0.0134194016	0.009948698623
	0.06107031389	0.05044482663	0.04890288648	0.06920201641	0.1273812646
	0.2367798336	0.3654808594	0.4617097087	0.5131702978	0.533965758
	0.539127283	0.5380513765	0.5355779728	0.5340667208	0.5348960908
	0.539225973	0.5482081496	0.5628644396	0.5838108367	0.6110081512
	0.6437130651	0.6803211287	0.7164267785	0.7387613241	0.7129547313
	0.5626433445	0.2583176176	0.0688182141	0.02263350024	0.01278992833
	0.01120369592	0.03674830232	0.03159587921	0.03381972618	0.05581753086
	0.1207951064	0.2452293973	0.3814176755	0.4723431778	0.5161017521
	0.5324801506	0.5369826172	0.537860056	0.5387599341	0.5412370668
	0.5462469031	0.5547758043	0.5679248647	0.5867083338	0.6117140127
	0.6426542718	0.6777329583	0.7125557455	0.7376558612	0.731826792
	0.6445162597	0.4018104753	0.1371276492	0.04213709446	0.01970013667
	0.01587087995	0.01673357031	0.02267989635	0.02141327026	0.0268933658
	0.05334439554	0.1328050519	0.2750685547	0.4083414227	0.4844088544
	0.5167820158	0.528425342	0.5331777127	0.53712343	0.5423465514
	0.549517672	0.5591779784	0.5721502878	0.589474435	0.6121235412
	0.6405940112	0.6742412168	0.7100180338	0.7403100927	0.7494544057
	0.7037777139	0.5352280455	0.249014001	0.08076330698	0.03323327206
	0.02287598151	0.02568888517	0.03245633034	0.01527122466	0.01629604863
	0.02505248084	0.06024033891	0.1634978866	0.3195169128	0.4363079921
	0.4916068764	0.5122012651	0.5203470453	0.5266425896	0.5345913621
	0.544725768	0.5569223891	0.5713593014	0.5887083968	0.6099558742
	0.6360379196	0.6673000002	0.7025529272	0.7373018991	0.7608641129
	0.751165163	0.6597445832	0.4199839019	0.1645773266	0.06337730614
	0.03708232589	0.03581522927	0.05047774441	0.06962557833	0.01187999638
	0.01436430262	0.0274468975	0.07843766296	0.2120594686	0.3671908115
	0.4564239456	0.4905431646	0.501775575	0.5084295182	0.5173113508
	0.5296173806	0.5447016049	0.5618623006	0.5809529735	0.6024346092
	0.6271718128	0.6560272	0.6891496793	0.7247269386	0.7569754864
	0.7731984682	0.7472255923	0.6227473302	0.3607804185	0.1499735598
	0.07580574849	0.06080588378	0.07362046351	0.1115658014	0.1474824349
	0.01081542464	0.01468186055	0.03466336999	0.1122769683	0.2718867482
	0.4060145105	0.4644380187	0.4816109758	0.487179226	0.4940623071
	0.5057507147	0.5219406069	0.5414105811	0.5631606426	0.5867230529
	0.6121769445	0.6400357533	0.6709085133	0.7047086967	0.7392328944
	0.7682124966	0.7788874819	0.7462938835	0.6221859078	0.3907942058
	0.2063622028	0.1388755941	0.136778212	0.1750516091	0.2385080534
	0.2820075764	0.01136933523	0.0171554294	0.04881174321	0.1631628592
	0.3297527325	0.4293130292	0.461804647	0.4683688341	0.4715425743
	0.4792389879	0.492842243	0.5115789978	0.534302852	0.5600160755
	0.5879443478	0.6175704296	0.6486880862	0.6812758543	0.7148792929
	0.7473352219	0.7731178108	0.7816831515	0.7545636855	0.662762763
	0.5018290141	0.359914053	0.3029044248	0.3132043095	0.3587522022
	0.4124934455	0.4413889023	0.01329139795	0.02225628381	0.0745452671
	0.2240407115	0.3734196553	0.4387395614	0.4546191143	0.456265861
	0.4586159893	0.4662347915	0.4798418066	0.4990948848	0.5234403328
	0.5521735994	0.5843305848	0.6187133888	0.6540850061	0.6893310995
	0.7232707531	0.7539136919	0.777339954	0.7866822484	0.7714466125
	0.7194636545	0.6336875438	0.5540574529	0.5157078402	0.5128373172
	0.5270178253	0.5474471573	0.5587806969	0.01611813383	0.02947501553
	0.1148274712	0.2824304311	0.4015746493	0.4434644979	0.4516328703
	0.451366962	0.4523757367	0.4579328371	0.4691900971	0.4867037993
	0.5107367143	0.5410854833	0.5768392431	0.6163139616	0.6572576735
	0.6972272584	0.7338794706	0.7649311268	0.7877475082	0.7987809798
	0.7933558057	0.7673095196	0.7235647428	0.677515859	0.642842768
	0.6197706629	0.6067474238	0.6067026832	0.6111105642	0.01911991324
	0.03632393728	0.1555443632	0.3285612587	0.4246353722	0.4559771526
	0.4614637386	0.4596169836	0.4580224223	0.4600252334	0.4674937864
	0.4817371413	0.5036350211	0.5334334851	0.5704560476	0.6129274013
	0.6580680751	0.7024998591	0.7428173537	0.7760591385	0.7998532172
	0.812196998	0.8111457024	0.7952120912	0.765487172	0.7275078282
	0.6879726311	0.6516813488	0.6250990063	0.6161396166	0.6193090932
	0.02218195337	0.03824340259	0.1752471369	0.3575211779	0.4445117462
	0.4724385251	0.4768382385	0.4740583596	0.4710709537	0.4712568445
	0.47666503	0.4887713012	0.5085778323	0.5364308307	0.5717596856
	0.6129030758	0.6571665411	0.7011703846	0.7413947963	0.7747053332
	0.79863641	0.8113377509	0.8113526386	0.7977728447	0.771334525
	0.7354683408	0.6952022862	0.6562228417	0.6264998881	0.6141367297
	0.6156129678	