961	
	0.09702983436	0.09003583003	0.09815341587	0.1128671089	0.128806205
	0.1462132759	0.1663431397	0.1903648101	0.2193370645	0.2539374237
	0.2939002958	0.3373699383	0.3804775584	0.4175708889	0.4424321967
	0.4502139536	0.4391162802	0.410939144	0.370432449	0.3239035173
	0.2775678342	0.236059996	0.2015938134	0.1741283396	0.1523300502
	0.1345613862	0.1188858647	0.1027013371	0.0881964873	0.09244576966
	0.1091769094	0.08983701268	0.0801666594	0.08893189479	0.1081590726
	0.1280901335	0.1484421093	0.1710186289	0.1973316883	0.2285589941
	0.2653369391	0.3071836604	0.3519420284	0.3956831754	0.4332764933
	0.4594833742	0.470198185	0.4634255378	0.4397779495	0.4025017003
	0.3569683325	0.3094329104	0.2652428293	0.2273815697	0.1962186261
	0.1703956291	0.1479342762	0.1264826624	0.1031619522	0.08055268349
	0.07589201143	0.09287580795	0.09494589066	0.0854682645	0.09918139437
	0.1288613923	0.1590762487	0.1874243741	0.2156182216	0.2451517423
	0.2770959318	0.3120967473	0.3498801131	0.3887171172	0.4254295985
	0.4561197757	0.4772104141	0.4862290325	0.4821587163	0.4655520095
	0.4385647396	0.4047396431	0.3682174381	0.3324584639	0.2991985554
	0.2683508198	0.2387627948	0.2090003235	0.1770563714	0.1391736674
	0.0977149435	0.07763257532	0.08729953614	0.1020366005	0.09550013179
	0.1185678378	0.1615061145	0.2050591945	0.245105288	0.2821602192
	0.316527861	0.348729838	0.3797636479	0.4104405931	0.4405471755
	0.4685054963	0.4917939626	0.5078308906	0.5147676947	0.5118975936
	0.4997611056	0.4800824722	0.4554560326	0.4286096283	0.401377823
	0.3739653821	0.3450577337	0.3127707321	0.2758060236	0.2333503172
	0.1823247424	0.1235009894	0.0878717517	0.0938875121	0.1060356811
	0.1016752278	0.1343781821	0.1905510614	0.24736239	0.2982624525
	0.3417405324	0.377169083	0.4054696169	0.428794865	0.4493340342
	0.4683295664	0.4856914962	0.500231931	0.5103256563	0.5146457366
	0.5126662442	0.5048265306	0.4924002351	0.4771160316	0.4605420002
	0.4433253521	0.4245703964	0.4017368046	0.3713653922	0.3306991426
	0.2789668906	0.2149085321	0.1405425755	0.09184109251	0.09570481745
	0.1076582284	0.1046523975	0.1465892062	0.2151299876	0.2827081575
	0.3398213111	0.38334237	0.4135189554	0.4335623228	0.4476785625
	0.4592579532	0.470146161	0.4806632838	0.4899881865	0.496743799
	0.4996590361	0.4981284348	0.4924954494	0.4839693544	0.4741980096
	0.4646076912	0.4556489738	0.4460864362	0.4325422498	0.4097376488
	0.3721295363	0.3166005593	0.2419293555	0.1523089658	0.09086788831
	0.09299874385	0.1084206891	0.1064139732	0.1573526443	0.2367918966
	0.3112885853	0.368936146	0.4071168548	0.4289727291	0.4408420443
	0.4487517295	0.4564769111	0.4653966343	0.4751386836	0.4843365622
	0.4912961135	0.4945513397	0.4933027639	0.4877089371	0.478961417
	0.4690446001	0.4601242921	0.453613541	0.4490680621	0.4431807871
	0.4294283633	0.3993744126	0.3460735469	0.2657224671	0.1629568595
	0.08859746664	0.08889556748	0.1095363503	0.1085228344	0.1680960811
	0.2563428329	0.3338705499	0.3878744835	0.4185340561	0.4330639648
	0.4406540613	0.4481549851	0.4586125356	0.4719374936	0.4862610247
	0.4991487986	0.5084111422	0.5125129395	0.5107219746	0.5031890698
	0.4910628884	0.4765472247	0.462637783	0.4522487028	0.4466764991
	0.4437954313	0.4368504467	0.4151629678	0.3676823027	0.2863068757
	0.173826799	0.08716593047	0.08521172422	0.111738984	0.1120223335
	0.1796354129	0.27429921	0.3517188221	0.4000522642	0.4237590786
	0.4342983707	0.4428897989	0.4560849771	0.4751847654	0.4978888494
	0.520433565	0.5392526182	0.5518158451	0.5567363539	0.5535320781
	0.542472533	0.5247068668	0.5025595666	0.4796533759	0.4603511049
	0.4480893054	0.4428140981	0.4386507148	0.4236333075	0.3829981878
	0.3037276017	0.1851909538	0.08788451549	0.08330158427	0.11514977
	0.117264765	0.1922397129	0.2910529875	0.366142502	0.4083263212
	0.4269985253	0.4373995173	0.4517741625	0.4753171412	0.5067170783
	0.5409836904	0.5725210456	0.5971500496	0.6126421221	0.6181912627
	0.6136361491	0.5991209891	0.5754142418	0.5446236755	0.510772617
	0.479558149	0.4566517289	0.4445485185	0.4391209127	0.4280941639
	0.3936925354	0.3181267979	0.1967774738	0.09131236709	0.08400122867
	0.1192856492	0.1238340651	0.2056070962	0.3067854911	0.3781707276
	0.4145309041	0.4302907227	0.4437258763	0.4670829839	0.5032186157
	0.5474757949	0.5920147306	0.6300126563	0.6577221225	0.6741681691
	0.6797360954	0.674749949	0.6588984666	0.6318148732	0.5944571985
	0.5505196233	0.5068025248	0.4713969732	0.4497394006	0.4400289396
	0.4304529786	0.400980082	0.3296090442	0.2079768955	0.09722575068
	0.08741517434	0.1232354508	0.130691214	0.2189474065	0.321425946
	0.3885132927	0.4197290656	0.4342691539	0.4526244338	0.4861368873
	0.5345313612	0.5893858924	0.6403918582	0.680619863	0.7077698687
	0.722667096	0.7273594734	0.7228873249	0.7083154947	0.6816869671
	0.6420077163	0.5914575579	0.537118842	0.4894650138	0.4572965636
	0.4416138646	0.4315966118	0.4056120276	0.3381865132	0.2179734289
	0.1047212296	0.09292742611	0.1259199503	0.1364794668	0.2311848359
	0.3347088639	0.3976427686	0.4245368759	0.4388457467	0.4625330405
	0.5054375841	0.563801975	0.6255998866	0.6789674723	0.7178842353
	0.7413697484	0.7519595184	0.7548392939	0.7523125689	0.7415556897
	0.7182125772	0.6799805947	0.6270015185	0.5654757974	0.5076055552
	0.4656086375	0.4435730661	0.4319825353	0.4081136424	0.3438372274
	0.2258799958	0.1124571186	0.0994075694	0.1263407778	0.1398591211
	0.2411940267	0.3462684936	0.4058644378	0.429309858	0.4436176263
	0.4716934515	0.5217768931	0.5869361159	0.6522642032	0.7052007591
	0.7404801582	0.756378016	0.7574762268	0.7564589339	0.7590604584
	0.7579892663	0.7406879764	0.7057594434	0.6532127152	0.5879342459
	0.5228799513	0.4730921557	0.4455372921	0.4319963003	0.4089996933
	0.3466210827	0.2309008462	0.1189680912	0.1055158473	0.1237713919
	0.1397811487	0.2479934987	0.3557109619	0.4133388011	0.434230402
	0.4481238845	0.4786172216	0.5328267046	0.6016086282	0.6681791522
	0.7196310221	0.7506093651	0.7570066058	0.7436107207	0.7374853153
	0.7446207041	0.7586666969	0.751065739	0.719977436	0.6687682079
	0.6020965568	0.5330401882	0.4784113442	0.4472007757	0.4320383903
	0.408847465	0.3467616395	0.2324789945	0.1229582298	0.1099954284
	0.1178898564	0.1356796255	0.2508846437	0.362664027	0.4200847437
	0.4393609555	0.4520275474	0.4823576531	0.5372661894	0.6068197305
	0.673458684	0.7240037438	0.7531285344	0.7555887602	0.7370348119
	0.7289695094	0.7371395601	0.7557815945	0.7533867479	0.7243018139
	0.673723554	0.6068498641	0.5366965064	0.4806569898	0.4483884391
	0.4325057198	0.408264668	0.3446593696	0.2303877231	0.1235071685
	0.1118790612	0.1088623684	0.1275945732	0.2495622668	0.3668391486
	0.4260016027	0.4446837381	0.4552179518	0.4826167665	0.5346782026
	0.6022737759	0.6682435926	0.719176284	0.7501641397	0.7577091519
	0.7436259355	0.7365248998	0.7427818763	0.7563854967	0.7502066737
	0.7194312107	0.668181313	0.6018269003	0.533322085	0.4795050686
	0.4491446554	0.4337766497	0.4078311548	0.3408629551	0.2247658945
	0.1201782181	0.1105953288	0.09736182899	0.1162158838	0.2442059505
	0.3681267194	0.4309325652	0.4501319886	0.457829415	0.4797484055
	0.5254814249	0.5881437372	0.6522033361	0.7042155776	0.7389422017
	0.7561757403	0.7572225626	0.7546346172	0.755746049	0.754842211
	0.7392155324	0.7042660209	0.6517697415	0.587147185	0.5232570765
	0.475319809	0.4497961312	0.4362011304	0.4080508861	0.3360326188
	0.2161180665	0.1130500673	0.1059974748	0.08447879725	0.1028002508
	0.2355130745	0.3666942548	0.4347555332	0.4556169735	0.4601950495
	0.4746984821	0.510986712	0.5653762731	0.6250799639	0.6772552285
	0.7152224808	0.7385525822	0.7493953659	0.752004918	0.7491804906
	0.7386820085	0.7154090115	0.6768897983	0.6242188152	0.5637173295
	0.5078289532	0.4691740561	0.4509206564	0.4400502084	0.4092996856
	0.3308949546	0.2052823124	0.1026859115	0.09833910889	0.07149525996
	0.0889127323	0.224601659	0.3629964445	0.4374191413	0.4610162528
	0.4627456643	0.4688744857	0.4934606352	0.5362901905	0.5880085995
	0.6373971065	0.6767521572	0.7034543346	0.7182359684	0.7228833654
	0.7182514987	0.7033741321	0.6763832009	0.6366397092	0.5866755755
	0.5338948758	0.4894781846	0.4627131924	0.4531590232	0.4453680404
	0.4117169686	0.3261453701	0.193334963	0.090027602	0.08820079886
	0.05956607406	0.0760223257	0.2127422531	0.3575908107	0.4387784725
	0.4660044186	0.465799034	0.46389623	0.4759919555	0.5049587583
	0.5448937612	0.5869834018	0.6237551633	0.6509197076	0.66708383
	0.6723472532	0.6669173319	0.6505632473	0.623146861	0.5859375693
	0.5430431067	0.5019336054	0.4715781935	0.4577435833	0.4568125227
	0.4516624926	0.4149700992	0.322242102	0.1814023733	0.07620726682
	0.07636512234	0.04944606947	0.06510527115	0.2009726764	0.3507425512
	0.4381567808	0.4696161126	0.4691287771	0.4611292798	0.4619693201
	0.476804085	0.5026860331	0.5333737452	0.5626891306	0.5860500545
	0.6007914399	0.6057467658	0.600612963	0.5856422771	0.5619040583
	0.5319513583	0.5003762423	0.4735231592	0.4576811566	0.4555010485
	0.461229818	0.4574055964	0.4178538562	0.3190892119	0.1704178749
	0.06234304212	0.06367639753	0.04140344442	0.05646378228	0.189738556
	0.3419933482	0.433876384	0.4697672755	0.471415286	0.4609749812
	0.4540979476	0.4571765463	0.4695775285	0.4873981404	0.506201587
	0.5222441822	0.5328567509	0.5364864886	0.5326014391	0.5216325313
	0.5050643877	0.4855973298	0.4671180051	0.4541264955	0.4502778661
	0.4558262554	0.4642349065	0.4595301644	0.4178433383	0.3157079407
	0.1609356046	0.04947960108	0.05098783735	0.03529412066	0.04984426078
	0.1787578683	0.3301216407	0.4234335367	0.4634783518	0.4701827741
	0.4622478177	0.4531207507	0.4492617196	0.4516930368	0.4585681239
	0.4672287016	0.4752466753	0.4807664791	0.4826122622	0.4803557412
	0.4743675823	0.4658385711	0.4567239651	0.4495137949	0.4466751101
	0.4495697163	0.4567942483	0.4622887077	0.4536507159	0.4111257615
	0.3101450563	0.1530628786	0.03874182342	0.03927164775	0.03058566461
	0.04467524962	0.1673456089	0.3140458069	0.4049601047	0.4483199765
	0.4626654216	0.462063935	0.4565821982	0.4517762029	0.4495994134
	0.4498727242	0.451569558	0.4535919546	0.4550790741	0.4554912032
	0.4546479984	0.4527586598	0.4504126266	0.4484905357	0.4479552337
	0.4494509536	0.4525916105	0.4550155006	0.4519364604	0.4361440974
	0.3943267251	0.3002949706	0.1465312532	0.03131085023	0.02966761471
	0.02641064499	0.04013954141	0.1550800504	0.2942537566	0.3789647909
	0.4236876579	0.4463519054	0.455635797	0.4577143741	0.4568287137
	0.4552585554	0.4538892386	0.4528963148	0.4522213231	0.4517918007
	0.4515799447	0.4516020614	0.4519037902	0.4525248978	0.4534183725
	0.4543046773	0.4544534669	0.4523778898	0.4455470905	0.4309876937
	0.4070482153	0.3680604942	0.2863069902	0.1412624004	0.02770701705
	0.0229776897	0.02222746289	0.03507979618	0.1415381601	0.2723768731
	0.3472051184	0.3891584613	0.4173295025	0.4351051503	0.4447713684
	0.4493294437	0.4511355168	0.4515774504	0.4513947877	0.4510078867
	0.4506924524	0.4506335075	0.4509179928	0.4515018079	0.4521554691
	0.452367719	0.4511893535	0.4470709066	0.4379006746	0.4215725499
	0.3974892913	0.3687195711	0.336197324	0.2710048998	0.1380929806
	0.02746824215	0.01918655846	0.01931314049	0.02975686516	0.1235256205
	0.2475031287	0.310400511	0.3436820423	0.37082868	0.3913907763
	0.4044165011	0.4119092034	0.4162261758	0.4188871557	0.4206489372
	0.42184511	0.4226280139	0.4230799871	0.4232369912	0.423064065
	0.4223947844	0.4208135642	0.4174482725	0.4107203441	0.3983642917
	0.3783708179	0.3512236473	0.322172364	0.2974592666	0.2535625139
	0.1380957498	0.03032213884	0.01844030171	0.01674496124	0.02797022204
	0.1084497575	0.2200562056	0.2732773668	0.2954891493	0.3132179273
	0.3273151406	0.3361478659	0.3411783541	0.3443581634	0.3468474995
	0.3490367866	0.3508953168	0.3522584358	0.3529856903	0.3530177498
	0.3523721384	0.3510989637	0.3491889554	0.3464057938	0.3420306108
	0.334603504	0.3219476483	0.3019466746	0.2753427935	0.250890436
	0.2317244479	0.1481365083	0.03531394656	0.01957708496	0.01632068121
	0.04170173793	0.1563460435	0.259442109	0.2646362678	0.269055421
	0.2699898609	0.2695222724	0.2683355544	0.2670514487	0.2662869604
	0.2662516274	0.2668025991	0.2676238343	0.2683895468	0.2688664484
	0.268956551	0.2687009576	0.2682615502	0.2678857506	0.2678509634
	0.2683749908	0.2694296174	0.2702520188	0.2682783474	0.2592914461
	0.2455332943	0.2360676687	0.1886822985	0.04289066776	0.01785395859
	0.02828706001	0.06021952632	0.2496008893	0.4300238641	0.3280894442
	0.2772121949	0.2600004024	0.248225515	0.2407143329	0.2361391883
	0.2334997757	0.2321766129	0.2317199426	0.2317512535	0.2319661487
	0.2321614459	0.2322490551	0.2322545002	0.2323079386	0.2326343667
	0.2335513998	0.2354875829	0.2390156451	0.2448062571	0.2532999054
	0.2646030667	0.2813836426	0.2989695993	0.2488078186	0.05269508231
	0.01412128574	