3252	
	0.9997373494	0.9975963921	0.9946458086	0.989032563	0.9996413054
	0.9996718451	0.9997373274	0.9997373027	0.9997008932	0.9997373043
	0.9790644519	0.9144668468	0.9997373408	0.9997373691	0.9997373556
	0.9997373948	0.9826822982	0.9991310037	0.9995738438	0.9988552996
	0.9910408098	0.9077474602	0.7580558047	0.9996303698	0.9996756916
	0.9997067667	0.9997372608	0.9997372833	0.9997366239	0.999720923
	0.99973732	0.9997372799	0.8244286527	0.7694178455	0.9997373736
	0.9997373867	0.9997373534	0.9997373762	0.9997373721	0.9997174287
	0.9997374351	0.9997374194	0.9997374472	0.9506408468	0.9995733523
	0.9942122325	0.7136465535	0.7103323897	0.9995489039	0.9996177331
	0.9996377821	0.9995729361	0.9996794913	0.9997372441	0.9997371992
	0.9997143949	0.9997373412	0.9997372966	0.9997372589	0.8297455923
	0.8776341966	0.8257824929	0.9997374003	0.9997373928	0.9997374419
	0.9997374144	0.9997372324	0.9996546944	0.9997375138	0.9997375191
	0.9997374718	0.9996939798	0.999737408	0.9825882001	0.9251686486
	0.9994884307	0.9967923843	0.7999384215	0.755580578	0.9075353493
	0.9995630439	0.9996164034	0.9996529554	0.9996577077	0.9996989032
	0.9996785407	0.9997372193	0.999725818	0.999737132	0.99973718
	0.9997372402	0.8907883059	0.9009379573	0.8812439986	0.907949415
	0.9997058846	0.9995313713	0.9997370642	0.9997371871	0.9997371934
	0.9997369081	0.9995919694	0.9997375922	0.9996795237	0.9997374336
	0.9997374331	0.9997372922	0.9952168247	0.9996090485	0.9997369753
	0.994156573	0.9774812729	0.99929834	0.905874662	0.9771431045
	0.9997057162	0.9996888671	0.9997208975	0.9997266918	0.9997370013
	0.9997371127	0.9997336393	0.9997369258	0.9997061024	0.9997369948
	0.8328843656	0.9358957901	0.9995336841	0.9996915648	0.9996486095
	0.9996059289	0.9995662061	0.9995293281	0.9963773552	0.9997373062
	0.9738876248	0.9997374493	0.9406552701	0.9997368873	0.9809242761
	0.9993632919	0.9994868778	0.9939184232	0.999479532	0.9817192766
	0.9997371516	0.9997370308	0.9997370036	0.9997215766	0.9996955877
	0.9997368887	0.9996593118	0.8877029862	0.6367379505	0.7907210808
	0.4428209076	0.09487032504	0.1606711537	0.2590851095	0.8466551413
	0.9644005935	0.9994551163	0.9995246433	0.9997365168	0.9996803005
	0.9994668404	0.9876647004	0.9964755638	0.9997304449	0.9232996238
	0.9997374659	0.7411118171	0.724289777	0.9994704322	0.9994699816
	0.9499265776	0.9855646685	0.9996936967	0.04140518643	0.05680876181
	0.03000288958	0.9920228835	0.9997372691	0.9974422239	0.9997372046
	0.9997371383	0.9997370593	0.9997366733	0.9997368138	0.9763126233
	0.9465690284	0.9866915716	0.4487006078	0.0841005819	0.01618291866
	0.9823768839	0.9984247807	0.9995018655	0.9997364721	0.9994045709
	0.984656136	0.995174033	0.9993425778	0.9534565462	0.8164556954
	0.9997105115	0.5055164315	0.172752642	0.9931879629	0.9995473497
	0.8549937984	0.2367016919	0.6869598363	0.9994323253	0.9997364485
	0.01973975548	0.02310294741	0.01688601531	0.01661790715	0.003359587046
	0.003839635197	0.9966551911	0.9994667087	0.9997372305	0.9997369022
	0.9997371771	0.9997370207	0.8958937785	0.9928236652	0.1506620449
	0.0406664239	0.01080275572	0.9955128631	0.9968176584	0.9982494422
	0.9990661676	0.9993473514	0.9796057776	0.9992809121	0.9266574248
	0.6289207616	0.994332058	0.9933548103	0.2744820731	0.0810024321
	0.9704378218	0.9918159962	0.6092887791	0.7823626953	0.02404433791
	0.02140060299	0.008753754234	0.4290817049	0.9957986055	0.9997364547
	0.9997368445	0.01416318954	0.01511490433	0.008986518497	0.003422761608
	0.0005924266955	0.001903435456	0.0009477477713	0.0009512344226	0.02905725247
	0.005173447203	0.9985491326	0.9996359825	0.9997372205	0.9997371312
	0.9987097164	0.9250410084	0.6012819109	0.1738402231	0.2830088328
	0.9901212391	0.9985960808	0.9982387979	0.9978536017	0.998544907
	0.9784328213	0.9775263815	0.8778416571	0.3880423265	0.9713574341
	0.9522508816	0.1415929024	0.276646989	0.04006498577	0.9482043387
	0.7022775706	0.4645839469	0.009448880118	0.0004963240714	0.001572272909
	0.002400418901	0.8873083539	0.08365708496	0.9997361608	0.7520577684
	0.9997369614	0.9997365002	0.9997371304	0.02071731334	0.01774693134
	0.01540607456	0.007871142867	0.003684015158	0.001466787147	0.0005404283447
	0.0004239142049	0.0006320745911	0.0004776266567	0.0005199290201	0.002024052162
	0.0008435603964	0.001239359104	0.01873214934	0.06630881424	0.004838719405
	0.9992712601	0.9997100757	0.9997372169	0.5121693528	0.9979147852
	0.917206472	0.9772059616	0.8008464937	0.9954481943	0.9983828171
	0.2795135167	0.8568736043	0.8874717307	0.8257627238	0.01264045333
	0.1789061805	0.09653884268	0.03400361008	0.7330949104	0.3532184764
	0.000302493006	0.003502734854	0.0003025012457	0.0003024889442	0.0005062831061
	0.4916303868	0.000302476184	0.01192482666	0.9640566809	0.9997361892
	0.4759580774	0.422291895	0.9997361955	0.999737133	0.9997366533
	0.9997372756	0.005001750011	0.02818843803	0.01025333918	0.0004940178022
	0.002076503067	0.0004254537901	0.0006114588545	0.0004669290307	0.0005019002296
	0.0007578817939	0.001068190641	0.002079423593	0.001495615045	0.01291734674
	0.04025041293	0.004932223527	0.9995074483	0.999737259	0.8579283928
	0.9385681933	0.9954915475	0.981490131	0.998655057	0.7212006087
	0.205133002	0.1331897946	0.6575517496	0.01215875585	0.08960410289
	0.04810184942	0.2235485526	0.9997373351	0.0003024693987	0.0003024544184
	0.004229288839	0.0005560396649	0.0003024570874	0.1811329016	0.3230714878
	0.3736429041	0.07857454763	0.0003024482056	0.0003024251093	0.7982538472
	0.9631894152	0.1361479822	0.0003023936852	0.9997364022	0.9995188039
	0.9997371816	0.9997369303	0.9997280819	0.0003235508382	0.0003287239914
	0.0003252273471	0.0003266271236	0.0003275656672	0.1963572001	0.03210197843
	0.823778616	0.01377115858	0.005847978465	0.000409738298	0.0005968758354
	0.0006039309786	0.0005628642079	0.04014259243	0.0008077593237	0.001141154687
	0.001711393928	0.002763922077	0.0007543054041	0.01170126019	0.005308860431
	0.9995009856	0.9996583313	0.9583462001	0.9837362342	0.9958073975
	0.998362706	0.6493334369	0.1489160056	0.02123941308	0.02309827846
	0.01654460875	0.9997209465	0.0003024415433	0.9997364202	0.000302459263
	0.0003024346526	0.0003024294119	0.9997353504	0.0004791395301	0.0003023237041
	0.04893392609	0.1076428468	0.0003024141813	0.01441248863	0.003746196221
	0.0003024432581	0.0003023986225	0.000302406491	0.1487346846	0.76164733
	0.01269515416	0.0003023649927	0.917371265	0.9997358816	0.999736505
	0.9994516444	0.9997371016	0.9997372367	0.9997339898	0.0003237717828
	0.0003190867425	0.0003277283763	0.0003104932134	0.0003244460675	0.0003252896886
	0.0003189892246	0.0003190356157	0.0003250909359	0.0003211445216	0.0003205046154
	0.8202732902	0.5883282769	0.7811994278	0.1442819673	0.008473139666
	0.04962140127	0.009772427831	0.1710761292	0.0007754537394	0.002490248199
	0.001267253885	0.001112716442	0.00090226005	0.03012691948	0.001205169163
	0.001736926602	0.002898268435	0.00136208374	0.005258183997	0.01072113792
	0.9992585768	0.9989345372	0.9421596875	0.9924911203	0.9963667942
	0.4255867223	0.8178058542	0.09206630214	0.0009652554139	0.0003023333237
	0.000302366003	0.0003024210877	0.9997357721	0.0003021598733	0.0003022809019
	0.01288698507	0.02911446579	0.0003023713119	0.003460600071	0.0003024034612
	0.0003024284587	0.0003023792388	0.0003023605724	0.0003024024045	0.003430713018
	0.0970771145	0.00302312383	0.0003023964418	0.9994300189	0.08751653371
	0.2644761118	0.0003023366713	0.893831564	0.9997340077	0.999736507
	0.9976764503	0.9982112071	0.9997310152	0.9995100291	0.9993075791
	0.0003150445125	0.0003272253075	0.0003118864103	0.0003132814756	0.0003213245699
	0.0003259502529	0.0004982531656	0.0003289391693	0.01660772654	0.03166444879
	0.01463950466	0.003010083776	0.001570484329	0.004534307722	0.004988976586
	0.007989277107	0.002372444783	0.002030911003	0.0265046088	0.002415240325
	0.003189032563	0.002624624575	0.006107152204	0.01103477002	0.9893952275
	0.9965069764	0.9697649909	0.2349014799	0.6629907259	0.05885198073
	0.0003023627442	0.000302326093	0.0003022373942	0.9994955423	0.0004774376811
	0.006964874426	0.0003023005619	0.0003020261655	0.0003023664545	0.0003023572928
	0.0003023449853	0.0003019928844	0.0003023888769	0.0003023740271	0.000302373734
	0.0006986031866	0.000301812796	0.000302420964	0.0009510880035	0.0003023973506
	0.0003023865425	0.9972827323	0.01550838471	0.2025830006	0.8447847199
	0.0003023487761	0.0003023347803	0.9931006779	0.9997322725	0.9990768081
	0.9896573418	0.9909518411	0.9929622828	0.9997106503	0.9984968087
	0.9996213269	0.0003534725485	0.0003429378941	0.0003324264157	0.0003320154542
	0.0003610231059	0.0003461090648	0.0003522566163	0.0003452320937	0.004710679522
	0.004111135299	0.001708725612	0.001134854702	0.003462582688	0.003843082018
	0.004101151357	0.01514225802	0.004917911881	0.003735128061	0.02194470776
	0.004331518912	0.003978678467	0.008818264821	0.1091609876	0.9628183174
	0.7686274057	0.3295171922	0.04158590588	0.0003023235394	0.000302356205
	0.0003022770145	0.0003022537586	0.0003023686625	0.000302071713	0.9930458905
	0.005272856582	0.0003023801896	0.0003023926431	0.0003023095941	0.0003020506487
	0.0003024208049	0.0004919900744	0.0003024137247	0.000302389509	0.0003024120871
	0.0003023929771	0.9927290265	0.9913472592	0.03888246709	0.2492644682
	0.9647787378	0.8205575611	0.0003023341413	0.000302363418	0.9921578159
	0.9997158258	0.9997143481	0.9450774785	0.9653239771	0.9767749939
	0.9986816226	0.9994754643	0.9913113667	0.9975761577	0.0003585239329
	0.0003465254399	0.0003607741488	0.0003692686539	0.0003679304042	0.0003532332312
	0.0003705906252	0.0003731984138	0.003913985626	0.0005007570977	0.0005297978622
	0.0005600891361	0.002992406827	0.005121901829	0.001974636363	0.005188290236
	0.003888691962	0.01383882541	0.004537271249	0.006291110703	0.014858052
	0.01403903319	0.1383769031	0.730215469	0.397537405	0.05315562866
	0.005767059856	0.01670003912	0.0003023250679	0.0003023716989	0.000302316655
	0.0003023440233	0.002362107457	0.0003023451261	0.0003023341039	0.0004239886394
	0.0004405819903	0.0004668340366	0.0003023701794	0.0004132054012	0.0003024012234
	0.9629295978	0.9510325331	0.0003023002606	0.008498034654	0.1392673373
	0.9663229999	0.000302340741	0.0003023613946	0.0003023861826	0.0003023142339
	0.9360423588	0.999438209	0.9995049983	0.9997369502	0.7672082059
	0.8193750464	0.832390497	0.0003023230988	0.9799640993	0.999478457
	0.9988764049	0.9967012312	0.5487656701	0.0003405586046	0.00036659617
	0.0003313843731	0.0003195480551	0.0003363223173	0.0003298405792	0.000324407958
	0.0003346239467	0.000361600038	0.0003204947852	0.0003234103635	0.0003268980633
	0.0003329783882	0.0003224284066	0.0003214562891	0.000328345625	0.000325496374
	0.000330124432	0.0003389994711	0.0004254026913	0.001121058636	0.0021703443
	0.002465545903	0.004777775565	0.00302814379	0.002508075657	0.003963552333
	0.09931398872	0.2066667017	0.4017390844	0.03767387066	0.005021013808
	0.0003023151387	0.0003023686	0.0003023402235	0.0003023411908	0.0003846934872
	0.0003023988652	0.844225479	0.8165098057	0.8359683108	0.0003023120237
	0.001074636495	0.8704421214	0.1499687018	0.0004532731067	0.0003023746659
	0.0003023670312	0.0003023070594	0.000302330081	0.9963398113	0.5906179004
	0.5343948174	0.7539877678	0.9997370254	0.9997371164	0.3828072632
	0.0007718267899	0.9997371453	0.9997332337	0.571963137	0.4862203929
	0.0003023420608	0.9728242752	0.8711759343	0.9995900996	0.997741187
	0.9944377865	0.3788618582	0.4334355457	0.001892355886	0.0003501363218
	0.0003186055671	0.0003098048704	0.0003426966882	0.0003120764298	0.0003176841379
	0.0003109732312	0.000313119282	0.0003141043158	0.000336504644	0.0003150343765
	0.000315912682	0.0003167632589	0.0003087725794	0.0003080501841	0.0006426669316
	0.0003118248944	0.0003050199999	0.001000469743	0.00133541058	0.001251445005
	0.001029893322	0.1785016738	0.005986647451	0.039383101	0.000302321695
	0.0003023782293	0.0003550511737	0.2449928237	0.4369928927	0.4733595519
	0.0003023518565	0.001197028711	0.0003242304661	0.4848689399	0.004286291059
	0.0006441636152	0.00673081279	0.0003023390972	0.9992114577	0.1481648647
	0.3783893919	0.08439551262	0.1397227328	0.0003023684601	0.9967227049
	0.999696839	0.08909438152	0.2109901544	0.0003024020922	0.9996068836
	0.9997372143	0.3514152928	0.1575119781	0.0003023395796	0.999590248
	0.9809148332	0.7598370828	0.9992021247	0.9961307351	0.346019636
	0.3463864507	0.0011114803	0.0004692665146	0.0008475341442	0.0003034241305
	0.0003253817192	0.0003037678949	0.000305927408	0.0003049128333	0.0003071215449
	0.0003079713096	0.0003049785832	0.0003631646393	0.0003706073546	0.0006511360681
	0.000437742524	0.0004422317417	0.01020074768	0.2123707838	0.07035970159
	0.0009788850563	0.006105709053	0.000302356701	0.000302390179	0.08840249133
	0.0003023690674	0.1145116116	0.8088322835	0.0003024119924	0.7503346855
	0.01342657969	0.01017058424	0.0003023651153	0.834435975	0.9232018059
	0.03248855622	0.0268140093	0.1413183416	0.04176388318	0.0003024103689
	0.0007773513063	0.0003023635116	0.9990985297	0.9997372278	0.02169050868
	0.01304607905	0.02707783281	0.9997372659	0.9997372871	0.9997371662
	0.9764906503	0.02408189199	0.2200029121	0.1421768402	0.0003023666484
	0.9986631895	0.9984009083	0.9996969806	0.8718585578	0.1981355791
	0.9957323324	0.3717510675	0.337648948	0.0005372867945	0.0003083470002
	0.0003032006686	0.0003028236233	0.0003030980267	0.0003042963627	0.0003024495205
	0.000302421515	0.0003024193664	0.0003122796977	0.02723587481	0.1505932719
	0.3635765234	0.00100661158	0.02511358112	0.005965719007	0.0003023717724
	0.0003023904091	0.09395296666	0.2068094716	0.0003023796426	0.5167437522
	0.8577348525	0.9992754304	0.009072799515	0.01100199509	0.02938323583
	0.0003024082809	0.0003023898369	0.4172329993	0.9997372524	0.00682480357
	0.006519650727	0.007280698018	0.07140079217	0.9997372607	0.9997328427
	0.9996988676	0.9099391834	0.1405538506	0.03384568152	0.2055979611
	0.0003023900199	0.9996203617	0.9988989558	0.9914408773	0.9996448416
	0.05336055026	0.3911499337	0.9737357132	0.5258238177	0.4837707998
	0.0003300530397	0.0003024212315	0.0003024231747	0.000302421854	0.0003024244502
	0.0003026617612	0.0003025168225	0.0003026125081	0.0003024313955	0.0003024269917
	0.0009490702526	0.4428290326	0.2300992636	0.7670387697	0.004524567422
	0.02053116997	0.2032191733	0.03456117807	0.0003023826324	0.000302379455
	0.0003023939259	0.9483813381	0.972136367	0.006874527601	0.01481721201
	0.3888463888	0.000302405594	0.0008231550299	0.0003024090492	0.9450895198
	0.9985099651	0.003956245579	0.004686504234	0.02604758234	0.009070820803
	0.004294338651	0.1192993274	0.9997373229	0.999737334	0.7403617136
	0.0003023804497	0.02523251032	0.1784490473	0.317270256	0.0003024007832
	0.9990478138	0.9974896779	0.9997374244	0.1154772099	0.939110044
	0.8241671021	0.7930986026	0.0003495949719	0.0003659828415	0.0003024228219
	0.0003024257417	0.0003024259787	0.0003024328533	0.0003024523972	0.0003025487454
	0.0003024613186	0.001282501145	0.0003804171083	0.002210347153	0.7711046577
	0.6686720126	0.9466062559	0.9650666923	0.07080647472	0.0108981293
	0.2094611432	0.9137683018	0.4703341809	0.0003023598341	0.000302386059
	0.008494849653	0.9100134418	0.0003024011622	0.002144169123	0.0003024164768
	0.9997373245	0.9997373259	0.004886554716	0.007972582133	0.0190466884
	0.005168778898	0.004697911003	0.4778856862	0.9997373127	0.9997373718
	0.5684751492	0.4470606711	0.05486620355	0.0003023829474	0.0003023680476
	0.008921525608	0.03675602365	0.07071504213	0.0006227616034	0.9989750385
	0.9883312408	0.0003023688296	0.9997373795	0.9996767667	0.0003023573918
	0.1406131049	0.9244702785	0.9656441781	0.9898787095	0.9428058666
	0.0003024198473	0.0003024325358	0.000469415247	0.0003559415931	0.0003024279813
	0.0003024346803	0.0003024534184	0.0003024463804	0.0003024765091	0.0003024132441
	0.0003024172651	0.01701720636	0.06990971566	0.9503979703	0.9860760079
	0.9830639623	0.3353242602	0.5286588999	0.9148155409	0.9965946461
	0.000302379503	0.0003023916143	0.001104459802	0.9987139923	0.008536673171
	0.02475384325	0.007538082053	0.01247950993	0.8549723428	0.9991205628
	0.2218227656	0.9997373131	0.8050998548	0.1353927841	0.3523500098
	0.2683986375	0.4996131664	0.03100191915	0.0003023770262	0.0003023703066
	0.01251324734	0.01435120574	0.04373112472	0.07096451934	0.7109261552
	0.9991366485	0.9989696993	0.993762712	0.0003023643487	0.0003023654794
	0.0003023705764	0.9997373297	0.9997371602	0.0003023720504	0.02011571799
	0.5902613199	0.9769345478	0.9878023791	0.9965512858	0.9264923526
	0.9585918286	0.03838149263	0.0005210797468	0.0055851172	0.000302440798
	0.0005315418807	0.01711072977	0.2118031352	0.6815889842	0.9908850759
	0.9952421846	0.9876404848	0.9325988508	0.9544812658	0.9987764597
	0.9987428952	0.0003023708574	0.0003023752027	0.02712210521	0.01757493965
	0.9997373669	0.9994131953	0.01659249907	0.9997373281	0.01463005555
	0.5154668533	0.7727361905	0.1345870588	0.0003024111876	0.1597240375
	0.02755451653	0.9988368648	0.02961451979	0.0003023951751	0.0003023876097
	0.0003023863076	0.05006299632	0.03884091536	0.1398833169	0.3151647919
	0.0003262628377	0.9997374562	0.9991285998	0.9824672925	0.9275908141
	0.0003024093182	0.0003024009492	0.0003025005371	0.0003025172779	0.9997373138
	0.9997352749	0.002589812693	0.005988645407	0.5602815011	0.9994155777
	0.9976744038	0.9988902235	0.9866219026	0.9960583956	0.9946107448
	0.9613654467	0.8799802164	0.1655747625	0.06030895547	0.004346041957
	0.4385273511	0.8123989872	0.9841145571	0.9982559254	0.9979487376
	0.9972659193	0.9994890054	0.999433165	0.9997370149	0.0003024574423
	0.0003024813442	0.6029339728	0.9997373414	0.9997373282	0.008105093902
	0.9995801043	0.9997373072	0.007736977572	0.3593021072	0.0003025002368
	0.9996720795	0.0850349937	0.9132910456	0.04411658341	0.01072906671
	0.002210527904	0.0004805168123	0.01021455327	0.1143384014	0.8012682263
	0.4277357651	0.9986547412	0.1499627309	0.0003088150115	0.9990420232
	0.9859259264	0.9480941694	0.0003026856367	0.0003028484424	0.0003025752583
	0.0003025326648	0.0003027443018	0.0003027721186	0.0003030529054	0.9997372854
	0.9996803042	0.9997360195	0.9997285428	0.003028451743	0.002555312784
	0.001849145267	0.01034636969	0.3143521505	0.9997372043	0.9996120717
	0.998931281	0.9995061455	0.9976164482	0.9931217718	0.9724115111
	0.9892933812	0.9331958719	0.5386421115	0.7635569919	0.9250143916
	0.9965041839	0.9877991474	0.9991819536	0.9984939492	0.9996473263
	0.9997371046	0.9997371469	0.9997371881	0.0003028313821	0.000302813495
	0.9996155481	0.03162290916	0.007336245167	0.9318005533	0.0003026711031
	0.00944591545	0.1163096168	0.03510744365	0.006598210884	0.01507614301
	0.01624766849	0.018715756	0.3046769753	0.900444455	0.6829255805
	0.01915732643	0.001974714826	0.9676230371	0.5036705686	0.0003027052084
	0.9991522113	0.9219099244	0.9986349425	0.0003037592499	0.0003032710952
	0.0003029830016	0.0003027719027	0.0003031121565	0.0003032895619	0.0003036424613
	0.0003043019511	0.9981399462	0.9995243899	0.9997373477	0.9997372967
	0.08248383561	0.004277914028	0.005933348551	0.3692660666	0.999737248
	0.999528985	0.9988791264	0.9989623651	0.9970259412	0.9983405536
	0.9920766844	0.9699105879	0.9845415433	0.9621141522	0.9996264253
	0.9996807292	0.9619292079	0.9747357036	0.9925344552	0.9972591568
	0.9991527838	0.9997370761	0.9997371119	0.9997371513	0.9997372492
	0.9997371949	0.000304055569	0.0003035734416	0.01149153213	0.2363297198
	0.1297516427	0.8628457239	0.0003030923294	0.001615132767	0.01726989937
	0.09568059633	0.01383055359	0.09103923004	0.5535250303	0.0003062143018
	0.500778403	0.8963925123	0.9731174661	0.02508551689	0.00596443001
	0.9997372388	0.8998635741	0.0003034328529	0.0003037663797	0.9914237219
	0.994181274	0.0003061928442	0.0003039208265	0.0003055106699	0.0003059258637
	0.0003090550746	0.9980110909	0.9997371949	0.9997372522	0.9997372282
	0.2996988511	0.07664595795	0.07693373517	0.06713306237	0.175129482
	0.5437084286	0.9993009245	0.9995127233	0.9995895763	0.9996032688
	0.9992494774	0.9982627408	0.9963567882	0.9963466477	0.9920823782
	0.9943481513	0.9887232221	0.9864459253	0.9918696655	0.9995970523
	0.9995695929	0.9994214299	0.9996976607	0.9996868326	0.9996919976
	0.9997113468	0.9971516651	0.9995689872	0.9997370572	0.999737097
	0.999737128	0.9997371597	0.9997370934	0.0003087887683	0.0003064109749
	0.9931143155	0.1971120493	0.0003228478917	0.03532088442	0.02889524729
	0.4256658236	0.9022044176	0.7245009529	0.0003137639492	0.9152408972
	0.9822728911	0.9934025642	0.3661418417	0.2055860453	0.01830536456
	0.003488896379	0.9997370955	0.9997371964	0.9997371881	0.999562987
	0.9894506454	0.0003053233387	0.0003062859498	0.9994732126	0.9859867079
	0.9906882148	0.0003184462983	0.0003077886552	0.0003112238705	0.0003244683936
	0.0003151482838	0.9921799269	0.9997369747	0.9997370448	0.4954355634
	0.08102531159	0.4906923684	0.8796752264	0.990358819	0.9981605234
	0.9991612863	0.9992390265	0.9980286827	0.9915060339	0.9941163618
	0.9922417198	0.9908702039	0.9942290277	0.9946892018	0.9982443628
	0.9942503933	0.9737919459	0.998999646	0.9991143742	0.9996723163
	0.9994910324	0.99971055	0.9997167078	0.9997207597	0.9995138338
	0.9997370748	0.9997371174	0.9997371667	0.8818123211	0.6151619384
	0.9876698916	0.9455045395	0.0003262048662	0.0003207183595	0.0003054996592
	0.3161461121	0.8863169264	0.3469805597	0.9300147259	0.7754277576
	0.0003356160656	0.9879488059	0.9947764416	0.9974717587	0.8449087132
	0.889532489	0.3312845149	0.9989480515	0.02366162645	0.005886031717
	0.0004655747238	0.9997368183	0.9997369676	0.999737091	0.9997370455
	0.9956597338	0.9765856511	0.1952509762	0.0003105225594	0.0003132866756
	0.9993330785	0.939318459	0.9719848693	0.9561158984	0.0003455424626
	0.0003503629366	0.0003174864542	0.0003257625951	0.0003489943416	0.0003377139972
	0.9907216814	0.9993499492	0.9995111707	0.7152142388	0.06746130074
	0.9829904872	0.9982867317	0.994306909	0.9973658454	0.99469971
	0.9835480673	0.9892854629	0.9878676831	0.9956826938	0.9941958508
	0.9981662665	0.9991432707	0.9444458367	0.8058171809	0.2244838697
	0.4641853129	0.9865809698	0.9972840008	0.9913239925	0.9932502824
	0.9997041755	0.9997059385	0.9997277048	0.9996652098	0.9997338013
	0.7699749207	0.4380614419	0.9168515764	0.1299592376	0.0003477197237
	0.8927914057	0.9095663882	0.0003564765296	0.9954456697	0.99827581
	0.9866493888	0.9739320274	0.4692829383	0.9996148311	0.9997356963
	0.0003157050976	0.01839716461	0.004208310331	0.9995572666	0.9996588983
	0.8545689048	0.94321868	0.9997367418	0.9895441524	0.1914693468
	0.0003235236357	0.0003298818335	0.9966579488	0.8194651345	0.9983845315
	0.985903531	0.8724280007	0.9212711704	0.7815880251	0.0003639393892
	0.0003651693443	0.0003690515285	0.0003384006405	0.0003490771245	0.0003572743604
	0.4845724141	0.9793860168	0.9988073478	0.999518383	0.7546797759
	0.06087706297	0.9978052529	0.9791698342	0.9865590487	0.9640310254
	0.9873862006	0.9929723342	0.9970217257	0.9982665475	0.9990332222
	0.9996025861	0.06195039396	0.914653969	0.640108922	0.2032657643
	0.9661185884	0.9565821521	0.9981093274	0.9995539257	0.9996994728
	0.4001073821	0.8857751778	0.01592828571	0.02638946347	0.03801217533
	0.01148003154	0.0003657255192	0.0003714379869	0.9993036822	0.9931702005
	0.9996872239	0.4529730044	0.634809554	0.9997146616	0.9997329658
	0.0003331353382	0.00344834259	0.01599861368	0.9996990647	0.9996202885
	0.9308059393	0.9788507966	0.997019233	0.2015235351	0.7402622264
	0.0003494496295	0.0003459061065	0.2709406985	0.3114041588	0.9990507301
	0.9142134191	0.02697112479	0.0002993517383	0.004260032618	0.9982938985
	0.982010308	0.4930576851	0.1151619578	0.07777587621	0.0003688918789
	0.0003711927679	0.000374053968	0.0003735385169	0.0003751021986	0.000359874602
	0.000367922296	0.0002999175323	0.1322014296	0.7342222221	0.9174264457
	0.07115226494	0.9997117406	0.9295400388	0.9590676068	0.9933529327
	0.9964811881	0.9983860753	0.999273075	0.9996036642	0.0817481993
	0.02491177857	0.781819967	0.3751115164	0.8159882791	0.8271286918
	0.9908983599	0.9967417049	0.5662362593	0.01251281354	0.1307097393
	0.019031938	0.01348596505	0.007275570438	0.0003672297044	0.9997138059
	0.9995996381	0.4941309709	0.4204853617	0.8807377309	0.9997312966
	0.9997349334	0.9997205515	0.0003511534384	0.004182793108	0.01875478369
	0.9997345473	0.9718222223	0.9930598274	0.9768974839	0.9929945211
	0.0002979149222	0.192519361	0.4401534359	0.7533299116	0.0003742660828
	0.0003638564639	0.0003674347728	0.005442987566	0.03862795516	0.001044686817
	0.0003005995579	0.9913347646	0.9151114147	0.000369287608	0.0003000717268
	0.0002994975605	0.000299025383	0.0002981952391	0.9968539108	0.04442519278
	0.7096765736	0.0009744237645	0.0003729873292	0.0003711665313	0.0003736147242
	0.0003772167482	0.0003763942951	0.0003787751418	0.04015215541	0.0003006201319
	0.1595329507	0.7418338365	0.9700634174	0.124780905	0.9427579171
	0.8838178423	0.9658436629	0.9953381358	0.9978068841	0.9979123214
	0.07587459943	0.02965684581	0.2006082716	0.4646862013	0.4618969867
	0.7064349707	0.8434349764	0.006454712446	0.02992109972	0.009927402884
	0.009311484112	0.01412923681	0.004539648236	0.00338228392	0.000368322117
	0.4203513498	0.9271592107	0.0003790456524	0.9997241228	0.9986372799
	0.9995626668	0.001452638428	0.009268300726	0.9981977354	0.9982081126
	0.9948647354	0.9819941628	0.9913583089	0.9949448728	0.9662639755
	0.4948641184	0.00069622787	0.2845558947	0.9081540645	0.6181737433
	0.8407423906	0.0003730927861	0.0003812614914	0.0003817280926	0.0004683259769
	0.01080296073	0.05539318877	0.0003011912919	0.0003011605476	0.1853590025
	0.5923091888	0.9946104454	0.9051960175	0.0003694651197	0.0002999561827
	0.0002993737285	0.0002988554924	0.0002983933585	0.0002976917207	0.8681925811
	0.0003015126037	0.006343187473	0.09198578034	0.0003017823355	0.0003700216095
	0.0003703398707	0.0003759973077	0.0003787212412	0.08666006891	0.02502321694
	0.0003006387174	0.1789076952	0.7746208949	0.9772176827	0.2994821967
	0.9470123393	0.6156534945	0.9960080365	0.854876592	0.9471099882
	0.9926821678	0.05338205139	0.03052172945	0.183798488	0.1380221764
	0.2677158347	0.5598984245	0.02334006545	0.01084481042	0.005724810359
	0.005427162777	0.002720738268	0.005320776114	0.00480780437	0.002554998637
	0.001405961475	0.0003906507637	0.9983111403	0.005604871449	0.9995655897
	0.9380856582	0.9936602866	0.9993613979	0.9759521728	0.5783549769
	0.9995628415	0.2822946306	0.0002974112273	0.003668379061	0.6010024794
	0.9584036162	0.8562011991	0.0003719188338	0.995220795	0.0003801408218
	0.0003809715359	0.0003764158589	0.0003714163781	0.05893899918	0.01837797257
	0.04963383745	0.0003017857828	0.0003022067232	0.0003013696675	0.0003011916412
	0.002813415751	0.1086553932	0.002774445759	0.9994515911	0.9138983384
	0.0003929146502	0.0003001636445	0.0002996220651	0.0002991606383	0.0002983360094
	0.0002987014544	0.0002997639575	0.0564892869	0.0003018513184	0.0003018930505
	0.0003021996991	0.0003746263423	0.0003846637434	0.000376446013	0.0003741642901
	0.01152952482	0.0009081065703	0.0003007356853	0.09547875246	0.7179033738
	0.9926027841	0.02986576706	0.9873713125	0.4203854945	0.8893861238
	0.5201580861	0.2977285846	0.4836243111	0.02696158166	0.01554556229
	0.05677069692	0.1207517593	0.005371237587	0.001610244117	0.007589813367
	0.004255714182	0.002121488252	0.0004306526067	0.0007635969309	0.001567722184
	0.0003246403397	0.0004453933888	0.9812262753	0.9950769021	0.3855020716
	0.9969278301	0.1436494755	0.9883490921	0.9466504959	0.0008783745764
	0.005306013262	0.0003532831946	0.1795343818	0.9462895237	0.6850120301
	0.0003706530037	0.999733508	0.0003769831673	0.000373044112	0.0003675097248
	0.0003619845401	0.01874746723	0.01316711986	0.02744222266	0.0003021575922
	0.000301760491	0.0003016964875	0.0003013089274	0.001019381451	0.0007035200182
	0.992618757	0.8280194629	0.5749201259	0.0004191885362	0.0003003036002
	0.0003000251699	0.0003008300401	0.0003009102901	0.0003018090164	0.0003021866887
	0.0003021717149	0.0003021646748	0.0003020334158	0.001346652934	0.0003836515687
	0.0004005375008	0.0003733257166	0.0003572788584	0.0009873086698	0.0003009467351
	0.03188212072	0.3109322284	0.9494261002	0.01161941804	0.5963629097
	0.0612443554	0.0691569446	0.0686733853	0.05313775442	0.003387061012
	0.0114538028	0.008040485288	0.01437588187	0.0006282476443	0.0003018334044
	0.004136756602	0.001417557838	0.0004319818955	0.0003018324407	0.0003016232304
	0.0003017120846	0.0004206430753	0.0009859895616	0.9692359927	0.09538266856
	0.9487446305	0.0003014253271	0.0003434055661	0.003330414311	0.0003180332148
	0.8661545122	0.08114948253	0.4312545579	0.5144735283	0.0003694192053
	0.9922255646	0.000369842071	0.0003640455002	0.0008903722739	0.0003576063446
	0.0003525384301	0.0003017011912	0.0004698165098	0.006100706963	0.0003034215352
	0.0003020607148	0.0003021102115	0.0003019827095	0.0003016057773	0.0003019974995
	0.000301683621	0.0006581251482	0.0003023828852	0.9983259001	0.5948756568
	0.3072108098	0.0003742365139	0.0003017022623	0.0003023504728	0.0003033067973
	0.0003027781709	0.000301947273	0.0003019611365	0.0003019315358	0.0003018500097
	0.0006000974828	0.000351465489	0.0003623112231	0.0003398750099	0.0003448737267
	0.0003024139542	0.005558935286	0.02495102336	0.1523253682	0.8217755077
	0.009522367554	0.03985378241	0.0006890335673	0.001379463227	0.002858523752
	0.007084755846	0.001312562723	0.007108050778	0.004732485485	0.002697025145
	0.001780715961	0.0003014493922	0.0003012775755	0.0007654247067	0.001112340737
	0.0003961757958	0.000301518976	0.0003014310552	0.0003012777335	0.0003185258493
	0.00089066227	0.000791674951	0.0003000661366	0.0003109488557	0.9659044533
	0.07537572334	0.2816963173	0.0003500599206	0.0003395795824	0.9621010461
	0.0003527955885	0.0003571652153	0.0007198252652	0.0003017688017	0.000343675879
	0.0003029885383	0.0002929627451	0.0004123973201	0.0003049694277	0.0003045687666
	0.0003020343129	0.0003020717255	0.000302729556	0.0002996406636	0.0003016749903
	0.0003010882451	0.0003039582495	0.0003035489384	0.9997194626	0.8931606101
	0.0003008345878	0.0003205674229	0.0003019417401	0.0003034474863	0.0003044760371
	0.0003018242286	0.0003017353505	0.0003016486625	0.0003015681655	0.0003621791509
	0.0003216967985	0.000340864171	0.000375627605	0.0003272652731	0.000303399855
	0.0003121865969	0.0208794864	0.07379881401	0.429763263	0.6033936651
	0.009804083934	0.0008795535565	0.0002805775499	0.000304012757	0.0004295297097
	0.0002547142124	0.0004133510307	0.001041516985	0.001340133599	0.002069516539
	0.0009377789409	0.0003011376227	0.0007007504568	0.0003010083279	0.0003804673288
	0.0003012309342	0.0003085859036	0.0003089756019	0.0003384009411	0.09131903121
	0.0003255088049	0.0003270412428	0.9575114945	0.0003392428782	0.0003436630073
	0.0003166198147	0.0005709254245	0.0003011588931	0.0003014166464	0.0003250770382
	0.0003259389089	0.005395665177	0.0003038413979	0.0002897181267	0.0003057131705
	0.0003052839933	0.0005043595454	0.0003035625083	0.0003020728889	0.0003027523325
	0.0002966976336	0.0003002535738	0.0003047824859	0.0003043320699	0.9538276435
	0.9995941541	0.0003008945363	0.000300441505	0.0003091550677	0.0003019207721
	0.0002827983221	0.0003043770634	0.0003055357772	0.000301717223	0.0003015838569
	0.0003014173904	0.0003011191622	0.0003012126545	0.0003084188076	0.0003104850689
	0.0003143096716	0.0003197767142	0.0003225718958	0.0003206638639	0.0003043268414
	0.0003053592579	0.03850319891	0.2967549482	0.8947112268	0.9269893404
	0.2532217474	0.01401322386	0.0003009598154	0.0002730612719	0.0002574167601
	0.000304567315	0.0002146953575	0.0002320984919	0.0002477762572	0.0002648950859
	0.0007495337518	0.0008130631089	0.0005641230936	0.0003639209731	0.0003007831531
	0.0004938478814	0.0003037327921	0.0003654762927	0.0003036280517	0.0003032255473
	0.0003034820556	0.0003003881011	0.0003181137281	0.004601569074	0.0003045780187
	0.0002882128091	0.0003060218245	0.0003173751173	0.0005269104767	0.0003024843698
	0.0003036388572	0.0003029745198	0.000292004081	0.0002987795456	0.0003052942079
	0.0003050355487	0.0003025719252	0.9996497648	0.0005522881541	0.000300714534
	0.0003005244271	0.0003059841458	0.0003048096699	0.0002862716129	0.000302302175
	0.0003050159494	0.0002782039797	0.000299049578	0.0002827351209	0.0003054864219
	0.0003062331519	0.000771637775	0.0003014653835	0.0003015186518	0.0003039184386
	0.0003012112248	0.0003010124087	0.0003001798733	0.0002993372644	0.0003056061265
	0.0003063976985	0.0003110064573	0.0003769425891	0.001943493532	0.000304493569
	0.0002693684512	0.0003027637966	0.0003031007453	0.2223778539	0.06108518861
	0.01342632029	0.9676245877	0.7058575506	0.9770899905	0.5753273202
	0.05077758086	0.0002163196263	0.0002289883762	0.0002594757477	0.0002433944447
	0.0003031408027	0.0003027573111	0.0002223163558	0.000237365012	0.0002437757642
	0.0002595554081	0.0005859493972	0.0003417032414	0.000579613156	0.0002709808569
	0.0004188649828	0.0003007976739	0.0003011151789	0.0003025281966	0.0003022457726
	0.0003023747972	0.0003026471184	0.0003031907837	0.0002944731927	0.0003059048984
	0.00030290071	0.9988525451	0.0002978611646	0.000464256131	0.0005486315503
	0.0003000235078	0.000300546137	0.000303714845	0.0002913328637	0.0003742615404
	0.0003015709485	0.0003030348636	0.0003056947576	0.0003051276705	0.0003040510987
	0.0002793373557	0.0002977860299	0.0002875465899	0.0003062921456	0.005370366239
	0.0003069235509	0.0003213278187	0.0003011114688	0.0003011812387	0.0003024199058
	0.0003009318214	0.0003007064746	0.0002988569091	0.0002798312206	0.0003003750752
	0.000298988594	0.000301668691	0.0006390473004	0.09504651993	0.5380100177
	0.8587265192	0.0003018582867	0.0002606239113	0.0003026065598	0.0003024422228
	0.0003027060548	0.2324759337	0.03622513594	0.9645306563	0.6961855177
	0.9997418467	0.9997411776	0.9963992303	0.0002196648832	0.0002245691504
	0.0002199535637	0.0002426446041	0.0003027383246	0.0003025515057	0.0003023590791
	0.000235257625	0.0002364471869	0.0002614912648	0.0002642655685	0.0002698066161
	0.0003018575065	0.0003046169223	0.0003136768514	0.0002879783667	0.0003005344494
	0.0003021769817	0.0003022248593	0.0003022199536	0.0003022829768	0.0003024096052
	0.0003026177569	0.0003003297799	0.000302793952	0.0002947045229	0.0003328989823
	0.000301317526	0.0003014265665	0.0003038370245	0.0003023295913	0.000302862878
	0.0002865650645	0.0002966284144	0.0132786013	0.0003040103511	0.002527866233
	0.0003049451257	0.0003010158524	0.0003008968283	0.0002995513778	0.000301351602
	0.0002991210853	0.0002995860904	0.0003007299718	0.0002979110874	0.0002865855229
	0.000283747301	0.0003000753298	0.0003002963303	0.000300399918	0.0003000988459
	0.0003013848381	0.0234688901	0.3272854471	0.9277236127	0.9997340078
	0.0003015301665	0.0002834389902	0.0002511814112	0.0003021821108	0.0003025250879
	0.0003023809194	0.0003026741584	0.0003025489223	0.1951241894	0.04527326452
	0.9675130398	0.6942048806	0.9997390444	0.9996657353	0.9997386287
	0.0002212380103	0.0002455909356	0.0002286727395	0.0002241570804	0.0002294334476
	0.0003026248376	0.0003024804638	0.0003022734028	0.0002619796964	0.0002610507401
	0.0002643833328	0.0002774015163	0.0002766173581	0.0002758201895	0.0002739061751
	0.0003161288601	0.0002804762181	0.0002987473587	0.000302109673	0.0003020656215
	0.0003022153053	0.0003023016557	0.0003024713409	0.000396969022	0.0003011455726
	0.0002955336184	0.0003018143502	0.01660846547	0.0002960492914	0.0003018116253
	0.005013755361	0.0003021756604	0.0003009540049	0.0003008022292	0.0002678032927
	0.0003000103928	0.0002989012512	0.0003011790782	0.0003010471617	0.0003000609215
	0.000300368792	0.0003004497598	0.0002999460736	0.00030065077	0.0003011849169
	0.0002981238102	0.0002946108529	0.0002931845882	0.00029231822	0.0003002783708
	0.0002994330876	0.0003004942964	0.0003013705399	0.2891708351	0.9349862781
	0.99933338	0.0003015039095	0.0003016640589	0.0002912505441	0.0002507983734
	0.0002739364362	0.0003021560416	0.0003022529049	0.0003037367569	0.09052352917
	0.0004387942396	0.008082898671	0.07702626392	0.3566718668	0.9260885337
	0.9992668198	0.9997352275	0.999513312	0.0002236444061	0.0002287518807
	0.0002259390389	0.0003021486245	0.0002496881473	0.0002651148735	0.0002398166014
	0.0004683873758	0.0003022458961	0.0003034012452	0.0003024557598	0.0002793354259
	0.0002811583659	0.0002944259517	0.0002788614295	0.0002815426155	0.0002770395256
	0.000273648993	0.000284525746	0.0003020903664	0.0003020381732	0.0003020392856
	0.0003019838001	0.0003023225239	0.0003024182452	0.000303695814	0.0004457560841
	0.0006594682159	0.0003018610858	0.0003008365105	0.0002790257544	0.0003071186963
	0.0003005511438	0.000299498531	0.0003009979949	0.0003010532116	0.0004591124324
	0.0006534780706	0.0008603841916	0.0005039172163	0.0003012352658	0.0003007669749
	0.0003004102863	0.0003010264252	0.0002992634088	0.0002982757777	0.0002984718535
	0.0002984374091	0.0002986960862	0.0003004197612	0.0002992960752	0.0003006407535
	0.0003007719627	0.0003013553379	0.8636562555	0.998539072	0.9991996201
	0.00030150559	0.00030167414	0.0002989773434	0.0002945055916	0.0002575069831
	0.0002880426214	0.0002651167089	0.0005265484663	0.0004128579273	0.00030224387
	0.000444422824	0.02479818803	0.0005599699979	0.01476706283	0.2870391978
	0.9109267839	0.9994904068	0.9997287655	0.0002283340831	0.0003086797792
	0.0002430557496	0.0002281584535	0.0003022005175	0.0003021425565	0.0004621838001
	0.0002712334733	0.0002813496464	0.0008051839153	0.0008371671504	0.0003022068943
	0.0003020633571	0.0003024054115	0.0003075204541	0.0003166288989	0.0003024975539
	0.0002860198003	0.0002847304267	0.0002957993339	0.000283291867	0.0002821511501
	0.0009467745268	0.0002824381961	0.0003019236699	0.0003019819433	0.0003020436905
	0.0003020509196	0.0003020192965	0.0003092982662	0.0003585615302	0.00061129765
	0.001000874184	0.0003010173903	0.0003001191316	0.0003008721745	0.0003076892326
	0.0003016683146	0.0004778254691	0.001110371096	0.001102252958	0.000301142861
	0.0003009267506	0.0003004540438	0.0003021602004	0.000300681854	0.0002998088696
	0.0003008202985	0.0002998301658	0.0003004980932	0.0003005694711	0.0003016174424
	0.0003005648794	0.0003007314678	0.0003012966174	0.4523409241	0.9229442556
	0.9987418966	0.0003014506938	0.0003016092555	0.0002998732883	0.0002945400839
	0.0002711953508	0.0002754103456	0.0005493134023	0.000680647364	0.0004571583796
	0.0003017853385	0.000461722898	0.002508234083	0.9572351972	0.00968694226
	0.1178641581	0.5767071863	0.0003004973162	0.9993177168	0.009068856509
	0.1057656437	0.0002507340159	0.0004424989123	0.0004531369705	0.0002746937161
	0.0006773243853	0.0003023753807	0.000302262594	0.0009019844943	0.0002851092991
	0.0002887953066	0.1003077117	0.01522319201	0.002454406121	0.006569779175
	0.0003020932269	0.0003091004078	0.0003020082738	0.0003018571236	0.0003024656292
	0.0003216653843	0.0002893936275	0.003448120684	0.0002966964782	0.0002888568413
	0.02258886989	0.0002893043084	0.0002959954187	0.0003019917147	0.0003021575993
	0.0003021756219	0.001222988839	0.0003021653925	0.0004172841501	0.0007647062495
	0.003095613611	0.0003010978976	0.0003008678252	0.003141666249	0.0003006330874
	0.0003009990524	0.0003016385533	0.0003016187645	0.0003016640146	0.0003009144238
	0.0003012070276	0.1120970652	0.8988779033	0.000301358779	0.0003015301027
	0.0003003103181	0.0005723694168	0.0002873935475	0.0002811260396	0.02546753837
	0.192287748	0.01608886389	0.9997372217	0.2908081314	0.4679693192
	0.8700602205	0.9960778543	0.1900084404	0.7928219727	0.0003017205326
	0.0003007275678	0.9997371786	0.5126856135	0.7833140005	0.05315283916
	0.0002784867162	0.0002760847634	0.0005085961829	0.001140057653	0.2073946916
	0.0002847787493	0.00423346304	0.0003436984659	0.005570301152	0.002536244206
	0.0003020258276	0.4428096232	0.0002916126629	0.001171597581	0.1507461708
	0.027594294	0.4316064109	0.0003021167943	0.001340679654	0.0003020368797
	0.000301859928	0.0003020079632	0.0003850015223	0.3422748394	0.0003004982714
	0.0005641718318	0.0974239519	0.0003027058371	0.0003021405622	0.0003022291946
	0.0003022845907	0.0003393083163	0.0005461067105	0.001705295137	0.03144572211
	0.0003010597325	0.9269321805	0.9997371074	0.0003165806825	0.005208561881
	0.0003220292118	0.006286720017	0.0002924254832	0.04360452731	0.2411276881
	0.3459929999	0.03321997179	0.9990597193	0.00028355485	0.9997373108
	0.9985267312	0.999737046	0.9103264261	0.9237376352	0.0003017728585
	0.0003009926563	0.9997373099	0.999737228	0.9970787982	0.9670562274
	0.4921923153	0.06892450494	0.0002881988837	0.001689523224	0.00101685224
	0.9299720109	0.01099731824	0.9340789726	0.0002940102868	0.008898392574
	0.0003022021793	0.0003971106514	0.002552757051	0.000301253493	0.005505709096
	0.001734781042	0.006753921063	0.0003019117326	0.6521776302	0.9653807414
	0.03328522547	0.005435578829	0.1656278661	0.3332654565	0.1075731401
	0.9996928812	0.0003020774151	0.003709030944	0.0003021235931	0.0003020339992
	0.01458318624	0.1435490443	0.9022881362	0.890209009	0.0003012035134
	0.0003515908373	0.0003607567543	0.0003022119952	0.0003025717231	0.0003025560909
	0.000302787427	0.02348682273	0.001068584922	0.28722587	0.9997371969
	0.005864149873	0.6626930917	0.9997372878	0.001313280285	0.1750846783
	0.9979084868	0.0002901491353	0.9997373946	0.9997374163	0.9626034473
	0.0003788084321	0.0003028112176	0.000391232456	0.9997374175	0.9997373602
	0.9997374445	0.9715931476	0.6837867261	0.1326593136	0.0003931859314
	0.004042570989	0.03521204052	0.9994331524	0.9985895777	0.0221343944
	0.9944872918	0.5796109311	0.7606778572	0.001045582534	0.02016263057
	0.0003021736682	0.0004433407079	0.002399441885	0.000507792416	0.0004132216023
	0.004319978977	0.00119627372	0.03335008544	0.0003019017542	0.0003053118221
	0.9677278225	0.9989494309	0.08593654633	0.4578841537	0.2939793783
	0.9831128731	0.0003020607312	0.0003022014246	0.005565058367	0.0003020677765
	0.0003021588003	0.06881166739	0.1853798174	0.08071391407	0.9146114215
	0.9984885882	0.0005658940061	0.0005753923291	0.0003023994964	0.0003029836187
	0.0003025580297	0.0003027697001	0.0003031713565	0.1509886098	0.7840386697
	0.9060319503	0.9997374643	0.971227003	0.6284865142	0.007640811991
	0.3296244984	0.9596950816	0.01218558883	0.4299479834	0.7825374041
	0.716088272	0.9053397844	0.03409765041	0.04456523024	0.0003021628831
	0.0004192962545	0.001110953162	0.0006478524434	0.003994605733	0.00030347266
	0.02589282142	0.0003019651488	0.7510237878	0.09673110145	0.004306906252
	0.9859762425	0.9992906657	0.9970520122	0.2278723879	0.8489280205
	0.6430318922	0.9210012977	0.9884143411	0.0003020887818	0.0003019967163
	0.0003021823702	0.0003022633262	0.0005579404159	0.0003891004652	0.002820933161
	0.0003021661448	0.0003022275616	0.2236569901	0.6311143839	0.8465118346
	0.1007150239	0.901372562	0.9997345298	0.7718937887	0.2479758182
	0.0003028280868	0.0003023573709	0.000302626171	0.9674598679	0.7403857717
	0.9945430772	0.1292410814	0.2300832109	0.9295470477	0.1277577185
	0.0003021369233	0.0003021827195	0.007742584824	0.9964466002	0.00259257635
	0.01872315749	0.1637145481	0.01220301269	0.02567816673	0.0003020474229
	0.5679283471	0.02008380595	0.2927109323	0.9882294996	0.9991603718
	0.9993971129	0.9375734628	0.6907254263	0.9080611159	0.9869073121
	0.9997339245	0.0003021474341	0.0003019998504	0.9526939834	0.0003021539698
	0.0003022963399	0.0003022287683	0.002507645524	0.000414132887	0.0003021351525
	0.0003022431111	0.0003022276053	0.3037364069	0.5884829592	0.8809041003
	0.9613718388	0.9427855032	0.9054674412	0.9051991416	0.9997345735
	0.9973922321	0.01937172513	0.000302329461	0.0003023427697	0.9772634762
	0.9977367067	0.9786702865	0.9975021586	0.9988150428	0.1378705661
	0.02255796141	0.0003021029505	0.6913525303	0.4085270442	0.4405737475
	0.9992228679	0.998682092	0.9971283789	0.9674097691	0.9997337045
	0.08246221699	0.0003022352984	0.0003021610369	0.0003020615093	0.001240888404
	0.9929365542	0.000302127401	0.0003021888991	0.0003022525127	0.3615522576
	0.0003326448169	0.0003022287494	0.0003021939371	0.0003020593866	0.0003021868894
	0.03726199834	0.0730074295	0.9146615724	0.965648273	0.9940791149
	0.952502646	0.9988525785	0.999514144	0.9991051124	0.9992411258
	0.0003011543421	0.0003015110904	0.9983782659	0.9986393337	0.9993508589
	0.9991734306	0.9991720943	0.8938022827	0.9994810305	0.9986148917
	0.8861552032	0.924379739	0.1207251629	0.0003022548622	0.0003021762234
	0.0003021436849	0.6366765433	0.004206861111	0.0003022941457	0.999338031
	0.0003021056623	0.0003021526556	0.1613212094	0.00030216996	0.0003020974986
	0.0003021433405	0.000302190926	0.9996653692	0.01734262857	0.06194958349
	0.988484983	0.8519673857	0.9961324967	0.9996766252	0.9995796144
	0.999090845	0.9995279337	0.001444641112	0.0003565732992	0.0003006528436
	0.9995704004	0.9992464014	0.9993817911	0.9992926659	0.3395033572
	0.0003022153456	0.4729393793	0.001957489245	0.008330759122	0.000302149911
	0.9997187129	0.0003020672797	0.1982081105	0.0003022717388	0.0003021566599
	0.0003022119939	0.000302168519	0.9997372487	0.9997367542	0.01965440573
	0.06772853847	0.1742306979	0.9947703323	0.9455737807	0.9812223663
	0.7492337693	0.9994446457	0.999728049	0.9997263904	0.9997318583
	0.1223074113	0.9215193067	0.9997330691	0.008008104928	0.00397710517
	0.007065168943	0.9996997433	0.999588511	0.9994177121	0.9991937866
	0.9992821252	0.5047651589	0.003802471752	0.0005165332176	0.9997362195
	0.0003021126953	0.3285351611	0.0003022688392	0.004757270664	0.0003392167231
	0.0003022099507	0.02042661146	0.9997365464	0.999737307	0.06419283837
	0.2056856911	0.0003021644222	0.4779639599	0.9943978946	0.9779513826
	0.9193348203	0.7621953867	0.9994967823	0.0003612135106	0.9997373067
	0.9997318322	0.9990878913	0.5509072238	0.9862435401	0.05744718701
	0.02796496615	0.9997361141	0.9997354455	0.9996865972	0.9994181164
	0.9996257441	0.9993642369	0.006210212982	0.006858083083	0.0003022681584
	0.07235557441	0.02793156742	0.9997373095	0.9997373081	0.4777651356
	0.2075171479	0.0003022528873	0.7616956878	0.99553931	0.9792443781
	0.9209894392	0.0003022400302	0.9997373057	0.9997373069	0.002293226086
	0.999737308	0.9997368764	0.9748330753	0.8527570745	0.3342814436
	0.04338126842	0.9997373107	0.9997289504	0.9997373119	0.9997368916
	0.9996042746	0.9997197023	0.9996066429	0.1214809822	0.9997373093
	0.76199685	0.4841037328	0.02625803246	0.3418929246	0.917338715
	0.9945321969	0.9769293882	0.002571496024	0.196155538	0.9994681338
	0.9997373072	0.9997373085	0.01280999574	0.001144899272	0.9997373106
	0.9997373096	0.999736795	0.7432410459	0.9578031194	0.3483718766
	0.9997373119	0.9997373145	0.9997373132	0.9997352337	0.9997115387
	0.9997373156	0.999729405	0.9104756682	0.7266097824	0.9760515924
	0.9953608254	0.3721742621	0.3097784004	0.9602078671	0.9997373008
	0.9997373032	0.9997373056	0.02734036646	0.1432722387	0.999737309
	0.9997373113	0.9997373125	0.9997367143	0.9728994937	0.9200911049
	0.4643427491	0.9997373134	0.9997373146	0.9997373172	0.9997373159
	0.9997373184	0.9505562641	0.9983766979	0.9907534159	0.9997372983
	0.9997373006	0.9997373029	0.1267845796	0.6441682109	0.9119737711
	0.9997373067	0.99973731	0.9997373142	0.9997368078	0.969107857
	0.9997373152	0.9997373183	0.9997373159	0.9997373171	0.9172400003
	0.9997373098	0.9933563179	0.9997373037	0.9008552788	0.9997373063
	0.9997373082	0.9997373123	0.9997370527	0.9899875992	0.999737319
	0.9997373169	0.9997373178	0.9993895776	0.9997373108	0.9990535151
	0.9997373135	0.9997373147	0.9997372987	0.9997373161	0.9997373195
	0.9997373171	0.9997373192	