961	
	0.2024969813	0.2519546299	0.4052985337	0.4477769948	0.4517913188
	0.4548207538	0.4256746744	0.2423818467	0.02926902087	0.007454364718
	0.02496711362	0.2228826001	0.4378090333	0.6976237745	0.7611053147
	0.4558184768	0.7167297047	0.8607399793	0.8862406458	0.8470767904
	0.8291256583	0.8068354503	0.7878734862	0.7681678312	0.7476050056
	0.7294802679	0.7160392918	0.7062409696	0.7006323756	0.6896528194
	0.6645681191	0.01817038207	0.03534892335	0.1792606129	0.2632122474
	0.2709745924	0.272151117	0.2526011968	0.1460113242	0.02424743897
	0.005371226491	0.01242827802	0.1241754381	0.3473776089	0.5914462622
	0.7942403319	0.1931238933	0.1092905763	0.2923852764	0.6966042459
	0.7035956833	0.7174617592	0.7528354954	0.7892642198	0.7909405164
	0.7774858531	0.7574510684	0.7390104892	0.7255785778	0.7163332957
	0.7066590023	0.6811683709	0.008897878604	0.002642329945	0.009901067286
	0.01647862026	0.01645035244	0.01610723218	0.01575808554	0.0123366597
	0.004190038129	0.001513452219	0.003101034528	0.02048432617	0.154108252
	0.2944104295	0.7092467568	0.695577122	0.09373682244	0.02342686748
	0.0355920819	0.0426740974	0.04668013252	0.09869308669	0.3240309583
	0.4777929856	0.5729322863	0.6533115548	0.6685402325	0.6590310184
	0.6509300508	0.6468279811	0.6439271042	0.128362489	0.03315802882
	0.01630330086	0.01458450403	0.01424205384	0.01482782387	0.01564745941
	0.01630189629	0.01662144746	0.01742541228	0.01181158806	0.003501962334
	0.01070665155	0.02052902664	0.0922274695	0.8017514155	0.7471918415
	0.1397704144	0.05624679471	0.04561371324	0.0190707136	0.006113599288
	0.0159206432	0.02722749879	0.04650179338	0.2120745699	0.4464004217
	0.5306598302	0.5401278218	0.5488548712	0.5712381413	0.3655222213
	0.2569141125	0.1947978578	0.1945022983	0.204420636	0.2231628364
	0.2454256258	0.2618052996	0.2678222759	0.2603093552	0.1897301102
	0.0430665512	0.02087087909	0.0116515588	0.004606806406	0.03632547876
	0.119620106	0.7677453724	0.78677459	0.8031955892	0.5159951336
	0.09696343008	0.04871701528	0.02172411338	0.005492395631	0.01787648029
	0.1018592698	0.3305188733	0.4404183815	0.4709048607	0.5122049239
	0.4367971918	0.3650762041	0.3248197173	0.3262283292	0.3430740528
	0.3669522753	0.3900729892	0.4071717404	0.4179286342	0.4235261084
	0.4139228316	0.3429478578	0.2865744915	0.1992618824	0.03735029178
	0.01847845324	0.01121537994	0.07842233074	0.699513536	0.7990014717
	0.8364463026	0.841782834	0.8482524888	0.5913909965	0.09326041322
	0.02131768624	0.01450880375	0.0880388002	0.3099950708	0.4229455708
	0.4784168178	0.4873182737	0.433703402	0.4097746232	0.4104193836
	0.4197593126	0.4329753051	0.4446438642	0.4536990323	0.4611537269
	0.4677862745	0.4722208702	0.4721768217	0.4745153352	0.4604280742
	0.3653332033	0.2587639439	0.1201930005	0.02655837992	0.02994005305
	0.04894874001	0.0712867817	0.1448150824	0.5851434208	0.8712011149
	0.8735837164	0.4550630932	0.04090685427	0.01642556496	0.1190503013
	0.362160248	0.4607851353	0.5402970883	0.5080224236	0.496932772
	0.4972370514	0.4983842268	0.5009523487	0.5038602869	0.5073484979
	0.5112267008	0.5146541108	0.5167781228	0.5178399262	0.5198709238
	0.5211778622	0.5173297782	0.5059791319	0.4434710671	0.2687569456
	0.03190578688	0.004753721899	0.004839006724	0.01156782647	0.04362242853
	0.193293012	0.751716134	0.877950247	0.4639318575	0.03457412178
	0.02198242427	0.2184904588	0.4190013455	0.588465741	0.5760045119
	0.572586788	0.5700137612	0.5652920497	0.5610660173	0.5582167359
	0.5571584111	0.5570095392	0.5563740946	0.5545168781	0.5519100704
	0.5498898394	0.5491042114	0.5499793208	0.5525003091	0.5474086764
	0.516006848	0.3210803071	0.04330054726	0.0098922322	0.00635077962
	0.00981392362	0.02676419656	0.1135203179	0.7379711766	0.8226590647
	0.2734499208	0.01541990669	0.03123930054	0.2031804438	0.6190837324
	0.62126254	0.6228234887	0.6182690275	0.6109492104	0.6037499601
	0.597858996	0.5936648893	0.5902835398	0.5864967982	0.5817955369
	0.576670326	0.5721510002	0.5690941324	0.5684797927	0.5714352603
	0.5771789986	0.5875677768	0.6005047995	0.4331258205	0.08327939794
	0.02459886071	0.01569032222	0.01475400922	0.02341809684	0.2290559887
	0.8264567767	0.6126536735	0.04123942135	0.006012332955	0.0250694334
	0.6180398605	0.6258869765	0.6312553036	0.6280560912	0.6227743127
	0.6175539845	0.6130158032	0.6092691741	0.6056213702	0.6012787277
	0.5960485687	0.59047214	0.5854398127	0.581768613	0.5802909287
	0.5817756665	0.5864294478	0.5966583006	0.6262158753	0.64458658
	0.4234707637	0.1597566659	0.08599344941	0.0503198728	0.02871503737
	0.0955442788	0.680405301	0.7964947343	0.2087499253	0.01038984221
	0.004572376055	0.5791903231	0.5798122163	0.5876687425	0.5907997249
	0.5937696699	0.5971226632	0.6001407713	0.6021439166	0.6024257417
	0.6006630506	0.5971519514	0.5926834149	0.588159277	0.5842577254
	0.5813555965	0.5793556713	0.5774304972	0.5747197749	0.5723126037
	0.5635249106	0.4772474421	0.3327189965	0.2146713116	0.1180338341
	0.09270981589	0.2366490279	0.6741103684	0.8454181966	0.5066038544
	0.02408934712	0.003012933389	0.508432905	0.4865329707	0.4920444811
	0.5064433932	0.524976771	0.5450924375	0.5632233347	0.5768825881
	0.5851162818	0.5883555194	0.5878439832	0.585034526	0.581112652
	0.5767244875	0.571891934	0.5659143265	0.5572924891	0.5439886442
	0.5238539488	0.4930421246	0.4367143411	0.3680307488	0.3374090758
	0.3047842924	0.3082610311	0.4804629929	0.7376165055	0.8519541972
	0.6277752253	0.03167361624	0.00221071071	0.420028069	0.3653334057
	0.3601643954	0.3867826092	0.4264933257	0.471319996	0.5119878267
	0.5423262955	0.5610876377	0.5702443923	0.5727655522	0.5712990175
	0.5676555313	0.5627206926	0.5565357717	0.5483786356	0.5368687396
	0.5202784445	0.4973059941	0.4685475019	0.4370708135	0.4129748065
	0.4192738231	0.4441551779	0.489108819	0.6030120621	0.7550419558
	0.8436369558	0.6585095393	0.03411476975	0.001847278291	0.3282100718
	0.244159137	0.2249890028	0.2577068536	0.3175345567	0.3910591276
	0.4589641738	0.5083353789	0.5378079409	0.5520919745	0.5566843465
	0.5557899939	0.5520390704	0.5467721218	0.54038981	0.5326168745
	0.5227048099	0.509713972	0.4931985542	0.4747702538	0.4598575372
	0.457552225	0.4774426594	0.5160520008	0.5728574413	0.6606988953
	0.7678734283	0.8359936069	0.651687603	0.03477347453	0.002041210851
	0.2448815696	0.1495815753	0.1245757134	0.1541962731	0.2236755031
	0.3218519699	0.4161527402	0.4827857119	0.5205064427	0.5378662636
	0.5431953791	0.5421492803	0.5380771428	0.5328002902	0.5272025652
	0.5215839426	0.5158501337	0.5096709426	0.502859503	0.4962546412
	0.49283764	0.4978851051	0.5172739657	0.5540711335	0.6129136416
	0.6969524421	0.7882159667	0.8317912537	0.6193477988	0.03386020655
	0.002290334661	0.1758574152	0.09077642181	0.07012291736	0.09417135949
	0.1644830017	0.2787997314	0.392425909	0.4698558746	0.5112550585
	0.5292574771	0.5343199783	0.5328752285	0.5286289428	0.5237490153
	0.5195417159	0.516745377	0.5155975068	0.5158396067	0.5168900698
	0.5184278194	0.5214279571	0.5292027305	0.5475614029	0.5835706543
	0.6437137638	0.7252140043	0.8034983602	0.8166954514	0.5471393768
	0.03124098823	0.00255934569	0.1191768021	0.05840874477	0.04551777403
	0.06809183991	0.1419989281	0.2688067594	0.391201769	0.4696013977
	0.5093833845	0.526106454	0.5306500503	0.529211931	0.5253759721
	0.5214317908	0.5189485043	0.5188732708	0.5213800825	0.5257273772
	0.5304649616	0.5343583224	0.5381969	0.5466499517	0.5680782415
	0.6109575464	0.6770420074	0.7537129081	0.812041936	0.7772602189
	0.4114271989	0.02642866674	0.002866502274	0.07329572027	0.03971426548
	0.03439235883	0.06152968457	0.1502817023	0.2904856188	0.4092640248
	0.4786227665	0.5126146789	0.52715004	0.5316275402	0.5311166094
	0.5286404627	0.5263312218	0.5257997376	0.5279863041	0.5327139568
	0.5383677921	0.5424078807	0.5433513937	0.5439472789	0.5531074618
	0.5829710416	0.6402596851	0.7153021915	0.7828191883	0.8078654253
	0.6860557675	0.2150764201	0.01875529139	0.003276521911	0.04221386571
	0.02757396488	0.0292054435	0.06778113021	0.1859032365	0.3355914945
	0.4378453679	0.4917489142	0.5181895525	0.5306099975	0.5358270061
	0.5373529898	0.5373576273	0.5375282124	0.5392547461	0.5432844517
	0.5489676853	0.553664687	0.553666973	0.5479103489	0.5431563789
	0.5548617682	0.5987297544	0.6749553997	0.7560133298	0.8045511839
	0.7720497036	0.5074740007	0.08233520816	0.01138159335	0.004306684742
	0.02521408675	0.01982153318	0.02800875943	0.0876090294	0.2446182112
	0.3897529371	0.4667081311	0.5041415096	0.5235692551	0.5345611879
	0.5413331694	0.5458705737	0.5493876055	0.5529213564	0.557386881
	0.5631313521	0.5690145123	0.5716365706	0.5665601071	0.5535895751
	0.5442024676	0.5612040342	0.6229766372	0.7173276463	0.7936726517
	0.8025992362	0.6614714873	0.2491917307	0.03673492671	0.008829759319
	0.006826887551	0.01529749808	0.01487639986	0.03047425656	0.1262198921
	0.3161800207	0.4388373308	0.4890710867	0.5126820311	0.5267842983
	0.5372643441	0.5462436583	0.5544192973	0.5621113686	0.5696463623
	0.5772900201	0.5847762694	0.590524667	0.5911912596	0.5832421228
	0.5684320356	0.5616897856	0.5902363586	0.6704521881	0.7685918394
	0.8098059749	0.7246718106	0.3946936142	0.07446865378	0.01665554513
	0.009726224211	0.01171279016	0.009576746324	0.01187953779	0.03719124781
	0.1859241316	0.3866982642	0.4750963144	0.502599074	0.5159660895
	0.5265992503	0.5374733319	0.5490686165	0.5610308476	0.5729246661
	0.5844243918	0.5951284877	0.6041661208	0.6098983427	0.6103869858
	0.605586071	0.6013779666	0.6134618719	0.6623604737	0.7408838228
	0.7853628714	0.719059785	0.4301052398	0.09609844432	0.02489702456
	0.01125311837	0.01592172668	0.02677132397	0.006410373249	0.01086110837
	0.05137466598	0.2605392676	0.4449077847	0.4968106538	0.507254256
	0.5136786357	0.5225519889	0.5345640071	0.5488491572	0.5642124004
	0.5796353333	0.5943044664	0.6073980893	0.6179389043	0.6251626598
	0.629947164	0.6372752009	0.6571778443	0.6983965354	0.7505432692
	0.7622930745	0.65538379	0.2967474473	0.07708916484	0.02534972857
	0.01410467602	0.01859857047	0.0421688089	0.09042421621	0.004684836909
	0.01242345806	0.08290721117	0.3407308046	0.4855511888	0.5051161514
	0.5038057784	0.5062623936	0.5148740818	0.5284544788	0.5451019294
	0.5630577332	0.58096031	0.5977804154	0.6127153605	0.6253665429
	0.6365524128	0.6498622633	0.6728267522	0.7134776547	0.7661090809
	0.7924951267	0.6887312416	0.2861383702	0.07371437081	0.03011167036
	0.02349064289	0.03792098202	0.07088992372	0.1681575568	0.2962058001
	0.003834394264	0.01618642923	0.1472383771	0.416745055	0.5072076192
	0.5020136919	0.4937419406	0.4948794413	0.5043091554	0.5193985313
	0.5376784024	0.5572268192	0.5766412437	0.5949311448	0.6115721949
	0.6268992647	0.6428841285	0.6638863162	0.6957685962	0.740315945
	0.7842799824	0.7892211887	0.6621972113	0.2936418498	0.08743385477
	0.06652191718	0.1029704579	0.2625017979	0.4560555503	0.5574431409
	0.586471203	0.003379418636	0.02001058103	0.2301285042	0.4722400668
	0.5100421955	0.4899750185	0.479339931	0.4812442029	0.4918517611
	0.5077587554	0.5265690054	0.5466803863	0.5669535373	0.5865504999
	0.6050803818	0.6230431031	0.6423524408	0.6663390614	0.6981008439
	0.7361831093	0.7691758648	0.7727791517	0.7036357711	0.5233032387
	0.389720442	0.4430552918	0.591718076	0.6878681358	0.7129251187
	0.7089489323	0.6923930969	0.003007057028	0.02265696392	0.2986274548
	0.4982322798	0.4971698168	0.4722574147	0.4635739351	0.4674331409
	0.4785967583	0.4939013466	0.511730877	0.5312584126	0.5518877281
	0.5730099935	0.5940951134	0.6150421865	0.636562637	0.6601563889
	0.6871080145	0.716297048	0.7418554408	0.7529471841	0.7378261377
	0.6981167954	0.6726441662	0.6850747063	0.7001274802	0.6849327032
	0.6447867876	0.6309041399	0.6384524029	0.002411488515	0.02429651947
	0.3465277105	0.5004728005	0.4763394442	0.4548345589	0.4506501173
	0.4557677359	0.465483084	0.4779897053	0.4929524231	0.5105678599
	0.5310130487	0.5541595041	0.5794805157	0.6061163983	0.6330663276
	0.6594196512	0.684424674	0.7071497591	0.7256847123	0.7363587324
	0.7343907792	0.7175855628	0.6892614103	0.6516011129	0.6032489893
	0.5479337376	0.50170218	0.5106002395	0.5548888719	0.002696474776
	0.02791135166	0.4061720348	0.5123026994	0.4766294023	0.4611547123
	0.4591640729	0.4619971725	0.4670507687	0.4741599878	0.4840263347
	0.4975749594	0.515637637	0.5387349607	0.566847855	0.5991367492
	0.633689496	0.667538608	0.6971654622	0.7193384571	0.7317484216
	0.7330232349	0.7221591846	0.6976039066	0.6568818909	0.5997327132
	0.5333885447	0.4703335446	0.4252989104	0.4339930932	0.4945040936
	0.006733562938	0.02913582726	0.4905312356	0.5722691374	0.5172773238
	0.5046606808	0.5018923177	0.5016803221	0.5028383292	0.5056460183
	0.5108327035	0.5192388136	0.5316443063	0.5486361259	0.5704452429
	0.5966981677	0.6260903103	0.6561385658	0.6832973674	0.7035961649
	0.7135970665	0.7113334285	0.6969632672	0.6722097803	0.6379682073
	0.5935936688	0.5406091451	0.4860597811	0.4440820235	0.4409238429
	0.487466623	