1266	
	0.481846951	0.4865924629	0.4687769533	0.4764984249	0.4958465819
	0.008759950357	0.00924046443	0.1469396781	0.01028315948	0.1661814533
	0.014229299	0.0544503501	0.431381057	0.4543504609	0.4800607718
	0.4968217489	0.5087105985	0.007843061352	0.01266380491	0.3226570598
	0.354926183	0.01281475142	0.04653586404	0.1829552733	0.3118052145
	0.3264434815	0.01370914885	0.4217028707	0.4634548696	0.5215146505
	0.8064645044	0.4228902129	0.4667976061	0.5174815098	0.5364668166
	0.01070504305	0.01256798861	0.5277476485	0.5058026147	0.4620427664
	0.01427679312	0.09143428743	0.2352694733	0.3940806835	0.01316312941
	0.4407595293	0.4284767746	0.4688526685	0.470740095	0.5650723688
	0.5707751741	0.7645628274	0.7608791349	0.8208799878	0.794914701
	0.7556290399	0.8366054177	0.8065863863	0.4644904212	0.4720310283
	0.01379007458	0.01352550603	0.4643023486	0.4652927983	0.6659854323
	0.7416696237	0.5705239707	0.6603111995	0.6380980378	0.4658592813
	0.5241538486	0.5822728201	0.01209930043	0.018639616	0.01410573389
	0.4940468565	0.4787646068	0.4706366111	0.07902244007	0.199527955
	0.3530482201	0.4487658968	0.4679178922	0.4492980418	0.4573261037
	0.6605285829	0.7306741882	0.7141922016	0.7096037883	0.7796176882
	0.7572749866	0.8113151306	0.729693384	0.670945482	0.4459803389
	0.4918552911	0.01409787835	0.4646365371	0.6051970257	0.5323087386
	0.3593940718	0.5044474634	0.0147972382	0.01509535246	0.0153706938
	0.01553215262	0.4966105173	0.01618615351	0.4658716865	0.4766040596
	0.5003813525	0.5019007596	0.4692276044	0.488434105	0.6393633758
	0.4283443912	0.08465834217	0.1260756597	0.252166152	0.5082178417
	0.553039908	0.7169546327	0.6386266607	0.01364291333	0.01835991664
	0.08243588148	0.4628844885	0.4570331784	0.4517205193	0.2304106252
	0.4303263573	0.3773819073	0.4954933872	0.4391479715	0.4451864207
	0.5890733825	0.7097748536	0.6925678741	0.5579790755	0.6133745546
	0.7738495956	0.7564564623	0.4437879631	0.268093415	0.492241348
	0.01717207002	0.4610224106	0.6321336864	0.4811643178	0.1777491791
	0.06934409193	0.1080022773	0.05719264066	0.0538579809	0.4802544963
	0.315814445	0.083848886	0.5524671036	0.511479703	0.7526992587
	0.6671887404	0.01785933786	0.03347133601	0.09156187496	0.459723778
	0.4569458164	0.4405769651	0.1920196012	0.402620132	0.4978715573
	0.4518308344	0.4466034451	0.6964533519	0.7110869895	0.6992471304
	0.3149250142	0.7095745522	0.4333676999	0.7621402007	0.7310611171
	0.4553168117	0.462803557	0.08349538084	0.01810184633	0.6256555942
	0.6376869366	0.3666689394	0.1772505902	0.05286125019	0.04281657881
	0.1340416536	0.0461779859	0.4905715829	0.2235058155	0.3331999493
	0.1073698991	0.114770794	0.0544612622	0.6552097727	0.3829084784
	0.653097912	0.5730093479	0.5211716891	0.6550558497	0.7484946986
	0.01970883706	0.02675639049	0.0791999118	0.05862890088	0.04083554192
	0.4594541195	0.4563553045	0.4451550564	0.4241589799	0.1336988524
	0.4639832343	0.6956855184	0.7230892533	0.7016204603	0.08704600034
	0.3438280849	0.5666468784	0.7201987309	0.6521833881	0.4776930083
	0.04340912382	0.5323198204	0.6847513965	0.3011788629	0.03706476044
	0.2871439227	0.5028457665	0.5161445555	0.2252521185	0.310511786
	0.2679603587	0.2534630036	0.1571082864	0.62036824	0.3806938741
	0.403058485	0.4954493784	0.3231956702	0.5480451954	0.616951205
	0.02689426771	0.05609369387	0.08398830736	0.06644165255	0.08297098167
	0.4645959123	0.4766158925	0.4511047425	0.4316827736	0.4019646605
	0.1640589566	0.4906300053	0.7146753719	0.696968633	0.6419417683
	0.06449681914	0.2324874983	0.5053268541	0.3939639554	0.03623574232
	0.5145557489	0.6963374876	0.03996956073	0.4694481812	0.5178845142
	0.5311270792	0.2693872464	0.3419269292	0.4617442534	0.5069261409
	0.46051395	0.1723483503	0.5819482663	0.2106458894	0.572030444
	0.332418489	0.5486223182	0.5565037853	0.08378526376	0.1330608719
	0.1043917788	0.1424223771	0.1064232556	0.1483224418	0.4785786396
	0.4896169792	0.5081726124	0.4531574687	0.4284302787	0.3876323273
	0.2475831756	0.6594788601	0.6227456706	0.5851850753	0.04972001217
	0.3122012389	0.1277326002	0.03048492886	0.6426343356	0.03597787962
	0.5701051514	0.5254408292	0.5348218889	0.3349722875	0.6669637101
	0.649081369	0.6481318202	0.07472140571	0.5456755964	0.03474469883
	0.4459248485	0.6157568389	0.235544773	0.4299591956	0.03213748926
	0.5316048149	0.2997630724	0.4481327229	0.2445918535	0.2248044249
	0.1817719182	0.1528007957	0.2436292979	0.1743150828	0.2411818443
	0.4892370934	0.462982261	0.5077684431	0.4030519515	0.3548584403
	0.5973323714	0.5224792549	0.02457962469	0.09207024923	0.04200291023
	0.6450540493	0.1744820986	0.517844103	0.526172678	0.6559469447
	0.6766543143	0.4904402501	0.5079736232	0.4646388065	0.6090367222
	0.4493114293	0.1674735446	0.03005320908	0.2395820624	0.1254180722
	0.4884599182	0.5161883695	0.05824808732	0.5118542413	0.201138689
	0.3989717233	0.3105876261	0.2423751703	0.3687844379	0.2574948946
	0.3615074459	0.4990578132	0.4806425701	0.4337789778	0.6038697959
	0.4509887857	0.02830841737	0.05793247693	0.432974895	0.5063434496
	0.5104374407	0.6603995341	0.7026692091	0.677519216	0.4591246712
	0.6561172389	0.471007082	0.3978686171	0.2274298882	0.02771257174
	0.1031218242	0.05196932747	0.4577584446	0.4837066877	0.4593839567
	0.5422696351	0.1390414307	0.07305158801	0.3139704351	0.6746161846
	0.05513297773	0.2077432875	0.4945209451	0.06797264034	0.507787252
	0.3998099537	0.3675011434	0.4566599865	0.4776324925	0.4889368323
	0.4965464628	0.4978298995	0.4968952543	0.4894765998	0.6222064201
	0.4404266229	0.4334125048	0.02989329846	0.5673716231	0.6872183441
	0.6585984774	0.5026741954	0.5201071819	0.441539411	0.02584174653
	0.03431147679	0.04502811333	0.4509180981	0.4645338006	0.4809512573
	0.5273918619	0.5437131589	0.4833430715	0.5148291413	0.5531441727
	0.6882929161	0.2277589678	0.04161415871	0.09502394557	0.0960158321
	0.4589711826	0.5079642849	0.5047089046	0.468207906	0.4928693561
	0.02533735408	0.578773016	0.5708067924	0.5160006424	0.5294912445
	0.5674249066	0.5918799597	0.5060993811	0.5217079547	0.5405031489
	0.6138704859	0.448366781	0.6995307113	0.6819086994	0.02299453567
	0.02299994409	0.4648455579	0.4731507071	0.5449356196	0.6528085572
	0.6986941351	0.3748184753	0.06466117076	0.2093867376	0.1898477535
	0.6117842991	0.5342169013	0.495764767	0.4721682071	0.1218806555
	0.1999285586	0.4963121366	0.02109001619	0.6515379128	0.6269641016
	0.5966533494	0.5849542759	0.6274213638	0.5217451708	0.5535533437
	0.6177396724	0.4771927855	0.6830071939	0.01685671525	0.01569035115
	0.4885166861	0.7670372143	0.7341809323	0.6292573871	0.4837171712
	0.02079687696	0.4614571148	0.4791732512	0.5646151528	0.5252646523
	0.5181243132	0.4977893335	0.3495518951	0.1552514596	0.03894801506
	0.5758750543	0.6028370826	0.5975962729	0.568581006	0.5391982065
	0.3412203485	0.548847364	0.5071983025	0.5144972671	0.0144139463
	0.6649870862	0.6514910141	0.6250224783	0.5834288506	0.5445420502
	0.6269578838	0.5047511708	0.6491056159	0.01334893654	0.01136803832
	0.5186755505	0.7580308148	0.7270212018	0.7451567198	0.01704060493
	0.6489504054	0.5233331821	0.4573802424	0.4599151591	0.5107719667
	0.09992134152	0.2565326988	0.01535208332	0.6262778596	0.7500912484
	0.5333417533	0.4517796749	0.433316393	0.5552657716	0.5119004319
	0.4671036963	0.5053361147	0.4713609817	0.4316530661	0.42030901
	0.5394285756	0.007973999978	0.6190480501	0.651792997	0.6281696603
	0.593817564	0.5649202286	0.4749510465	0.5197662268	0.6095990039
	0.01142028463	0.009905969857	0.5368657591	0.6339720055	0.6989232506
	0.7553920607	0.8195628489	0.0129985354	0.3920824787	0.3638903988
	0.3806279229	0.1392378792	0.2995399874	0.02052295573	0.8687069997
	0.8558383864	0.7323619448	0.5257508433	0.3259070987	0.3064085238
	0.3683999618	0.543669183	0.3874517361	0.4760082247	0.5051329753
	0.3411444475	0.3623587159	0.4244418943	0.4325806986	0.2589546731
	0.6214512743	0.3303458285	0.5555593001	0.008058135284	0.589640652
	0.5854754648	0.4396636209	0.325919738	0.5306307341	0.5262410434
	0.01129504976	0.01145056938	0.5388276089	0.37005414	0.5105604757
	0.6502513266	0.7686651449	0.3300119914	0.346405721	0.1087847659
	0.3656920538	0.03018848386	0.7740524283	0.8987868644	0.8250924988
	0.6503754626	0.2059351917	0.2432647902	0.5191311532	0.4281816397
	0.5051669093	0.5231511666	0.2886034871	0.3809371227	0.4376469207
	0.4412264795	0.2113428082	0.5733378539	0.3191225426	0.5560409396
	0.8915013282	0.5361559217	0.5531283575	0.007225068561	0.5350576789
	0.2553087412	0.2853599618	0.5286447262	0.5362766457	0.01086486294
	0.008931883438	0.01496363625	0.5265169276	0.1751006693	0.42076473
	0.6019511858	0.4453458957	0.1333248234	0.2577892136	0.5811670033
	0.6037624662	0.7799423281	0.5976934495	0.7828439507	0.1439264443
	0.1641430012	0.1745945262	0.4670051902	0.5488872646	0.2836008628
	0.4511378724	0.4081644999	0.3833176468	0.1886273446	0.5272053262
	0.275001745	0.5566792024	0.5927224634	0.76541491	0.8307714553
	0.4035294505	0.4151915751	0.5130168187	0.5087189078	0.01183643289
	0.4822259494	0.1772841388	0.1225410471	0.3110936938	0.5175875287
	0.5246469583	0.006864503576	0.01078262092	0.02555912975	0.1133772833
	0.3290701551	0.5852994471	0.01691264094	0.2365716533	0.4550502494
	0.7002886012	0.5653266172	0.3682670977	0.3359591309	0.1419851131
	0.1641275829	0.4373740952	0.2940431159	0.4237787251	0.3427223835
	0.3816484456	0.1751538843	0.4789601853	0.290102708	0.5481494361
	0.5165722159	0.5945564172	0.6716752163	0.4044368139	0.06818292945
	0.317145638	0.4897039257	0.1760480988	0.4954785699	0.2594223986
	0.4353436299	0.3816829449	0.4665753032	0.4936540464	0.4751009952
	0.0287169738	0.01709213103	0.4406763469	0.1356656032	0.09864283982
	0.07236058096	0.2153864089	0.006164412474	0.01025475637	0.1378468936
	0.4992584938	0.0174551161	0.0879543165	0.3391563242	0.5874715061
	0.4898445906	0.293041012	0.1231464733	0.1476362647	0.1581935763
	0.4145285053	0.1011394799	0.1683044637	0.3508934999	0.3973896866
	0.2306117657	0.4371878093	0.5061699637	0.4878804899	0.5550105611
	0.4778468237	0.4221815468	0.1713156882	0.3743567242	0.2906684734
	0.06710043259	0.3027622566	0.3824447548	0.3947348154	0.2232223141
	0.415613309	0.02781297166	0.4414999484	0.4463905989	0.4027017679
	0.4514017398	0.4389404247	0.4639448299	0.02323967475	0.4118261557
	0.1319665388	0.0494714493	0.05865431695	0.04083694779	0.007912608731
	0.01152538581	0.01109373432	0.2435683696	0.1543632341	0.1466084527
	0.331606854	0.5759559376	0.5963278787	0.1232545641	0.09068937181
	0.07060289285	0.09947097052	0.01518646216	0.01128905644	0.2917502317
	0.4017282951	0.4178841995	0.4632933613	0.4416253398	0.4564618224
	0.2758232582	0.2287644065	0.1246284302	0.4271403595	0.1619942778
	0.398636723	0.3736033598	0.1692491857	0.0004397399785	0.005647158797
	0.4420177357	0.1739778584	0.4059987299	0.4359604265	0.4103692831
	0.3994577718	0.0243958252	0.1775019118	0.2628103737	0.4449002286
	0.4352014441	0.4255551981	0.4494623081	0.009110728143	0.01936299339
	0.3971933976	0.04992941645	0.02086393986	0.05434053584	0.07447240107
	0.03516836845	0.01050786214	0.1102409545	0.06855334999	0.06018202287
	0.3134470362	0.2390276498	0.5318520826	0.7566004325	0.6679010777
	0.0156960285	0.1025035344	0.002846988125	0.3860297109	0.4066229522
	0.4185553781	0.4420592389	0.4317043177	0.359668735	0.4346019797
	0.1017441982	0.1003904943	0.1896162348	0.4618766151	0.0009063981519
	0.008827103515	0.07125207765	0.07497426269	0.213558856	0.03798535722
	0.4011337425	0.4408579579	0.4118004238	0.3644167067	0.02211146896
	0.01654385303	0.1102930042	0.2365158899	0.2533889519	0.1302011351
	0.2703747882	0.01307411347	0.4331154542	0.4292279458	0.4138862503
	0.4217914798	0.01207535367	0.009824614583	0.2626456091	0.01957017058
	0.0131032892	0.07445952835	0.03988132347	0.04104010546	0.1420837568
	0.02106795267	0.3016413585	0.4057005723	0.2173469556	0.6015025971
	0.7056831378	0.5278865655	0.0009519045538	0.008162768923	0.04178209323
	0.3441160832	0.3565480179	0.3995560432	0.4102982449	0.4104193151
	0.40159196	0.2993385503	0.04205209786	0.1362283522	0.4056124721
	0.001204069323	0.03775627171	0.09615293307	0.2006894317	0.04968114782
	0.2254982685	0.02201014367	0.3459292322	0.3683256375	0.4536493286
	0.2914177047	0.2494172935	0.2032990657	0.02038666029	0.1551099116
	0.2112005602	0.09952580192	0.2048035729	0.2639394035	0.01220735425
	0.008846022526	0.1839638503	0.008214034197	0.01445926593	0.2778692591
	0.4042319384	0.2454010371	0.4095038901	0.2315337833	0.3440885788
	0.01418865614	0.0116346406	0.01634437585	0.06623936802	0.1083840812
	0.006522915396	0.3036663839	0.08744435601	0.009641413974	0.3600999151
	0.5001515235	0.1948059575	0.6175892647	0.646368471	0.5691237351
	0.0005019861504	0.01159144289	0.2169989375	0.2057440786	0.2300081102
	0.215751992	0.2258332148	0.2378893942	0.0122161286	0.0841994531
	0.4888626848	0.00375693086	0.0005617152209	0.06503767513	0.1637002387
	0.2429143349	0.04023576265	0.1503437432	0.4065323672	0.3033118126
	0.4711642258	0.436842266	0.1527714848	0.01566567306	0.438246627
	0.07884577135	0.2771068807	0.01040835315	0.00142255146	0.001603095586
	0.03299988852	0.01816795531	0.2205118755	0.3027578582	0.2882802449
	0.1119891174	0.128543339	0.1353360041	0.2156278219	0.3262778238
	0.03384915619	0.05050921517	0.1665834611	0.1569249118	0.02208104519
	0.01390261428	0.01522197509	0.0461260318	0.009820808713	0.02529557152
	0.02561225383	0.001230039252	0.5977513321	0.4122536108	0.592204856
	0.5224699005	0.68665188	0.7019815301	0.6663067835	0.00043302031
	0.009550912561	0.005610908959	0.09511664942	0.06426315027	0.03186850639
	0.0007281520319	0.01127850193	0.0006091275887	0.1352556391	0.05423011603
	0.236938343	0.2669242043	0.03910718367	0.1681518939	0.3472764323
	0.4501693116	0.4967117621	0.6791931363	0.3457019914	0.04597838309
	0.5756171676	0.001918433216	0.0570188301	0.1151455221	0.2173451711
	0.2828244532	0.276168541	0.3017491689	0.06332795555	0.1076095987
	0.07510293152	0.304383008	0.1150159362	0.004551001633	0.008905936234
	0.01618426907	0.01356813023	0.02880194472	0.02124096178	0.02798508979
	0.02086639444	0.04944484457	0.000634844418	0.0007496289813	0.007910632288
	0.001243064541	0.7465594574	0.3575513646	0.6305202411	0.4881524045
	0.7246592345	0.6974134893	0.7515658111	0.0005681704506	0.0005273725429
	0.0008984992004	0.01370879027	0.1758985013	0.08598025279	0.2404099898
	0.04728948139	0.1585961711	0.4482633935	0.5026304803	0.5243417351
	0.7519104735	0.6232606976	0.2695191329	0.02409959234	0.1356574275
	0.3005416928	0.1487112693	0.2023135011	0.2311831408	0.5228130042
	0.088832846	0.06309426262	0.3419261579	0.5238479838	0.5711661469
	0.5437854123	0.5427808461	0.6540820832	0.0008483145005	0.001018582135
	0.001004955844	0.0007545675067	0.07557703279	0.05122584703	0.03419705504
	0.03765820836	0.03235491686	0.005713421614	0.001362927973	0.01102765523
	0.8125931304	0.2713875284	0.5473958677	0.3431585967	0.7370543127
	0.01406200971	0.0009002057332	0.0607528342	0.1577082101	0.1796910608
	0.4522056593	0.5360337425	0.5831073033	0.8586685816	0.7271825662
	0.5557730163	0.2259162729	0.03679826698	0.493157776	0.1152163413
	0.1574027858	0.05455473649	0.5696446414	0.5937589898	0.600095642
	0.4449162971	0.01880461631	0.002690487411	0.07363950668	0.04906245419
	0.006700203502	0.001710525887	0.0008823027816	0.1852921666	0.0884692269
	0.06626782253	0.04584504116	0.08627593358	0.05149916013	0.1358394349
	0.0226718869	0.05557733234	0.801659388	0.1355182816	0.2141079114
	0.05773305142	0.03155363835	0.1106193893	0.3601011726	0.5187481166
	0.5923013295	0.6131614928	0.8795973966	0.7465494684	0.6003417494
	0.1897969185	0.4030260453	0.06304390581	0.1406736839	0.04947051921
	0.6187267539	0.6476843718	0.3617920456	0.181030337	0.02841344381
	0.03324681897	0.1506183528	0.02251671324	0.0596619089	0.1578884997
	0.3222876386	0.200701746	0.1050353363	0.1022617807	0.1392536062
	0.05981673699	0.3352739746	0.0655368521	0.226529171	0.8173880806
	0.07508699744	0.1357380423	0.1290809018	0.1748430465	0.473205343
	0.5930598793	0.6098904903	0.6233150823	0.6430904512	0.6311574853
	0.442098458	0.05383017144	0.06722428615	0.4957067782	0.241358793
	0.3465557811	0.2048254832	0.2157199161	0.2690645813	0.2402404741
	0.3713486693	0.4368537104	0.3471234231	0.2130438358	0.1195377215
	0.1877297474	0.3040966826	0.2732028236	0.3365423941	0.234855642
	0.3994729073	0.6035099985	0.2281830668	0.2510485569	0.2128955314
	0.5814796117	0.5968273985	0.6087108046	0.635460065	0.5264275051
	0.478399101	0.1584618872	0.2972615994	0.4425250409	0.3838778207
	0.3617866078	0.34937768	0.2963876392	0.4083012968	0.3997711142
	0.5349851856	0.4180118085	0.3997865991	0.4806978498	0.5395853094
	0.3384986504	0.4819177498	0.5584883931	0.4343235489	0.3362526478
	0.6004482141	0.6222241344	0.4358842403	0.544417032	0.3719444911
	0.3431227068	0.4162341928	0.3890200173	0.6803182996	0.6182946053
	0.6034513404	0.3621937506	0.4745010807	0.5534006042	0.3846811203
	0.6824722826	0.6371715389	0.6100485069	0.4322101106	0.3957200236
	0.7097579529	0.636414422	0.4199869344	0.5280689533	0.6779907967
	0.6355651787	0.4834892092	0.4588995465	0.6047237849	0.5969783336
	0.5205333262	