961	
	0.02002055896	0.04265256399	0.2203160694	0.3583800274	0.3826403213
	0.3860860712	0.3274369091	0.08445302097	0.004539886864	0.0007329681668
	0.003439130118	0.09517753028	0.7133377832	0.9644029938	0.9821545809
	0.9642144916	0.9542263957	0.9539277523	0.9554082199	0.9553236155
	0.9509409793	0.9419131485	0.931346192	0.9082909032	0.8749602617
	0.847143058	0.8263988507	0.8113388756	0.7988505388	0.8050384455
	0.8235073374	0.00232302323	0.004861939717	0.03031738792	0.06975572904
	0.07881795877	0.07837401671	0.06792327006	0.02766202786	0.002806992405
	0.000446602865	0.00171975631	0.03056139088	0.4853715963	0.9464589832
	0.969691978	0.8224617455	0.6780825711	0.6678489138	0.6792479393
	0.6974551601	0.735443757	0.8121650548	0.8732044448	0.8689423315
	0.8406726642	0.816560189	0.7882336691	0.7661181455	0.7499047654
	0.7582951882	0.7937105051	0.001481896549	0.0006038461422	0.001522802485
	0.002676080241	0.002896907976	0.002857357693	0.002727221249	0.001933017916
	0.0005563804189	0.0002214568243	0.000540444351	0.003616069243	0.05104885975
	0.5301662981	0.8769234893	0.1683115523	0.015825263	0.009414963347
	0.00920773611	0.0093867055	0.01165702554	0.02933423422	0.1516826644
	0.2963437307	0.4479104091	0.6580801609	0.7044320262	0.6877066242
	0.6706167269	0.6888442738	0.7417557661	0.02636473836	0.006431299847
	0.002780902992	0.002424566117	0.002398478905	0.002451418549	0.002518757735
	0.002555640247	0.002615975287	0.002825024632	0.00264882436	0.001704681779
	0.002306509579	0.008634510116	0.05406358854	0.2189748162	0.02772132192
	0.006268125805	0.002519340615	0.0006522498024	0.0002924673771	0.0008220247787
	0.003084598247	0.005656572328	0.01184883096	0.1074451287	0.4286661426
	0.5544740878	0.566093207	0.6054476368	0.6828982355	0.256560065
	0.1136242905	0.05037744254	0.04344930231	0.04565808241	0.04882334439
	0.05187787429	0.05468997654	0.05714321446	0.05876454696	0.05314137512
	0.02503459018	0.004807760972	0.001712753382	0.001785919002	0.0129625326
	0.2032821624	0.2071124355	0.1195403133	0.02546380032	0.01150201049
	0.009041669808	0.008047546484	0.005807777303	0.002921461499	0.005720758739
	0.06745009607	0.3140504366	0.4444295228	0.5174487382	0.617851772
	0.4471818498	0.311254856	0.223319003	0.216279081	0.2276387767
	0.2409333415	0.2543323014	0.2668052254	0.2772731845	0.284766213
	0.2821310483	0.2228332499	0.0890210451	0.02510566803	0.004829197992
	0.001991301448	0.005556519725	0.02306931492	0.4898723871	0.6583917723
	0.7152878434	0.6884873775	0.6176592314	0.441097198	0.1156731382
	0.01002731136	0.005615217349	0.06031564499	0.2772353175	0.4418542387
	0.559769714	0.5354737552	0.4165271764	0.3496500285	0.3487936331
	0.3568623108	0.3657917102	0.3756413458	0.3849680215	0.3926502694
	0.3983880592	0.4008900807	0.3902064535	0.3372563328	0.2460165604
	0.1012730186	0.02724997805	0.005568575119	0.002334422477	0.007950375178
	0.03255526137	0.559546759	0.911719557	0.946940456	0.9406307778
	0.8457095179	0.3808627399	0.01568801583	0.005796538013	0.06164658017
	0.303838258	0.4798454566	0.6121961047	0.5118088285	0.4580261278
	0.4582700011	0.4624503999	0.4667828118	0.4721489782	0.4777247067
	0.4828503957	0.4872999065	0.4907274401	0.4913288051	0.4851148811
	0.4714192071	0.419784171	0.3164456795	0.1351058637	0.03796968942
	0.006963639331	0.002670720132	0.01030020011	0.1127381322	0.3124049809
	0.3454040559	0.1995600325	0.1052343375	0.2788498212	0.01610126382
	0.005873382186	0.05496043256	0.1940949898	0.6811055541	0.6032818442
	0.5636658516	0.5656778004	0.5694457396	0.5730534381	0.5775776974
	0.5827876812	0.5882813934	0.5936547185	0.5984657111	0.6021624026
	0.6043042619	0.6052809665	0.6028244238	0.595736923	0.5498599807
	0.4402439184	0.1914181033	0.04217112334	0.005848329068	0.00309388196
	0.004736060708	0.005211689658	0.004054026526	0.003256380921	0.02388786153
	0.315269012	0.01862786988	0.00376331897	0.01087335762	0.7381791576
	0.6816723057	0.6552956042	0.6583366379	0.6622316213	0.6664477084
	0.6716561886	0.6775861422	0.6837927551	0.6897708154	0.6951220554
	0.6997731878	0.7041683078	0.7092401469	0.7158164072	0.7246443883
	0.7335879542	0.7421033532	0.7187488148	0.5922170431	0.1767830996
	0.01905855512	0.009973001034	0.008951945608	0.008703714899	0.00826052421
	0.01204633658	0.1249968415	0.4716279542	0.007005973964	0.001247122116
	0.7807382164	0.7407245457	0.724349058	0.7277211261	0.7315391664
	0.7359851593	0.7412576214	0.7469136292	0.7524359219	0.7573341136
	0.7613465117	0.7646450588	0.7679106131	0.7721512412	0.7783423479
	0.7872256012	0.7991921518	0.8151198155	0.8344400995	0.8531455816
	0.8282401207	0.6961867558	0.6428925979	0.6287015559	0.6119070768
	0.5731753721	0.5106897075	0.6981630555	0.8173185055	0.01604610579
	0.0007890089979	0.8074421041	0.777784254	0.7674287265	0.7705156801
	0.7737776786	0.7776262642	0.7819320124	0.7861370688	0.7896756428
	0.7920817154	0.7931674008	0.7931577516	0.7926914636	0.7926314878
	0.7937807845	0.7966918319	0.8016747879	0.8091585886	0.8199908367
	0.8352034786	0.8520147678	0.8649955257	0.8868751294	0.8849024243
	0.8664549635	0.8430777889	0.8730904022	0.9561038699	0.9213516197
	0.01765639806	0.0004101842103	0.8170063809	0.7915316922	0.7837043141
	0.7863778738	0.7890477339	0.7920470746	0.7950187152	0.7972919563
	0.7982041267	0.7972359693	0.7941706515	0.7891708585	0.7827411401
	0.7755618625	0.7682630493	0.7612600285	0.7547515208	0.7489594354
	0.7444536171	0.7421850173	0.7429873878	0.7479765197	0.7582967259
	0.7487778635	0.721901641	0.7192159376	0.8407792877	0.9654794929
	0.9186692262	0.01615392872	0.0001953032553	0.8065813091	0.7786811418
	0.7701905417	0.7730629229	0.7761758043	0.7792916811	0.7816799955
	0.7824435379	0.7807338754	0.7758910833	0.7676081538	0.7559665955
	0.7413703025	0.7244133988	0.7057343558	0.6859423477	0.66570121
	0.6460007673	0.6284137573	0.6149454575	0.6074416509	0.606853467
	0.6121333182	0.6182270765	0.6377258103	0.7148203509	0.8770223745
	0.968974978	0.8887609917	0.01417594977	0.000133266644	0.770683128
	0.7322258983	0.7196708896	0.7244128098	0.7306202507	0.7366843566
	0.7410131761	0.7421313272	0.7389193482	0.7306044406	0.7168826744
	0.6979294131	0.6743099846	0.646897214	0.6168425511	0.5856333674
	0.5552480279	0.5283330118	0.5081651571	0.4981604774	0.5010400173
	0.5179601024	0.5486090373	0.5956409687	0.6748526641	0.8028279579
	0.9282551859	0.9702520005	0.814511239	0.01179869594	0.0001038217118
	0.6980728196	0.6377212031	0.6173654462	0.6288138337	0.6448838814
	0.6606654806	0.6728219712	0.6787876778	0.6772441212	0.6677170401
	0.6503720898	0.6259439002	0.5956285589	0.5610395001	0.5242488712
	0.4878648887	0.455078919	0.4296039485	0.4154365424	0.4164572253
	0.4359591538	0.476187399	0.538829468	0.6281584897	0.7486636596
	0.876084448	0.9529631193	0.9611983576	0.6222820338	0.008748639719
	7.522251546e-05	0.5732058412	0.4807576341	0.450598008	0.4768120779
	0.5150012299	0.5528595032	0.583111074	0.6013380485	0.6065360463
	0.5996027711	0.5821576476	0.5561590201	0.5238003945	0.4875372481
	0.4501808877	0.4149651905	0.3855281327	0.365820592	0.3600201094
	0.3725112085	0.4078068242	0.4701102673	0.5626713955	0.6853637824
	0.8203229933	0.9212412896	0.9616964821	0.9274812201	0.2916802752
	0.005501049347	7.154254484e-05	0.3988627129	0.2871457204	0.2538144511
	0.2931580522	0.3581615298	0.4283806481	0.4871059595	0.5248265594
	0.5410853815	0.5397079207	0.5250656849	0.50096198	0.4706538398
	0.4371550094	0.4035317791	0.3730894287	0.3494527797	0.336628963
	0.3391766953	0.3624932911	0.412839645	0.496182	0.614499991
	0.7557147508	0.8798783042	0.946978613	0.9559892756	0.7920905406
	0.06605087805	0.002550352352	9.969999225e-05	0.22516099	0.1340887921
	0.1099617441	0.1450048195	0.2181576763	0.3147823159	0.4043052795
	0.4637041632	0.4913328221	0.4953868323	0.4841241629	0.4634701057
	0.4374931617	0.4093271593	0.3818728916	0.3582118301	0.3418533103
	0.3369830899	0.3488445763	0.3841607856	0.450825617	0.5548434808
	0.6913809126	0.8302461952	0.9237659464	0.9563166088	0.9098091924
	0.35282938	0.01250899361	0.0007527179935	0.0002140225512	0.106698052
	0.05465413733	0.04226097348	0.06485677684	0.1269612197	0.2346018959
	0.3491246508	0.425734139	0.4599467131	0.4660696333	0.456807084
	0.4397961826	0.4192850325	0.3980356317	0.3785241456	0.3635597183
	0.3566430497	0.3623300753	0.3866978008	0.4375996052	0.5232134583
	0.6451325429	0.7838580685	0.8951158244	0.9481504969	0.9399043629
	0.6725685791	0.05037636048	0.002777788916	0.0001837788629	0.0003903868979
	0.04579983035	0.02194130059	0.01672470152	0.03062768073	0.08036844326
	0.193278091	0.3266256613	0.4106491202	0.4426473886	0.4458741315
	0.4368636261	0.4235855137	0.4094691922	0.3964391227	0.3864800062
	0.3823142467	0.3877474361	0.4079905889	0.4498906355	0.5212459249
	0.626455507	0.75444923	0.8695399506	0.9367810605	0.9493424835
	0.832537133	0.1676258563	0.008267475869	0.0005429259633	0.0002246413339
	0.0005644920046	0.0187135207	0.009102399685	0.007332798405	0.01716012902
	0.06189498814	0.1872125968	0.3343012966	0.4110682669	0.4306744702
	0.4270456416	0.4178382409	0.409161837	0.4025991433	0.3989674106
	0.3998715894	0.4082584845	0.4286356209	0.4671147652	0.5307141724
	0.6240391769	0.7403504828	0.8520214212	0.9260962811	0.9532677207
	0.9104319265	0.4241635721	0.02371342466	0.001731072145	0.0001386014443
	0.0005334929246	0.001238025688	0.00741127967	0.003837176604	0.003687523555
	0.01242370336	0.06206507862	0.2141815135	0.3626845695	0.4140937703
	0.414075623	0.4031075279	0.3953040491	0.392887342	0.3951430116
	0.4018589516	0.4144261889	0.4361781284	0.4724234881	0.5298722318
	0.6139731821	0.721583077	0.8315985778	0.9128164277	0.9525633459
	0.9508128372	0.778455091	0.1017173668	0.00628162882	0.0005948860976
	0.0004817856568	0.002011548626	0.005092421695	0.002921155723	0.00160252563
	0.002315858099	0.01238399604	0.08158622836	0.2715190959	0.3937653443
	0.4055499039	0.3859129526	0.3711946785	0.3676193474	0.3730474633
	0.3850014059	0.4026295906	0.427132359	0.4619540716	0.5126666672
	0.5855251581	0.6823964957	0.7912098575	0.8841228625	0.9400934313
	0.9607473431	0.936801766	0.600655689	0.04858455257	0.004860514212
	0.00186583845	0.003085196008	0.01022715318	0.02889781601	0.001222383087
	0.0007241244494	0.002143353355	0.01722825221	0.1304021186	0.3429271867
	0.4056369373	0.3769389196	0.3455741738	0.3325555812	0.3352921172
	0.3489258517	0.3705272902	0.3991416473	0.4355887287	0.4826473367
	0.5449961051	0.6271983641	0.727318668	0.8286133928	0.9055592234
	0.9471011821	0.9584883409	0.9215728697	0.5704492977	0.07526133195
	0.01628171107	0.01272077429	0.02150766898	0.06120125616	0.156214838
	0.0006213564042	0.0004932943489	0.003060588751	0.03194390504	0.2159045561
	0.394906532	0.3849661801	0.3305436348	0.2986254556	0.2909944357
	0.2997470777	0.3200281122	0.3499100206	0.3889566849	0.4374449776
	0.4964792354	0.5682579548	0.6544854936	0.7508459939	0.8415466691
	0.9072363271	0.9417274441	0.9487648064	0.9117019387	0.6866109261
	0.2592801816	0.1168649756	0.1129753015	0.1660150882	0.2948115933
	0.4639771062	0.0004112308684	0.0006062882846	0.005700732254	0.07040034567
	0.3132839878	0.4002510518	0.3363466614	0.2780331797	0.253086645
	0.2506040179	0.2625037213	0.2860152657	0.3212407012	0.369036495
	0.4295197731	0.5015332832	0.5831091839	0.6715377808	0.7610338765
	0.8402835716	0.8972665014	0.9280199872	0.9339982295	0.9061467872
	0.8003853043	0.6075455121	0.4846141336	0.4765464312	0.5251792886
	0.6090344118	0.6983641974	0.0003097118546	0.001087939079	0.01235228116
	0.1467342648	0.3719795938	0.360532729	0.2795508816	0.2322094916
	0.2144700965	0.2134752452	0.224120126	0.2462763948	0.2823152364
	0.3352015329	0.4063270239	0.4932365943	0.5889190516	0.6839629218
	0.7695712391	0.838823455	0.8874716803	0.9150147127	0.9227833786
	0.9087923814	0.8661626797	0.8028049269	0.753842889	0.7350043717
	0.7373017354	0.7609639466	0.797753575	0.0001936673454	0.002003855339
	0.03033773785	0.2458747952	0.382377012	0.3135189074	0.2414904066
	0.2046514836	0.1881693232	0.1834633748	0.1886705619	0.2054199041
	0.2375546961	0.2903132886	0.3683095038	0.4709572185	0.587518853
	0.6992183698	0.7901283855	0.8548870591	0.8962998744	0.9195200788
	0.9285099993	0.9248498082	0.9086845002	0.8827692593	0.8542188073
	0.8298541886	0.8153509634	0.8194032981	0.8393515425	0.0003221592659
	0.003706232939	0.08278500513	0.3918505749	0.4378508157	0.3480293739
	0.2810256564	0.2408410814	0.2155479529	0.2016218988	0.1991842781
	0.2102651453	0.2387788973	0.2905554649	0.3717127359	0.4830126297
	0.6116777889	0.7324752258	0.8246365459	0.8843081821	0.9188741241
	0.9369293218	0.9440829842	0.9428577327	0.9337690777	0.916798738
	0.8930295173	0.8662664653	0.8440187539	0.837898925	0.8519256569
	0.001116104917	0.004974373525	0.1635646714	0.582441931	0.5737375252
	0.4709597479	0.4029925367	0.3549028672	0.3184557532	0.2947361656
	0.2857948953	0.2941195054	0.3231537814	0.377037384	0.4583281641
	0.5630014396	0.6762802402	0.7774595795	0.8527494449	0.9012395155
	0.9293865144	0.9440547582	0.9497290935	0.9484915633	0.9407898246
	0.9264140403	0.9057947723	0.8816670377	0.8600616413	0.8499000739
	0.8573981684	