961	
	0.3825860224	0.4018835273	0.416455669	0.4195579343	0.4199293343
	0.4200065681	0.4186700401	0.3996826609	0.2845316297	0.05901288874
	0.07429895595	0.3098290946	0.4250608833	0.4938880113	0.5787151395
	0.6001485342	0.5226062095	0.4959703986	0.546806499	0.6038634732
	0.609791305	0.6009368475	0.5920170458	0.5800019745	0.5651940042
	0.5499452809	0.5410544763	0.536083829	0.5334881968	0.5289895285
	0.5196109707	0.2339259828	0.2884216975	0.3172201806	0.3224636511
	0.3228748686	0.3228213461	0.3212604827	0.3075785324	0.2349945878
	0.0561594051	0.04222364522	0.2310312453	0.3754019188	0.4510671254
	0.56133539	0.5998584108	0.4291419142	0.3191593422	0.3722344401
	0.4903520272	0.5262331264	0.5508245945	0.5790384513	0.582867935
	0.5750851856	0.5580680244	0.5482162839	0.5418923715	0.5381020167
	0.5344656879	0.5247478874	0.03391806073	0.04761792289	0.05685573689
	0.05776569637	0.05755003021	0.05748171459	0.05712038377	0.05442836401
	0.04408591577	0.01443003959	0.008010339175	0.06362045918	0.2092183923
	0.3051891081	0.4511178848	0.6136908101	0.3595779671	0.1368456282
	0.09467403756	0.1109037247	0.1245418622	0.1758018185	0.3249544122
	0.3950358228	0.4243153064	0.4578187684	0.5014364554	0.5090644598
	0.509056481	0.5092164859	0.5086838372	0.0705332244	0.05845371898
	0.05497132447	0.05441492525	0.05519208802	0.05605211206	0.05656450501
	0.05610270376	0.0542079605	0.05412869646	0.05170797364	0.03387820887
	0.03221683643	0.0569752791	0.137837571	0.4633964159	0.5552177224
	0.2574082235	0.1271103184	0.07208094993	0.04075207051	0.02222338916
	0.04904185593	0.07201130042	0.08276317512	0.1248273603	0.342488974
	0.4417519411	0.4620383489	0.4703472625	0.4794583508	0.3439567813
	0.3125878709	0.2980076728	0.2988650606	0.3045547314	0.3098815335
	0.3135717157	0.3153687013	0.3145151304	0.3093619312	0.2883825631
	0.2162305872	0.08992938517	0.06292720259	0.04624975225	0.07894467306
	0.200545415	0.5488850809	0.4867697804	0.3143958891	0.2424055379
	0.1489116478	0.1256106194	0.1213903311	0.09766125951	0.05151019941
	0.0930687761	0.31690704	0.4119885496	0.4377454938	0.4549776455
	0.4218399514	0.4024875499	0.3880532671	0.3882382914	0.3947417468
	0.4016811728	0.4069230606	0.4104348	0.4125689496	0.4133306038
	0.4106428352	0.3949079767	0.3534647372	0.3234666646	0.266639004
	0.0927931041	0.03818597904	0.142058768	0.3963073119	0.5639853012
	0.5695732244	0.550160692	0.5600204553	0.6032119829	0.5532115982
	0.3337570266	0.1019717122	0.09402432042	0.3061723577	0.4054146993
	0.4358485124	0.4439929432	0.4280380635	0.4179537599	0.4179454041
	0.4222047882	0.4274723068	0.4319970304	0.4356573033	0.4389312369
	0.4421456416	0.4449837406	0.445780842	0.4421409249	0.4376202408
	0.4193617196	0.3394247957	0.1880341168	0.06803760351	0.06230964852
	0.1554669493	0.360339555	0.3330498564	0.332253606	0.5265484613
	0.6663605068	0.6284325527	0.4057111002	0.1117900009	0.09079670577
	0.307264247	0.3973117888	0.4616786167	0.4507540271	0.4448839806
	0.4451441582	0.4475023666	0.4507148215	0.453947137	0.4570554556
	0.4602275835	0.4635006439	0.4665031012	0.4684588353	0.4689176153
	0.469171392	0.4675949166	0.457020307	0.4123044492	0.2938134509
	0.1079494753	0.0518493403	0.05747519886	0.06642992529	0.06318713432
	0.1576387339	0.3415354987	0.5124430323	0.598818517	0.3860140622
	0.07212578687	0.08823692236	0.2546746354	0.4790319663	0.472653903
	0.4696171902	0.4699681975	0.4711529681	0.4728517806	0.474865038
	0.477110774	0.4795473709	0.4820121681	0.4841666702	0.4856555021
	0.4865510964	0.4877667541	0.4899536797	0.4930509155	0.4945718146
	0.4766895638	0.4040065301	0.298637235	0.1167188028	0.04972609467
	0.0212322594	0.03971610608	0.09276284855	0.180396965	0.4140695822
	0.5883985387	0.1943951757	0.0247306478	0.0400061882	0.4939318181
	0.4910905772	0.4898502667	0.4899175372	0.4902283563	0.4908724035
	0.4918686035	0.4931466886	0.4945602922	0.4958983815	0.4969395837
	0.497598867	0.4981241188	0.4991656344	0.5014510346	0.5057255475
	0.513012369	0.5223412597	0.5258968544	0.5130094522	0.4387731738
	0.3003733033	0.1202494472	0.06752308636	0.06256393013	0.08298065854
	0.2001402157	0.5871385398	0.4944137548	0.07978348391	0.01650190407
	0.5020571736	0.501311934	0.5013008894	0.5012215341	0.5011503104
	0.5013295132	0.5017611862	0.5023260704	0.5028387984	0.5031166982
	0.5030546626	0.5027126349	0.5023710629	0.5024980157	0.5036365548
	0.5064341178	0.511755313	0.5203707668	0.5321500436	0.5451898645
	0.5499220015	0.5284160219	0.43732274	0.2727969175	0.204135003
	0.1655061953	0.2046137325	0.5057089621	0.606435922	0.1240067715
	0.01291190031	0.4993116941	0.4986186751	0.4995806806	0.50019261
	0.5007961263	0.5015487502	0.5023041151	0.5028614972	0.5030272632
	0.5026820416	0.5018291216	0.5006197163	0.4993390898	0.4983564981
	0.4980849281	0.4990033346	0.5016302839	0.5063048387	0.5130024046
	0.5214984607	0.5312767926	0.5413712051	0.5430994926	0.5150300841
	0.4857867419	0.4451133554	0.4426908244	0.6103999651	0.642693707
	0.1343427817	0.007890413576	0.48430301	0.4810754209	0.4827477313
	0.4853737199	0.488207189	0.4910340016	0.4934172279	0.495026766
	0.4956868122	0.4953888215	0.4942753661	0.4926053622	0.4907076667
	0.4889391638	0.4876716186	0.487293453	0.4881332626	0.4902648002
	0.4933699215	0.496894532	0.5005383714	0.5046051287	0.5083642643
	0.5084920658	0.5083572199	0.5093232132	0.553029372	0.6828247752
	0.6440549042	0.1327313911	0.006929668976	0.4580800589	0.4496228027
	0.4516420384	0.4579879675	0.4650729421	0.4718517575	0.4774118638
	0.4812494737	0.4832742977	0.4836872934	0.4828481254	0.4811795987
	0.4791111753	0.4770557152	0.4754112137	0.4745512218	0.4747425872
	0.475992246	0.4779421296	0.479926273	0.4811682893	0.4808735324
	0.4780434992	0.4726233055	0.4716210787	0.493712155	0.5741170082
	0.6935125512	0.6081622633	0.1245247639	0.007341314906	0.4216949692
	0.4056719762	0.4078220833	0.4202764347	0.434460177	0.4475765328
	0.4579915903	0.4651150305	0.4691590498	0.4707259633	0.470508363
	0.4691540402	0.4672335811	0.4652526644	0.4636726489	0.4629023579
	0.4632282279	0.4647012755	0.467058134	0.4697208847	0.4718176491
	0.472167984	0.4696646475	0.4656479112	0.47005169	0.5063222184
	0.5990787666	0.6863038936	0.5452327638	0.1120910481	0.008444677824
	0.3751988352	0.350193121	0.3527223167	0.3745182745	0.3997094508
	0.4220804421	0.4389647474	0.4500759422	0.4563993236	0.459235659
	0.4597359274	0.4588064277	0.4571622633	0.4554032614	0.454064886
	0.4536217843	0.4544342929	0.4566605493	0.460182276	0.4645620083
	0.4690132331	0.4725066651	0.4746170418	0.4782190423	0.4941993173
	0.5422902138	0.6273755885	0.6561675607	0.4451670164	0.0929826656
	0.01016542339	0.3192833236	0.286133835	0.2900231487	0.3245159475
	0.3649540547	0.3992637025	0.4235268737	0.438600186	0.4469315729
	0.4508223037	0.4519434718	0.4514318202	0.4501028409	0.4486150844
	0.4475602373	0.4474842251	0.4488476445	0.451946343	0.4568230394
	0.4631922398	0.4704394721	0.4779615144	0.4863660959	0.4998067265
	0.5280567786	0.5816513786	0.6390620541	0.5899364134	0.3158676815
	0.06803514113	0.01362705641	0.2579783978	0.2217388282	0.2286232937
	0.277618121	0.3359671958	0.3830098438	0.413880287	0.4318055723
	0.441317492	0.4458095463	0.4473791567	0.4472841464	0.4463546468
	0.4452433109	0.4445503772	0.4448626754	0.446727141	0.4505766783
	0.4566333713	0.4648292367	0.474874348	0.4867829921	0.5020490972
	0.5248355226	0.5609570005	0.6080332083	0.6206898018	0.4923480507
	0.2085553912	0.04903467552	0.02036868012	0.1992189972	0.168361321
	0.1801212858	0.2433098897	0.3189537444	0.3761730267	0.4107065167
	0.4293857806	0.4389278059	0.4435178359	0.4454087639	0.445813142
	0.4454765664	0.4449749823	0.4448546147	0.4456822787	0.4480338238
	0.4524396828	0.4593180644	0.4689479485	0.4816110814	0.498082501
	0.5201515963	0.5499944159	0.5865561376	0.6130571751	0.5706886616
	0.3822981776	0.1407499761	0.04369241805	0.03070124203	0.1511055394
	0.1306805893	0.1498328423	0.2276911135	0.3172398944	0.3790210713
	0.412856274	0.4299188653	0.4384478422	0.4427818256	0.444981133
	0.4460520976	0.4465779403	0.4470076915	0.4477834105	0.4493878208
	0.452346276	0.4572129132	0.4645906902	0.4752389241	0.4902910106
	0.5113588829	0.5395815719	0.5728578828	0.6011179518	0.5948992512
	0.4968043702	0.2812192297	0.1017766536	0.04892774475	0.04664908348
	0.1139509422	0.1044258763	0.1349226156	0.2308703036	0.3293641957
	0.3889322583	0.4179390688	0.4316069038	0.4385060797	0.442456048
	0.4450486467	0.446977479	0.4486211531	0.4502827957	0.4522817906
	0.4549819797	0.4588019249	0.4642618439	0.4721450708	0.4838004675
	0.5013765449	0.5271091524	0.5600960558	0.5914339186	0.6007652892
	0.551716243	0.407371459	0.2044526445	0.08406757121	0.0614173388
	0.07310797509	0.08354015676	0.08390099977	0.1312417006	0.2493301431
	0.350420394	0.4019666497	0.4235603277	0.433010952	0.4380928447
	0.441690688	0.4447900914	0.4477199468	0.450638157	0.4537066695
	0.4571372242	0.4611927391	0.4662095095	0.472727271	0.4818152705
	0.4955078725	0.5167221378	0.5470792873	0.5811837015	0.6007986627
	0.5759583578	0.4767215717	0.305709047	0.1528619629	0.08318300253
	0.08262915209	0.112659665	0.0572989063	0.06698564607	0.1360703497
	0.2775165104	0.3748934962	0.4147881087	0.4280859576	0.4332421494
	0.4365882119	0.4399408245	0.4436381328	0.4476275198	0.4518486525
	0.4563420443	0.461253785	0.4668250181	0.4734456513	0.4818678442
	0.4936070968	0.5112107191	0.5372739592	0.5702597519	0.5968274683
	0.5888329793	0.5158568506	0.3717459789	0.2130648191	0.1243998655
	0.09737918972	0.1182552561	0.1655331464	0.03962262999	0.05630243496
	0.1492993836	0.3098889224	0.3985518244	0.4252311759	0.4304442635
	0.4316833098	0.4335765658	0.4368535777	0.4412130108	0.4462467033
	0.4517074712	0.4575458748	0.4638909747	0.4710583426	0.4796464739
	0.4907625696	0.5062594748	0.5284060339	0.55770536	0.5874605697
	0.5972364014	0.5547645919	0.4403361066	0.2867376269	0.1751533567
	0.1325520262	0.1352240502	0.1776549616	0.2387043936	0.03008394406
	0.05238091364	0.1709270516	0.3425080271	0.4184238529	0.4316593724
	0.4296499561	0.4277650878	0.4287310557	0.4321797006	0.4372449196
	0.4432621612	0.4498719444	0.4569708386	0.464683879	0.4734122514
	0.4839558458	0.4976449477	0.516221713	0.5408313906	0.5692219113
	0.591086727	0.5857706863	0.5313322005	0.4244745078	0.2997354686
	0.218398878	0.2008670433	0.2224073816	0.2748760181	0.3321699397
	0.02532707368	0.0536596283	0.1992738464	0.3728130689	0.4320450819
	0.4324605521	0.4248015343	0.4210900516	0.4218765979	0.4257644529
	0.4315208911	0.4384133212	0.4460869969	0.4544178888	0.4634798557
	0.4736312634	0.4856476558	0.5007385231	0.5201484039	0.5439070292
	0.5684984179	0.5844240559	0.5772486387	0.5369913718	0.4701218985
	0.4008984798	0.3590417806	0.3514130611	0.3643668985	0.3927022957
	0.4254119198	0.02319587573	0.05892814094	0.2329791876	0.3988190015
	0.4375477403	0.4267249164	0.4157920844	0.4118789346	0.4131959204
	0.4176122691	0.4238705262	0.4314163879	0.440035815	0.449621903
	0.4601301313	0.4716829205	0.484717209	0.499982942	0.5181317306
	0.538706512	0.5587571032	0.5722082193	0.5719309946	0.5552340369
	0.5277535913	0.4993734638	0.4786114122	0.4671101583	0.4631874649
	0.4700148399	0.4831281102	0.02221286973	0.06650856108	0.2699013983
	0.4178770073	0.4344280483	0.4157017883	0.4043315361	0.4014858098
	0.4034599294	0.4079896293	0.414202559	0.4219384531	0.4312326163
	0.4420515363	0.4542322511	0.4675650997	0.4819408999	0.4974237682
	0.5140605355	0.5313270017	0.5474528293	0.5593565021	0.5639963868
	0.5606011616	0.5508910162	0.5367652999	0.5205549165	0.5052167866
	0.4946615636	0.4943511949	0.4999710956	0.0191146918	0.07297661522
	0.3048619286	0.4275582192	0.4255927791	0.4041787248	0.3943704489
	0.3923216612	0.3938396298	0.3973051954	0.4025087774	0.409736989
	0.4192890728	0.4312625037	0.4454842367	0.4615303058	0.4788043085
	0.4966308346	0.5142847147	0.5308840365	0.545203106	0.5556728155
	0.5608533479	0.5600887792	0.5533603974	0.5409636317	0.5247912338
	0.5085506126	0.4968832895	0.4950517205	0.4985661628	0.01892282703
	0.08233896463	0.3426101514	0.439742256	0.4273195972	0.4070625731
	0.3980111151	0.3944723136	0.3934422648	0.394308971	0.3973666274
	0.4031112935	0.4119488522	0.424071429	0.4393937965	0.4575129663
	0.4776816064	0.4988015126	0.5194570754	0.538013151	0.5527964765
	0.5623698645	0.5658582394	0.5631232823	0.5545459358	0.5409223793
	0.5240468455	0.5069347543	0.4937016999	0.4899178401	0.493240415
	0.03403889612	0.08777014864	0.3860947055	0.4699473623	0.4498438962
	0.4304459305	0.4216510828	0.4168770425	0.4141366921	0.4132615792
	0.414575023	0.4184757828	0.4252779466	0.4351334321	0.4479799497
	0.4634967763	0.481058726	0.4996904517	0.5180507133	0.5345044188
	0.5473397586	0.5551353829	0.5571682521	0.5536022936	0.5452423539
	0.5331960129	0.5189193831	0.5044266931	0.4926168047	0.4876326601
	0.4899080946	