961	
	0.4050568137	0.4428607797	0.4510866981	0.452550545	0.4527724309
	0.452975103	0.4491956869	0.3501153788	0.07484952113	0.04162554524
	0.2018468373	0.4060125556	0.4578924626	0.5133579624	0.5951636819
	0.6122485437	0.5812697249	0.5900740276	0.5790887218	0.570955188
	0.562534094	0.555106919	0.5483051656	0.5416942453	0.5342493841
	0.5254030296	0.52067792	0.518306049	0.5160624636	0.5170482206
	0.5229319229	0.1530333159	0.3079492424	0.3511340184	0.3544245797
	0.35450979	0.3541512223	0.349686973	0.2947901295	0.07177677658
	0.02149455219	0.1307763021	0.3668451337	0.4259820082	0.4717936096
	0.5866864117	0.5986518444	0.5000378038	0.5130272144	0.5293960722
	0.5569470379	0.5584230771	0.55448408	0.5508340561	0.5477305888
	0.5404964672	0.5223716077	0.5120004922	0.5061223455	0.5024226596
	0.5033502634	0.5141597836	0.05054566623	0.04531145609	0.06516505063
	0.06397882006	0.06360005275	0.06346000702	0.06278899139	0.05674042992
	0.0178806791	0.005504450198	0.06125822332	0.2899618073	0.3485619824
	0.3613370492	0.478810314	0.5773981014	0.2303918801	0.1319775456
	0.1610979086	0.3389928885	0.4124169102	0.4305346365	0.438727096
	0.4468631637	0.455883098	0.4702143794	0.4942103391	0.4874154973
	0.4816329851	0.4835177054	0.5002580396	0.2974617964	0.1132678523
	0.06685872128	0.06297365351	0.0629969383	0.06338581465	0.06370140625
	0.06366360346	0.06287673376	0.06768285413	0.05173147359	0.05206896509
	0.06837077826	0.0719076327	0.1600334344	0.5117779489	0.3902718918
	0.2061334612	0.102835593	0.06345197379	0.08036084467	0.08140198913
	0.08231884106	0.08630022897	0.09306020824	0.135431611	0.3735360536
	0.4519049923	0.4551236199	0.4604886854	0.4841973943	0.436130316
	0.3723369301	0.3375933563	0.3402842063	0.3417189835	0.3437226415
	0.3458828772	0.347773652	0.3491537829	0.3483330396	0.3065043398
	0.1115819776	0.06911863853	0.06736779565	0.05343773412	0.09355967308
	0.1880685907	0.5631673202	0.4949904329	0.2033041536	0.1263704608
	0.1204078307	0.1114536352	0.099967541	0.06689957062	0.0257309694
	0.1006248726	0.3486846655	0.4251875072	0.4404393393	0.4695989988
	0.4548642977	0.4204693949	0.410750056	0.4135834901	0.4138171521
	0.4150638686	0.4168369153	0.4184432575	0.4196820914	0.4202490622
	0.4160307082	0.3745965852	0.3524479584	0.3503433327	0.3050361036
	0.1161525426	0.05747437509	0.1106435263	0.2094439249	0.5214353102
	0.5618011021	0.5941167361	0.5848730317	0.5444673941	0.4459622473
	0.1995838669	0.06958013856	0.1020145164	0.3359479908	0.4226275508
	0.4598216416	0.4650625205	0.4347918854	0.4269518512	0.4282585619
	0.4276974825	0.4276786947	0.4283315511	0.4290634123	0.4296709237
	0.4300735562	0.4298475764	0.4275478719	0.4287335198	0.4288630863
	0.4217994072	0.376627194	0.3101324936	0.1188454588	0.06102580944
	0.1424028935	0.4307495056	0.5424526685	0.585350528	0.6039418857
	0.6017331323	0.577396333	0.3582984108	0.1148704221	0.09760538233
	0.3397828225	0.4435959543	0.4744401344	0.4479461856	0.4415031134
	0.4428578051	0.4427222859	0.4425397281	0.4428175541	0.4432654574
	0.4436670087	0.4438909268	0.4437974587	0.4433172219	0.4429828561
	0.4420424983	0.4400549849	0.4357718355	0.4300212462	0.383842129
	0.3140847265	0.1054303971	0.0949026653	0.2376505611	0.2847151879
	0.2673018596	0.2275550851	0.2555755853	0.4884507985	0.4201027024
	0.06981009603	0.1232841782	0.3616237226	0.4825718461	0.4597079575
	0.4544243821	0.4555895403	0.4559679579	0.4563669259	0.4569715004
	0.4576303335	0.4581715451	0.4584781509	0.458503862	0.4583675591
	0.458293796	0.4581318155	0.457558993	0.4564210947	0.4547711467
	0.4498602899	0.4400345436	0.3529986898	0.1048128607	0.04413611095
	0.05709474404	0.06144432078	0.06049903495	0.07101605716	0.2502476257
	0.6023788258	0.1308519123	0.08497846869	0.3169712636	0.4894898736
	0.4698461314	0.4656837241	0.4669382065	0.4677562981	0.4687652349
	0.4698726938	0.4709096188	0.4717407616	0.4723048708	0.4726484984
	0.4729721192	0.4735008132	0.4742203452	0.4749667357	0.4757595565
	0.476743723	0.4776822637	0.4777951591	0.4690181461	0.3819908937
	0.1157045025	0.02212806866	0.01939232727	0.02972590144	0.04894968144
	0.1596058076	0.5649569237	0.2202856838	0.0617048667	0.2681228278
	0.4954188251	0.4784507947	0.4750995318	0.4764940981	0.4776205832
	0.4789794409	0.480389125	0.481668928	0.4826998059	0.4834617252
	0.4840581449	0.4847160547	0.4856651292	0.4869913315	0.4887255745
	0.491051597	0.4942729666	0.4986707822	0.5044965084	0.5119238757
	0.5166523962	0.4417669086	0.1837161683	0.1383698122	0.1383932545
	0.1475225892	0.1971503624	0.4896201803	0.5839586879	0.09873942508
	0.05647828407	0.499728342	0.4846882735	0.4817714163	0.4831571475
	0.484370652	0.4857882274	0.4872045282	0.4884453377	0.4894035342
	0.4900764544	0.4905811541	0.4911297853	0.4919335806	0.4931242135
	0.4948206538	0.4972396374	0.5006757755	0.5054675449	0.5121049534
	0.5216263349	0.5366329975	0.5577411974	0.5454105039	0.5528260324
	0.549507287	0.5344456688	0.5082719404	0.5744623912	0.648053808
	0.1414665445	0.01080867701	0.5011353426	0.4870086497	0.4842593535
	0.4854990227	0.4866424808	0.4879527979	0.4891932929	0.4901709678
	0.4907805185	0.4910235698	0.4910060161	0.4909014845	0.4908772289
	0.491046712	0.491504863	0.4923734207	0.4937757025	0.4958127665
	0.4986211474	0.5025439031	0.5084746387	0.5181771947	0.5316022634
	0.5533247227	0.5525594598	0.5323343711	0.5257050948	0.6127058224
	0.650922934	0.1363666278	0.004740496219	0.4986062216	0.4840422922
	0.4813909956	0.482566208	0.4836503841	0.4848964338	0.4860042177
	0.4867034952	0.4868657549	0.4864943245	0.4856849478	0.4845763106
	0.4832907943	0.481902701	0.480454064	0.4789728062	0.477459526
	0.4758881041	0.4742638462	0.4727329814	0.4716770635	0.4716578158
	0.472794119	0.4756249238	0.4771029538	0.4822217777	0.5188702636
	0.6292459232	0.6340521284	0.132574099	0.005867278047	0.4915480656
	0.4747866182	0.4720592736	0.4737009521	0.475222098	0.4768655639
	0.478235597	0.4789483339	0.4788458051	0.4779533602	0.4763854691
	0.4742768162	0.4717331845	0.4688135138	0.4655448982	0.4619443076
	0.4580361354	0.4538946093	0.4497310148	0.4459962018	0.4434014045
	0.4427326883	0.4444198582	0.4487250935	0.4579577231	0.4819034403
	0.539982392	0.6381598273	0.6003864622	0.1251851759	0.006736714945
	0.4796193855	0.4587747594	0.4555650931	0.4585059979	0.4615423924
	0.4646422481	0.4671292355	0.4684861067	0.4685764612	0.4675134947
	0.4654916802	0.4626933574	0.4592499068	0.4552419359	0.4507268854
	0.4457777749	0.4405310045	0.435258581	0.4304633803	0.4269477922
	0.4257587603	0.4279524159	0.4343441308	0.4459922302	0.4663123614
	0.5038886279	0.5683439026	0.6340223983	0.5477011072	0.1143681343
	0.00789742938	0.4626746153	0.4360517447	0.431894915	0.4372809089
	0.4434165636	0.4494996112	0.4542769144	0.4570923042	0.4579487824
	0.4571645664	0.4551017775	0.4520498902	0.4482045132	0.4436937688
	0.4386265998	0.4331505653	0.4275205174	0.4221849213	0.4178754088
	0.4156417953	0.4167525983	0.4224711433	0.4339631529	0.4529635133
	0.4834050749	0.5307819337	0.5916596377	0.6152051656	0.4769213028
	0.1005542246	0.009418869815	0.4406041428	0.4067766375	0.4015640307
	0.4110924294	0.4224721326	0.4333027066	0.4414997351	0.4464182779
	0.448436875	0.448247622	0.4464719943	0.4435495654	0.439757854
	0.4352775737	0.4302667181	0.4249350625	0.4196249864	0.414904405
	0.4116550065	0.4111000204	0.4147114719	0.4240340488	0.440627422
	0.4665699751	0.5052208925	0.5576185234	0.6046634827	0.5743929978
	0.3769184509	0.08174087503	0.01106029558	0.4122363644	0.3698446495
	0.3645614899	0.3813009815	0.4009152952	0.4183185922	0.4306360628
	0.4377513479	0.4408687387	0.4412749496	0.4399114935	0.4373620415
	0.4339652257	0.4299357814	0.4254651381	0.4208066462	0.4163603972
	0.4127684998	0.4110079236	0.41243095	0.4187176456	0.4317661416
	0.453529219	0.4860885777	0.5311192147	0.5818227974	0.5974454934
	0.4984897488	0.243824029	0.0559897919	0.01350079288	0.3762071309
	0.3252413821	0.3212823103	0.3496065703	0.3812996389	0.4068240744
	0.4231310006	0.4317354493	0.4353335359	0.4360087538	0.4349971775
	0.432946353	0.4301905109	0.4269399306	0.4234010607	0.4198620892
	0.416772463	0.41483375	0.4150935583	0.4189971943	0.4284063642
	0.4455742695	0.4727145853	0.5112174775	0.5589065611	0.5936189501
	0.5534320494	0.3757728319	0.1441876545	0.04003037262	0.02159885367
	0.3302669953	0.2748102363	0.2748942499	0.3193097644	0.3667034856
	0.4007119926	0.4195715118	0.428136491	0.4312234388	0.431702764
	0.4309305127	0.4294686074	0.4275560132	0.4253544326	0.423072575
	0.4210416792	0.4197821029	0.420078386	0.4230533788	0.4302132734
	0.4435602242	0.465649506	0.4984188145	0.54067865	0.5807867738
	0.5754765725	0.4593978576	0.2367987967	0.0866945639	0.04236558667
	0.03995582357	0.2719190297	0.2214912823	0.2310144836	0.2956109766
	0.3604350615	0.4008721464	0.4193250866	0.4258526477	0.4274762551
	0.4274369537	0.4268893578	0.4261434247	0.4252685309	0.424347107
	0.4235831939	0.4233646486	0.4243178227	0.4273610886	0.4337315606
	0.4449706009	0.4631397413	0.4909182802	0.5286069404	0.5683402035
	0.5829537465	0.5160567018	0.3309319134	0.1484554108	0.06445279005
	0.0589530767	0.07629773298	0.205541744	0.1704248113	0.1958765885
	0.2841569711	0.3646203173	0.4063480311	0.4205270998	0.4233035824
	0.422994965	0.4224419945	0.4222584671	0.422400687	0.4227483705
	0.4232964052	0.4242291298	0.4259749383	0.4292636068	0.4351775082
	0.4451512767	0.4608245229	0.4840452045	0.516929818	0.5564944403
	0.584493229	0.5610828622	0.4334896325	0.2402014682	0.1134938623
	0.07540366499	0.09986229615	0.1518241675	0.1416253445	0.1273731396
	0.1746735918	0.2890133651	0.3783736219	0.414070487	0.4206980164
	0.4190881258	0.4170574201	0.4162902456	0.4166893935	0.4178779385
	0.4195914711	0.4217511147	0.4244922774	0.4282261965	0.4337324826
	0.4422525041	0.4555106271	0.4753744493	0.503060909	0.538510106
	0.5744160726	0.5858233987	0.5311127808	0.3842366886	0.2194655182
	0.1349957201	0.1263773504	0.1792862076	0.267149272	0.08931926864
	0.09582513684	0.1710788994	0.3105611796	0.3970155158	0.419898843
	0.4178328448	0.4125408485	0.4094988729	0.4089035945	0.410038346
	0.412332788	0.4154776838	0.4193579092	0.4240323504	0.4298147601
	0.4374305672	0.4481755282	0.4639308094	0.4866108356	0.5164710198
	0.5504228525	0.5782315299	0.5745575989	0.5129107506	0.3873634377
	0.267466721	0.218625601	0.2295908684	0.2875468788	0.3685758801
	0.05361425737	0.07679403831	0.1870507032	0.3436314901	0.4137724733
	0.4205093002	0.41123949	0.4038686668	0.4006263226	0.4004401032
	0.4022699318	0.4055614794	0.4100889112	0.4157610486	0.4225515272
	0.4305877417	0.4403599947	0.4529304235	0.4699003232	0.4927077937
	0.5207578602	0.5493623264	0.5690880047	0.5616894202	0.5114974614
	0.4276345264	0.3586836674	0.3364580733	0.3494462188	0.3848766604
	0.4357583992	0.0340454091	0.07035913399	0.2221239139	0.3780451663
	0.4228675884	0.4148582801	0.4016423967	0.3939357004	0.3910238426
	0.3911679787	0.3933857788	0.3973541343	0.4030525466	0.4104841745
	0.4195603558	0.4301633041	0.4423511686	0.4565912224	0.4737711839
	0.4946028762	0.5181407826	0.5400169284	0.5526223926	0.5471274344
	0.517877985	0.4726455293	0.4379054431	0.4264716982	0.4305276874
	0.446363153	0.4743904603	0.02490300056	0.07320086003	0.2697098968
	0.4038704711	0.4218135728	0.4045733529	0.3909849621	0.3841141042
	0.3814866116	0.3814470505	0.3834302212	0.3874978647	0.3939054043
	0.4028073009	0.4141161992	0.4275113718	0.4425721254	0.4589768065
	0.4766277653	0.4954410232	0.5145601026	0.5312537915	0.5407739944
	0.5384964065	0.5236050003	0.5016447131	0.4836092461	0.4750710759
	0.4738971536	0.4808464247	0.4969970323	0.01898116865	0.07775360659
	0.3138385579	0.4160111388	0.4127665409	0.3932182223	0.3814016587
	0.3751004784	0.3717437246	0.3704366685	0.3712408248	0.3746218967
	0.3810923525	0.3909796928	0.4042944108	0.4206869209	0.4394757479
	0.4597319943	0.4804094193	0.5004561672	0.5187396263	0.5336829933
	0.5430166783	0.5444846394	0.5377058532	0.5255063232	0.5127032331
	0.5029362165	0.4978124155	0.5003128717	0.5108908559	0.01762358777
	0.08759483822	0.3576947572	0.4312097773	0.4165686963	0.398880527
	0.3881424513	0.3805627688	0.3748291303	0.3710152728	0.3696809625
	0.3715158887	0.3771477051	0.3870000154	0.401190183	0.4194714722
	0.4411998625	0.4653043531	0.4902856394	0.5143077334	0.5353983253
	0.5516580867	0.5614375349	0.5636880438	0.558512195	0.5475375443
	0.5336825567	0.5203584111	0.5106578907	0.5087902178	0.51708655
	0.03271673769	0.09258812415	0.4131026832	0.4763109087	0.453980273
	0.4385372751	0.4289040177	0.4209937463	0.4144086571	0.4095729262
	0.4070949055	0.4076044006	0.4116389348	0.4195282225	0.4313045578
	0.4466689044	0.4650012446	0.4853743045	0.5065521364	0.5270062625
	0.5450026375	0.5587762439	0.566802616	0.5682492212	0.5634093113
	0.5537184978	0.541434699	0.5292365879	0.5196843055	0.5156655263
	0.5207765889	