813	
	0.2384965801	0.190155631	0.2477095627	0.2035257504	0.1540670067
	0.5180531927	0.4353985441	0.3912289947	0.3530280603	0.2152900741
	0.1891031797	0.1406122736	0.604305978	0.5253130323	0.1959443981
	0.177467459	0.1318003498	0.2884176913	0.1312261384	0.1155488832
	0.1441880372	0.1973909426	0.4435763609	0.3939736305	0.3601262445
	0.3078000094	0.1226509788	0.09520399019	0.08670805792	0.6429843201
	0.4849887975	0.5971141021	0.112466021	0.0759590511	0.08082663369
	0.07014961101	0.2133142677	0.08993396289	0.1230064486	0.401894952
	0.3203822841	0.3497401837	0.2502102414	0.0640154426	0.06091755067
	0.1127201521	0.06767904975	0.5552713018	0.5651243752	0.5767888029
	0.5861694881	0.6243466443	0.5599545588	0.5648137545	0.6168536276
	0.4273801217	0.5136289853	0.05608623279	0.06253482253	0.04677098552
	0.1301753279	0.06494719794	0.3533167123	0.2696940926	0.2741348152
	0.1758668985	0.127831178	0.05467979883	0.07742299339	0.09703603261
	0.0964399146	0.1945276554	0.1148486301	0.07284252371	0.5500238869
	0.5635007259	0.5822269608	0.5872184493	0.5774771675	0.4854225169
	0.4965049168	0.5131999427	0.5592608	0.4920392877	0.448596227
	0.342214881	0.4248055581	0.4281094665	0.05933235481	0.1100574642
	0.05293557472	0.086681832	0.2627872686	0.1773673947	0.1186432061
	0.08314665106	0.10566024	0.1457944648	0.1971933362	0.1878591503
	0.1702094714	0.228512017	0.166315643	0.1953210417	0.3028338861
	0.1464909717	0.5364305005	0.5499504322	0.5564075737	0.3415443764
	0.4136615997	0.2901371662	0.3765141679	0.227058156	0.4150919237
	0.4860788336	0.3113646112	0.336411369	0.2313754651	0.3707575536
	0.3649461583	0.08035863807	0.1213295	0.07140290042	0.07897854444
	0.1470682171	0.08829298201	0.1841822423	0.2341096997	0.1747796341
	0.2711677997	0.295968885	0.3071379722	0.2738370262	0.3134048198
	0.2646535149	0.3660491238	0.1829213304	0.2044795311	0.509392642
	0.4953411382	0.1968428468	0.1413215543	0.2495153293	0.1421743854
	0.3270793157	0.3637028269	0.3786157777	0.1091128655	0.2441691569
	0.1704771948	0.3207014914	0.2868493812	0.3836293593	0.3280635731
	0.3907865105	0.09471006245	0.1822509518	0.08607399341	0.0843226435
	0.2308636349	0.1085209204	0.1570209293	0.3012951999	0.246513627
	0.3456960709	0.2510042327	0.3408566867	0.3557450052	0.3756546114
	0.377895282	0.320492819	0.384670227	0.2644429791	0.2126729104
	0.2423813648	0.4636054911	0.4565720947	0.05969635367	0.3795836201
	0.07266987265	0.0909653672	0.09533247397	0.17735937	0.2470261055
	0.2062956596	0.1784041284	0.09811660001	0.3037688421	0.3605676525
	0.3963828884	0.4096079761	0.434572028	0.1448377825	0.120454236
	0.1061000816	0.262004018	0.2586869248	0.3359546342	0.147660669
	0.1286249424	0.132931978	0.3935864116	0.3622272291	0.2814271245
	0.3493295373	0.3917682909	0.4041582684	0.3979676	0.4143422794
	0.3417069365	0.3906094973	0.3303529809	0.3075856504	0.3587747874
	0.295215709	0.3986206734	0.04474752043	0.06001401486	0.3039548937
	0.1738710672	0.04689369812	0.07913355952	0.09920332683	0.1632724396
	0.08639901004	0.1460485665	0.2828869731	0.417473108	0.4187998018
	0.4833922283	0.4975215262	0.4934068084	0.4387006353	0.2115844622
	0.1674286622	0.3486603127	0.1986270372	0.2464395219	0.277451059
	0.1943418249	0.1352549929	0.1087062662	0.1315094019	0.4114514752
	0.4311801665	0.4174611869	0.391160281	0.4231815666	0.4338466598
	0.4257004751	0.4470661617	0.4446539372	0.4270316193	0.4079411284
	0.4400737231	0.4809400424	0.4413082891	0.4241024307	0.06614348988
	0.3172387582	0.04168267064	0.20556554	0.08572096927	0.04373221023
	0.2322602815	0.2203135422	0.1284030035	0.3820412736	0.2165929353
	0.5118885065	0.5361613926	0.5600669107	0.4019613666	0.2137844563
	0.2955525492	0.403425312	0.2902176829	0.1460760203	0.1383492395
	0.1512854067	0.1123140829	0.116085605	0.4525094169	0.4634861004
	0.4532866482	0.4788386634	0.4772440941	0.4901676348	0.4743799927
	0.4790894209	0.5161343499	0.5237450699	0.5402835278	0.5297266597
	0.1667096005	0.07171321964	0.1405856805	0.1846841361	0.2570944143
	0.04345704604	0.08823999369	0.0450524228	0.3485888391	0.2465086034
	0.4777012803	0.3042199953	0.5499058929	0.4848086555	0.509253614
	0.4053373486	0.1895166399	0.31609654	0.4519064137	0.3809005541
	0.304212893	0.09978230623	0.1673542785	0.09706248656	0.1205619816
	0.4906873391	0.4829692046	0.4926510105	0.4950639116	0.5080991876
	0.5258654077	0.5630067644	0.5219638663	0.5135189641	0.5801801504
	0.5762667936	0.5926620693	0.2937717558	0.1992771205	0.08843887037
	0.2295966171	0.1503535505	0.04937493655	0.06229365308	0.3682902747
	0.3746946116	0.4742178742	0.4423681075	0.2741259135	0.2121131494
	0.430426458	0.3684753796	0.09771248379	0.1468490797	0.1641045852
	0.5044142949	0.5199893923	0.5080215038	0.5229729851	0.5214356451
	0.5185352385	0.5700427563	0.6051742158	0.5514341933	0.5984196441
	0.6173461018	0.3617426059	0.2614001623	0.1421603822	0.07863953389
	0.1945538484	0.1328244459	0.07268743121	0.3499461754	0.3442330563
	0.3820682879	0.392923737	0.297475509	0.2852506645	0.4267957043
	0.1623842059	0.2845633521	0.2434707201	0.2144499903	0.4686760045
	0.3941494662	0.4915054669	0.5430625106	0.5254677839	0.5262583431
	0.5281110742	0.5104493979	0.591104675	0.6163489068	0.5644292191
	0.5976380542	0.6140349803	0.1174086403	0.4066333198	0.180022984
	0.09702924725	0.07572033513	0.1084242799	0.3135178332	0.2552923903
	0.3739744094	0.4551226453	0.4285739151	0.3244666234	0.2840123746
	0.3925640066	0.294816565	0.4848027227	0.4256597718	0.367456242
	0.4736106399	0.537679882	0.519070719	0.5282547532	0.5041588814
	0.5941121535	0.6047345906	0.565750757	0.5480220006	0.5864788249
	0.5920368162	0.5976594122	0.05405245231	0.4324221994	0.1361475185
	0.0694721237	0.3150368026	0.2197673957	0.5065497927	0.4947326943
	0.3524405359	0.392880217	0.5470133729	0.5884995026	0.4369494508
	0.4064452077	0.4878029988	0.5294712798	0.5157457297	0.5028419539
	0.5742483119	0.5688087812	0.5168373424	0.5379300997	0.5559166899
	0.5555722259	0.5270771542	0.5515064796	0.04501691875	0.4009738081
	0.2448877749	0.08780776712	0.1712144914	0.5063955559	0.5737403223
	0.5855296026	0.4508802122	0.4697749496	0.5440777413	0.6180459641
	0.630233756	0.4864338738	0.502448996	0.5063633467	0.4973152292
	0.4989022831	0.5198393582	0.4887404512	0.5432783402	0.5313692528
	0.5084001599	0.4733428	0.4889762043	0.4158414014	0.434071065
	0.4740557597	0.4658884223	0.4425567616	0.05861687464	0.4138173645
	0.2785189754	0.1923106697	0.1346807753	0.09784772705	0.5082995983
	0.5026766662	0.6046713215	0.5511882965	0.5296220468	0.619230531
	0.6484473111	0.6412883806	0.5103392663	0.4763948611	0.473943665
	0.4855561095	0.5110779008	0.4692983002	0.4858234639	0.5129272251
	0.5029630307	0.3601078449	0.3497034073	0.2863110871	0.4832746277
	0.4537639161	0.4288656008	0.3508266979	0.3543172187	0.06352794272
	0.3097073827	0.1475107503	0.09297750557	0.3476221527	0.3510405762
	0.513467027	0.603305828	0.5797106563	0.5265297647	0.6292842439
	0.6429721017	0.48781513	0.4523714079	0.4568781244	0.4546187371
	0.4945788991	0.4738738005	0.490897303	0.5004315651	0.2648798761
	0.2081090373	0.2423285898	0.210116694	0.4823662334	0.4678032969
	0.3432567054	0.4408089544	0.4032788531	0.2394364063	0.2607669289
	0.05653048178	0.1715035121	0.07904423659	0.1852820226	0.301599305
	0.4694522027	0.5417050844	0.6099603171	0.6266809674	0.5637829452
	0.50775526	0.5992007623	0.6303462336	0.4631048568	0.4679938709
	0.4442197873	0.4961196267	0.4902425177	0.4986976146	0.5084085455
	0.1875433376	0.1438936229	0.1526939259	0.5000626028	0.4885894723
	0.462408157	0.2745444485	0.3352223808	0.386382945	0.4258304666
	0.1629222192	0.174713314	0.08782964127	0.0441834073	0.07814249797
	0.02810106456	0.02736293806	0.1430408987	0.3935620893	0.2414411745
	0.526604399	0.3923486437	0.5827169032	0.4715906137	0.4893662003
	0.4919588144	0.5870664936	0.5288470068	0.5765832593	0.4687365614
	0.4678450745	0.5151528727	0.5125137027	0.5257601681	0.1221476743
	0.2097518207	0.4437961409	0.09075136605	0.1065132746	0.5099083775
	0.484875437	0.4626311333	0.300140103	0.3812807	0.4217517116
	0.09476044331	0.1169176053	0.06916547293	0.04316904419	0.04079790449
	0.03780687042	0.1084048274	0.2148241699	0.3613912291	0.2323526544
	0.3168247438	0.5491859568	0.3815884174	0.5176808384	0.512704687
	0.5109472093	0.5701838694	0.5303223661	0.5106114163	0.5251582587
	0.5335668057	0.5347037386	0.07398636393	0.198696619	0.4970897505
	0.4543555789	0.4471119375	0.04438181538	0.05829573039	0.5152672267
	0.4708542977	0.4596750861	0.2996011984	0.3737361868	0.4217918572
	0.06004733017	0.1248795508	0.0673664164	0.05732240978	0.05284554229
	0.1147364232	0.1416406573	0.09971982908	0.203519129	0.2515435062
	0.5949712724	0.5730428857	0.4023345687	0.5500470587	0.5771418052
	0.5910193066	0.5238967857	0.5483583631	0.5687070538	0.23118921
	0.4864878333	0.4561494486	0.4431323066	0.03083184447	0.4535548698
	0.5037620846	0.4617782448	0.04572650791	0.5041732484	0.3565668042
	0.4097655121	0.2168025566	0.09233730321	0.5166296009	0.08681848978
	0.08240605295	0.1782953028	0.1163439048	0.1171544192	0.4034697786
	0.1766109087	0.2557003851	0.6412172115	0.5808837752	0.615989636
	0.653080204	0.5428125678	0.5975584822	0.4757317593	0.4468783507
	0.4531175707	0.4525848367	0.4315240623	0.03553720018	0.4458750134
	0.4797296944	0.4570944022	0.05112541285	0.0730758824	0.48876799
	0.3388921492	0.3943270731	0.2393709992	0.1397100817	0.503005364
	0.5321356856	0.1532754734	0.1487671912	0.2629453092	0.1570322445
	0.1908509583	0.5119014037	0.372227411	0.2627288042	0.6306124924
	0.6765204793	0.6691250039	0.5777695329	0.6422017663	0.4535075286
	0.4392853575	0.4608260691	0.4664228244	0.4631198278	0.04521929316
	0.0377783445	0.4509232548	0.4522125525	0.462482006	0.06445236708
	0.06175225523	0.103599961	0.4848989678	0.3385141901	0.4040214716
	0.2572946859	0.1706410786	0.5587986576	0.49737293	0.5133172879
	0.2515922192	0.2831541855	0.3748145842	0.2639250354	0.3461036757
	0.3953017063	0.5665279626	0.4594071195	0.6518921818	0.6758774626
	0.627908823	0.474592834	0.1140476319	0.4587320029	0.08263996309
	0.4944710875	0.3466116895	0.2559143704	0.1678198914	0.4916893578
	0.5766314417	0.5218933458	0.4823610432	0.6549808862	0.4449761712
	0.4854528301	0.5207126038	0.4859309898	0.5748722283	0.5729910033
	0.6039095525	0.6465845109	0.6285550075	0.4629611482	0.5475992143
	0.4719395078	0.4332218893	0.6368089013	0.6286844927	0.6161257771
	0.6370253331	0.6666687584	0.6749955789	0.6546675249	0.5955117815
	0.5186477887	0.4391058861	0.4678533896	0.4436550895	0.6655802827
	0.6441984883	0.7107308414	0.6886007968	0.6953648858	0.6002121888
	0.5341085214	0.462476976	0.4945218579	0.4751283287	0.6810627167
	0.668005409	0.7102965455	0.5926269485	0.5369237307	0.4889781618
	0.4957148619	0.492705431	0.6688271013	0.6487078789	0.5679290329
	0.5268909088	0.5039786795	0.6266382439	