961	
	0.6820443834	0.5186988468	0.4813414655	0.4340996332	0.3907903793
	0.4428628279	0.4864949866	0.4804633021	0.1347013592	0.004565253203
	0.009140575449	0.160026795	0.4571075165	0.5079144673	0.5335904179
	0.5527913144	0.5681457114	0.5801269383	0.5885355515	0.5933617115
	0.5950820741	0.5945400244	0.5926540663	0.5901783606	0.5876231833
	0.5852999631	0.583395881	0.5820375775	0.581322946	0.5814427699
	0.640341003	0.000503926113	0.0004901528619	0.00049641823	0.000509593209
	0.0005360783716	0.003062594357	0.3110023696	0.3589180885	0.1749889542
	0.003601920903	0.003294080788	0.04349136424	0.2598588496	0.3516475398
	0.388140986	0.4217734273	0.4519976872	0.4775516036	0.4968240224
	0.5089441855	0.514321905	0.5144289619	0.5111485351	0.5061739051
	0.5007284466	0.4955857363	0.4912102571	0.4878951766	0.4858630129
	0.4863619554	0.5814133949	0.0004496686617	0.0004306432209	0.0005042106233
	0.0005032598204	0.0003952085233	0.0004019496875	0.000481775289	0.0005109986607
	0.0005050715207	0.000468950207	0.0003934378588	0.06748088471	0.3187615635
	0.3514486281	0.3776139508	0.4082677831	0.4395268411	0.4672868578
	0.4885956	0.5022169288	0.508649416	0.5095262989	0.5068277275
	0.5022885552	0.4971364573	0.4921569365	0.4878470771	0.4845397986
	0.4825278585	0.483342785	0.5804486645	0.5234014241	0.3580916214
	0.3513153215	0.3530612737	0.2701764448	0.0007777602514	0.0005630972404
	0.0005059942212	0.0005088755884	0.0005212617001	0.0003014875034	0.0002847680456
	0.362924461	0.3572338012	0.3706243649	0.3955341744	0.4258276982
	0.45468066	0.4774332899	0.4922389024	0.4995526734	0.5011419269
	0.4991053311	0.4952321934	0.4907367011	0.4863541548	0.4825448698
	0.4796350231	0.4779547148	0.4793278872	0.5787582856	0.5417689262
	0.39830901	0.390436344	0.3802327695	0.3673559786	0.3508843265
	0.3463071646	0.3663681961	0.3752390691	0.3457003715	0.2310914537
	0.0003082880342	0.0004160989418	0.3743770276	0.3700083646	0.3877148264
	0.4154264002	0.444190188	0.4674780264	0.4827496989	0.4903635793
	0.4921977426	0.4904649073	0.4870149811	0.4830368425	0.4791801437
	0.4758486412	0.4733349368	0.4720250945	0.4741316525	0.5765006841
	0.5712405755	0.4507279226	0.4451522918	0.4309548456	0.4148749172
	0.3962730848	0.3738904865	0.3653476606	0.3646899347	0.3654382582
	0.3624642304	0.0004176456729	0.0003087314691	0.3918941482	0.3788261355
	0.3861766971	0.4102739855	0.4377339364	0.460306109	0.4750109238
	0.482116495	0.4835841406	0.4817219084	0.4784008231	0.4747675632
	0.4713426388	0.4684321296	0.4662886663	0.4653666035	0.4683911754
	0.5739752531	0.6081045299	0.5232310394	0.5186747173	0.5009514267
	0.479730089	0.4535575879	0.4252112178	0.3976065565	0.3814879366
	0.3740227665	0.3614973079	0.3542803875	0.000293273696	0.0003043959523
	0.403151216	0.3905128063	0.4107954551	0.4361777586	0.4568510624
	0.4699226962	0.4756161134	0.4760175368	0.4735200448	0.4699827681
	0.4664884881	0.4633991522	0.460855438	0.4590469777	0.4585325601
	0.4626819772	0.5715040577	0.6484225972	0.6015629689	0.5947302681
	0.5737725322	0.5500031272	0.5228804134	0.4902671589	0.4585616324
	0.4290492627	0.4104417065	0.390106026	0.3587019523	0.3420553226
	0.000314108667	0.0003271090453	0.4017723706	0.4187269887	0.4401416661
	0.4579236652	0.468301802	0.4715504963	0.4700077497	0.4662621907
	0.4621115274	0.4585159366	0.4556714601	0.4534724771	0.4519886604
	0.4519120535	0.4574342976	0.5693567115	0.686189672	0.6829180523
	0.6734020571	0.6523958175	0.6262170835	0.596761334	0.5628175615
	0.5296512044	0.4949786334	0.4667350984	0.438386427	0.4026195689
	0.3542362011	0.007413157564	0.0003532780639	0.0005424825692	0.4358860231
	0.4540802182	0.4656228181	0.4716689028	0.4707349589	0.465866368
	0.4600212557	0.4547767577	0.4508379147	0.4481865463	0.4463834524
	0.445264677	0.4456905804	0.4528750694	0.5677087492	0.7114661564
	0.7430713876	0.7320275791	0.7139396004	0.6960351471	0.6777549521
	0.6532364392	0.6192471031	0.5741949603	0.5202788354	0.4785101329
	0.4542541023	0.4169011415	0.3150627897	0.0005338074722	0.0004728237269
	0.3511886157	0.4781915167	0.4825391902	0.4818739798	0.4737966574
	0.4632988984	0.4542119588	0.4474515527	0.4430552136	0.4406327523
	0.4394097071	0.4387903061	0.4398403923	0.4490189977	0.5666168677
	0.7138072192	0.7652019012	0.7497762018	0.7275457896	0.723440945
	0.7329847002	0.7403296051	0.7348496899	0.6986515844	0.6193605836
	0.508615302	0.4279469929	0.4386527855	0.4396903317	0.0009552888671
	0.0004253780684	0.001791597142	0.4850378338	0.5102429451	0.5013811615
	0.4808494269	0.4609588748	0.4472653365	0.4389042439	0.4343337146
	0.4324603006	0.4321629596	0.4323602931	0.4342269314	0.4457350348
	0.5660259834	0.6921370947	0.7432362533	0.7084266093	0.6290714371
	0.6324025237	0.699591245	0.7686546698	0.8179428679	0.8308342112
	0.7921019638	0.6522959607	0.415008629	0.257225408	0.379697094
	0.4520238251	0.0004487307579	0.0003969549897	0.3892497017	0.5375258954
	0.5343576497	0.4925908289	0.4569234598	0.4369958055	0.4277540291
	0.4239594127	0.4234229059	0.4245048078	0.4259085941	0.4288195778
	0.4428701799	0.5658061116	0.6597961872	0.6910725777	0.6180721242
	0.346939957	0.2902682682	0.4503871299	0.6623263947	0.8215897939
	0.8826767543	0.8968057358	0.8641570753	0.6408250703	0.2070415311
	0.09586757794	0.3380579374	0.354053644	0.0004103467567	0.000566984647
	0.5290432248	0.5929035006	0.5154021371	0.4516942094	0.422848182
	0.4137709384	0.4123146571	0.4140196049	0.4169916609	0.4198189562
	0.4239476677	0.4404415084	0.5658153528	0.6337933941	0.6397921579
	0.5546421573	0.1393944998	0.05885904148	0.1432128932	0.4306109607
	0.7590924417	0.855810118	0.8969708728	0.926871711	0.9061458479
	0.5102468717	0.06443066553	0.03603888077	0.2490854399	0.001254315242
	0.0006662791105	0.004524430919	0.6531257787	0.5813329637	0.4579556089
	0.4103013194	0.4004346768	0.4018718609	0.4063651157	0.4112559216
	0.4152313499	0.4204370226	0.4387716353	0.5659671357	0.6186220877
	0.6027053672	0.5635164236	0.09145309299	0.01619363382	0.04354324298
	0.3619160854	0.7632566491	0.7581834434	0.7103939825	0.8638076811
	0.9463739845	0.9198939708	0.261336396	0.02038246672	0.01480939311
	0.02478589153	0.0008941087426	0.001242375179	0.1759716348	0.6924791531
	0.5106344777	0.415803939	0.3962356281	0.3979527986	0.4035688682
	0.409684429	0.4138936098	0.4195721796	0.4385700515	0.5663110621
	0.6088485637	0.572132272	0.5834687715	0.1022578582	0.007332360905
	0.01543456345	0.5035293183	0.8573391725	0.55771604	0.1632556861
	0.2532054689	0.8435286217	0.9620452635	0.9102116892	0.05709469449
	0.007117091311	0.007305820591	0.01222316743	0.001796325884	0.006192744292
	0.4462088635	0.5994511598	0.4572701713	0.4119252981	0.4061557117
	0.4092292814	0.4140608596	0.4173985992	0.422811333	0.4409551126
	0.5670960301	0.6002057608	0.5436007299	0.5805363945	0.192372587
	0.004835301917	0.007165170304	0.6657274993	0.8968801157	0.2380932836
	0.05082917846	0.04436174698	0.1951513172	0.8986005936	0.9716220027
	0.8683446631	0.01073118693	0.00349568035	0.005911945254	0.01338701641
	0.02364784129	0.3850830218	0.6481406165	0.5243063407	0.4457119438
	0.4251767213	0.4204705803	0.4241581149	0.4270166108	0.4316398709
	0.4475994169	0.5689006899	0.5905857613	0.5166769677	0.559350232
	0.3390230544	0.004702590551	0.004312009631	0.4574464438	0.9014784298
	0.07766363983	0.02814972932	0.009218661229	0.01924028776	0.4190013726
	0.9521497659	0.9734529201	0.7383789791	0.00466386617	0.002775537637
	0.006457397183	0.04485559926	0.4608682968	0.6214766861	0.5496276497
	0.4730354453	0.4434181412	0.4312856018	0.440468151	0.4444875179
	0.4487135845	0.4614642633	0.5729037977	0.5807046937	0.4919826104
	0.5323919375	0.4656925893	0.007394553488	0.003222910643	0.0343727402
	0.9332003021	0.1003179214	0.01105246874	0.003225236789	0.002591812121
	0.03299653961	0.8068955074	0.9677807809	0.9697824107	0.3791926431
	0.003937069829	0.003287068997	0.01199486329	0.2083680664	0.5046836839
	0.5209279376	0.4794770243	0.4575255823	0.4604402952	0.4670676492
	0.4723621756	0.4774698349	0.4870714776	0.5810917486	0.5721380939
	0.4702214656	0.4965591703	0.5083432958	0.03374240641	0.003178524624
	0.006415987545	0.8417063245	0.6733684533	0.04631595988	0.002718755935
	0.001140910506	0.001714539328	0.2665441598	0.8956510997	0.9709086329
	0.957139376	0.1381305236	0.005328862448	0.007417264607	0.04199920066
	0.3358809326	0.5036545272	0.5014958735	0.4958392258	0.5014591001
	0.509297262	0.5163613676	0.523240834	0.5301002326	0.5962398005
	0.5653455216	0.4533069839	0.4644471003	0.4917892143	0.237154413
	0.004418777601	0.003577886404	0.2019847792	0.8100132754	0.6789618179
	0.06577230578	0.001030035535	0.0005942464071	0.002659703152	0.6709040793
	0.9071514509	0.9697021006	0.9365622533	0.1076914482	0.02154239339
	0.03958955169	0.3421228222	0.5896309113	0.5938900213	0.5836697941
	0.5812026536	0.5823206756	0.5844655695	0.5888485695	0.5933335989
	0.6204679613	0.5606449433	0.4418671636	0.4433417174	0.4601889813
	0.4135955354	0.01445607861	0.00361133134	0.01479136011	0.463815282
	0.7705578575	0.829029662	0.432813901	0.0004773035219	0.0004010436819
	0.02143985912	0.6246531697	0.8858815558	0.9609733716	0.9398376358
	0.5174186931	0.4551101455	0.7231542854	0.7608669883	0.7323385273
	0.7039387588	0.6859081796	0.6741886492	0.6670356476	0.6648443946
	0.6670584112	0.6531480108	0.5581926793	0.4355730072	0.4313194164
	0.4353437397	0.4259193034	0.1989911928	0.006180774925	0.006059098547
	0.1084043924	0.4291151115	0.6871719968	0.7980644628	0.7276706429
	0.0003639963095	0.0003416755066	0.3565435398	0.5519104756	0.839197558
	0.9317125731	0.9328730003	0.9008537645	0.8829347797	0.8609199193
	0.8300041279	0.8000829859	0.7722346038	0.7526992477	0.7388294144
	0.731065893	0.7317895656	0.6879345035	0.5583855858	0.4351162909
	0.4285787693	0.4257828479	0.4152781577	0.3579395317	0.05853079533
	0.007654160692	0.01805574158	0.1981607074	0.4017961509	0.5961786038
	0.7051263622	0.6655434395	0.0003242205553	0.0003126360849	0.3305335434
	0.5197488895	0.7761824284	0.8729566138	0.895849029	0.8922427593
	0.8783453845	0.8587623611	0.8363810202	0.8145511447	0.7959963859
	0.7813993436	0.7716476288	0.7710956867	0.7141139298	0.5610967818
	0.4404154433	0.4342100616	0.429220573	0.4171995239	0.3884762007
	0.2876819275	0.03939562189	0.02206926195	0.0774829022	0.2614930128
	0.4237870634	0.5475994142	0.6306165466	0.6229366409	0.0003001858852
	0.0002873979561	0.3361942623	0.5348063754	0.7083609337	0.7868670221
	0.8242416937	0.8374574463	0.8364224679	0.8271209138	0.8138051435
	0.8000687011	0.7882742089	0.7796726646	0.7780188764	0.7236787873
	0.5654104151	0.4499605646	0.4458289004	0.4412874072	0.4315105203
	0.4116905746	0.3733699852	0.258636329	0.07782750932	0.1090965158
	0.2283458214	0.3569244828	0.4462051462	0.513075636	0.5752065647
	0.5887681199	0.0002730369985	0.0002623945343	0.4026091416	0.5475924581
	0.6340793784	0.6967307542	0.7425053982	0.7669976492	0.7752609862
	0.7738742948	0.7681442084	0.761602677	0.7561255428	0.7533232992
	0.715182359	0.5696859522	0.4606542491	0.4592632467	0.4561346541
	0.4496856708	0.437940238	0.4180813684	0.3879159688	0.3272289106
	0.2809725734	0.3189277889	0.3702291683	0.4098525967	0.443109404
	0.484081497	0.5316078281	0.5483495064	0.0002568356734	0.0002455529436
	0.4562216471	0.5194004779	0.5683432486	0.6244512164	0.6669596694
	0.6922003133	0.7042510304	0.7084649394	0.7088628252	0.7077439224
	0.7042659642	0.6927166385	0.5724650029	0.4689449415	0.469703164
	0.4672541317	0.4627587613	0.4556107345	0.4452365842	0.4329001846
	0.4105485921	0.4510557445	0.4273783517	0.4129904062	0.408336132
	0.4183313169	0.4376163736	0.4713228036	0.5104626067	0.4711761266
	0.000254150524	0.0003325979485	0.4359157011	0.4702807404	0.5193731679
	0.5650742269	0.5989287045	0.6209721267	0.6344670627	0.6424433449
	0.6466507516	0.6439955686	0.6634946888	0.5745650524	0.4741051211
	0.4747826605	0.4701931546	0.4634796639	0.4546900117	0.443869129
	0.4327734854	0.4256936488	0.4528923064	0.4508162039	0.4277540095
	0.4178298755	0.4209647621	0.4277679028	0.4391553422	0.4633594834
	0.5371344643	0.0002938147172	0.0002289396819	0.3416121912	0.4084311331
	0.443387696	0.4827114245	0.5165283667	0.5430834205	0.5632320876
	0.5780986149	0.5882450704	0.5890323432	0.6354436228	0.5821958487
	0.4846191527	0.481277189	0.4692239287	0.4527251796	0.4324212647
	0.4095677975	0.3873431643	0.3761622014	0.408861066	0.4069048479
	0.419602967	0.430293532	0.4501763721	0.4626801092	0.4660774412
	0.4656260349	0.4883443183	0.513177854	0.0002099597489	0.0002066640805
	0.3738605111	0.4029874091	0.4283712028	0.457043453	0.4850700624
	0.5106304375	0.5320450204	0.5480634711	0.5547647313	0.6159761273
	0.6434318365	0.5868644892	0.5844539028	0.5752121893	0.5619444798
	0.5444945364	0.523371746	0.5006253608	0.4823266509	0.4852811739
	0.5296992266	0.5511563248	0.557948121	0.5727121408	0.5915616256
	0.5991571175	0.5997774552	0.5981343572	0.5762414338	0.1972310989
	0.0002316223404	0.0003468304855	0.5253036186	0.5375273457	0.5500373513
	0.5648277497	0.5799668418	0.5934650284	0.6038660725	0.6100612475
	0.6305658312	