4354	
	0.9999048497	0.9999049452	0.9999048499	0.9999048494	0.9999048492
	0.999904849	0.9999049362	0.9999049319	0.9999049366	0.9999049512
	0.9999048502	0.9999049324	0.9999049254	0.9999048487	0.9999049219
	0.9999049667	0.9999049335	0.9999049693	0.9999049485	0.999904965
	0.9999049374	0.9999048504	0.9999049533	0.9999048506	0.9970236599
	0.9964341584	0.9999049352	0.9999049351	0.9999048485	0.9999048419
	0.9999049228	0.9999049348	0.9999048329	0.9999048238	0.9997177544
	0.9999049744	0.9999050341	0.9999048145	0.9999048051	0.9999049659
	0.4068890772	0.007949939274	0.9966366062	0.9999049447	0.9999049529
	0.99990497	0.99951824	0.004431195859	0.568435989	0.1265388252
	0.03772318533	0.01739977536	0.9999049962	0.9999050091	0.9999050053
	0.9999049035	0.9999049184	0.9999049347	0.9999048899	0.9999048743
	0.8113129878	0.9999050582	0.8948776158	0.9999048579	0.9999048795
	0.9999047955	0.9999048442	0.9999047859	0.9999049753	0.001853399988
	0.7783617877	0.0008220781898	0.9999049562	0.9999049355	0.9987350501
	0.996047259	0.0002753091274	0.002498346376	0.01128430577	0.1414185731
	0.3609413944	0.05955730982	0.03089443156	0.9994568176	0.9998370149
	0.9999050348	0.9999049128	0.9999049854	0.9999048979	0.7309298075
	0.9674661722	0.9153517001	0.9999048922	0.9999049743	0.9999049109
	0.9999048245	0.9999048639	0.999904766	0.999904776	0.9999048045
	0.000866563681	0.9993014794	0.4124533166	0.0001949822147	0.0001949587164
	0.9983351854	0.9991295219	0.9967252908	0.9927882867	0.9811718027
	0.9999047576	0.9999047512	0.0001950441931	0.001273591593	0.0002815492421
	0.006464263333	0.02356095874	0.1212737543	0.6295140531	0.3061897067
	0.0909854713	0.9939926513	0.9993427305	0.9999051114	0.9999050681
	0.9999050039	0.8993853369	0.9750589117	0.9921020991	0.9999049709
	0.999904986	0.9999050583	0.9999050595	0.9999049321	0.9999048675
	0.999904781	0.9999048224	0.0001950391806	0.0001949604582	0.9740073641
	0.4991773178	0.000194933323	0.0001949486871	0.9932894321	0.9860768748
	0.9678182819	0.9211126477	0.9999047641	0.9999047449	0.9999047571
	0.9999047385	0.0001949911338	0.00264521441	0.0002184035798	0.0001949330111
	0.0001947536369	0.01275565376	0.0095348935	0.05794108426	0.2743827556
	0.7238305278	0.5127444507	0.9098597068	0.2078621552	0.9981575814
	0.9999053681	0.9999052074	0.9999051292	0.9768410731	0.9944574743
	0.9999052432	0.9999050715	0.9999051211	0.9999051703	0.9999052224
	0.999904986	0.999904896	0.9999047805	0.999904885	0.9999048235
	0.0001950299769	0.0001949561366	0.000194797168	0.9797234485	0.0001949347041
	0.0417472308	0.0001949305279	0.0001948849509	0.9686783652	0.9421399908
	0.8726457691	0.7268429859	0.9999048057	0.9999047322	0.9999047943
	0.999904757	0.9999047435	0.999904734	0.0001947320439	0.0002875455403
	0.001825262098	0.0001946268499	0.0001946213323	0.0001945975484	0.04332960859
	0.04310433885	0.0503567131	0.1568441769	0.9719344327	0.5187101602
	0.7631965048	0.9040403572	0.4665220025	0.9988317575	0.9999052408
	0.9999051422	0.9999053026	0.9883873716	0.9952450617	0.9999050908
	0.9999049852	0.9999050007	0.999904995	0.9999050467	0.9999049865
	0.9999049206	0.9999048612	0.9999048249	0.9999048317	0.000194991215
	0.0001950090967	0.0001947963594	0.0001945810474	0.0001948795144	0.9278847033
	0.08647846651	0.0001948333751	0.0001948428743	0.8371824055	0.8173186574
	0.5714841296	0.3782838198	0.9999048422	0.9999048635	0.9999047259
	0.9999047235	0.9999047403	0.9999048165	0.9999047556	0.002863581274
	0.05005151073	0.0001944886169	0.0002466951348	0.0002240032836	0.00715435292
	0.002510357531	0.1919712026	0.2324855906	0.4710674754	0.6524974585
	0.2977878537	0.9150664903	0.9484681843	0.7984673105	0.669055803
	0.9733774522	0.9998178874	0.9999049908	0.999904798	0.9929691518
	0.9999042713	0.9981145772	0.9999048189	0.9999048135	0.9999047503
	0.9999046602	0.9999045492	0.999904841	0.9999048458	0.9999046321
	0.9999045831	0.0001949558481	0.0001947304119	0.0001950108724	0.0001947580736
	0.0001947910926	0.0001948245843	0.6445678939	0.002237174808	0.0001947993846
	0.5558615851	0.5553188429	0.2832651612	0.1985328489	0.122023928
	0.9999048423	0.9999048141	0.03207515807	0.3142119646	0.00953702288
	0.002751081497	0.0006713652306	0.0009443227066	0.9124432922	0.68013107
	0.9768712514	0.993352231	0.9999047195	0.9999047132	0.9999047138
	0.9999047301	0.9999047829	0.999904825	0.9999048066	0.0001944663039
	0.6239781049	0.2036507351	0.0002483523687	0.03122636695	0.05846856781
	0.2624783391	0.7492247982	0.9409536983	0.9250066423	0.9689765767
	0.9944802764	0.9044777483	0.9852888651	0.9809477475	0.9999043861
	0.9999043481	0.9975951897	0.999904163	0.99990438	0.9999042524
	0.9999044862	0.9999043783	0.999904438	0.9999044398	0.999904696
	0.9999047034	0.9999045605	0.9999044838	0.0001945662472	0.0001949275318
	0.000194875139	0.000195010746	0.0001947502283	0.0001947618128	0.0001947366017
	0.5056386079	0.05379952332	0.0001946119392	0.2202744886	0.08997932363
	0.05076668851	0.03052261027	0.9999046468	0.9999047477	0.07748598726
	0.1064497429	0.001419575517	0.001538750764	0.005727716536	0.00378619411
	0.001466652708	0.0009896867719	0.000775278525	0.0006153261386	0.001179667212
	0.8747448153	0.3713905561	0.9980362959	0.9995507214	0.9999047068
	0.9813125546	0.9962888697	0.9999047053	0.9999046963	0.9999047215
	0.9999047801	0.9999048015	0.9999046707	0.9999047773	0.0001946009997
	0.0001945607522	0.0001942919017	0.0001941678779	0.9533436736	0.8980681743
	0.6463837336	0.04282292309	0.3663092877	0.9209245389	0.9810771997
	0.9939801578	0.9916638089	0.9991799813	0.9998490571	0.9989896848
	0.999903728	0.9996268314	0.9999041876	0.9999041693	0.9998604599
	0.9999042469	0.9999043663	0.9999043276	0.9999042938	0.9999044187
	0.9999046036	0.9999045865	0.9999044747	0.9999045712	0.9999045207
	0.0001948400259	0.0001948925561	0.0001949015852	0.0001949571903	0.000194682605
	0.0001947216831	0.0001946939742	0.0001945123909	0.1321740015	0.05370829555
	0.0002723966241	0.02329024181	0.01208502339	0.006815267572	0.9999045707
	0.9999045568	0.0519684662	0.01140146646	0.0009795797257	0.0007160003527
	0.0006588951799	0.0008051226445	0.0008005503753	0.000733181176	0.003015950988
	0.0006935291617	0.0008641511759	0.001141871784	0.0008642459429	0.0009646909319
	0.6572084427	0.236237527	0.1047081494	0.9989953614	0.9999030384
	0.7875896651	0.9368393514	0.9915505322	0.9999045384	0.9999047136
	0.9999047043	0.9999047577	0.9999047686	0.9999046454	0.9999045282
	0.001868352162	0.0002059624371	0.0001939778915	0.0002545044574	0.06593433377
	0.9978813639	0.9942710373	0.9338746268	0.665748034	0.9942040384
	0.9996380425	0.9999034441	0.9999032071	0.9999036386	0.9999039847
	0.9999038364	0.9999041062	0.9999041726	0.9999041381	0.9999042353
	0.999904356	0.9999042869	0.999904422	0.9999044774	0.9999044352
	0.9999045824	0.9999045946	0.9999045409	0.9999045395	0.9999045524
	0.0001949354636	0.0001948049916	0.0001945637235	0.0001946448551	0.0003588438351
	0.01100333015	0.0211422519	0.0002270074315	0.0108747337	0.002446897966
	0.00544626496	0.002409148628	0.002085234793	0.001220947733	0.999904507
	0.9999045565	0.9999045463	0.01807780476	0.00449768994	0.0007281581218
	0.0006991336768	0.0008425246915	0.0005442768215	0.0006195942185	0.0006128442458
	0.0004427997815	0.0004828092846	0.0006494973128	0.000239608906	0.0002326449921
	0.0002404369633	0.4203726909	0.1797637033	0.0448690115	0.9989972052
	0.9999047392	0.7045557079	0.9769962987	0.9212032849	0.9941365838
	0.9999044482	0.9999045048	0.9999045126	0.9999047634	0.999904764
	0.9999047479	0.9999044108	0.005086596277	0.05307376067	0.03053535776
	0.002414759419	0.8229683345	0.1017764943	0.999903084	0.9999027979
	0.9890142784	0.9996943749	0.9999037732	0.999902986	0.999903564
	0.9999031621	0.9999034117	0.9999040136	0.9999042517	0.9999042065
	0.9999042199	0.9999043139	0.9999043672	0.9999045173	0.9999044338
	0.9999045056	0.9999045908	0.9999045712	0.9999045454	0.999904569
	0.000194749946	0.0001945986376	0.0001944569748	0.0008075368371	0.003031140776
	0.0004381412928	0.04368095569	0.002681914496	0.01138466681	0.2083937661
	0.001181820805	0.0001950658351	0.0001944297552	0.0001947038054	0.000195114746
	0.9999044753	0.9999045061	0.9999045024	0.9999045411	0.01036620111
	0.002074442009	0.0004718014529	0.0005121886677	0.0001986094106	0.0002749199093
	0.0003584057635	0.0001970582257	0.0001975004232	0.0001991324346	0.000198309039
	0.0001995254708	0.0001999864414	0.0001978261698	0.0001987894842	0.02993613888
	0.3638575345	0.1628859842	0.1202417195	0.9999046569	0.9988443944
	0.6350931095	0.880095255	0.9945276019	0.9743599674	0.9999044094
	0.9999043724	0.9999043664	0.9999043337	0.9999045649	0.9999044011
	0.9998990763	0.02331651741	0.1769583569	0.1274936417	0.5414068526
	0.5558635461	0.9938689279	0.9533842796	0.9999038745	0.9999034202
	0.9999031842	0.9999037661	0.9999037768	0.9999035896	0.9999032725
	0.999903359	0.9999040755	0.9999042868	0.999904299	0.9999043881
	0.9999045224	0.9999044968	0.999904478	0.9999045282	0.9999045757
	0.9999045719	0.9999045517	0.9633797716	0.8661565642	0.9975827586
	0.1250423319	0.3177013957	0.0002295408196	0.0001944227844	0.0001942296657
	0.00304384168	0.04820734514	0.01352325152	0.5548231568	0.8215381793
	0.9514357778	0.9888757354	0.0001943262392	0.0001950795839	0.0001949111632
	0.0001946017853	0.0001951100057	0.9999044554	0.999904517	0.001145680055
	0.007504904728	0.000199538016	0.0001942865364	0.0001987400697	0.0001964846526
	0.0001968194573	0.0001955322344	0.0001962974473	0.0001916676252	0.0001895584865
	0.0001890358285	0.0001885115287	0.000188612874	0.04093772237	0.1063076769
	0.3027604505	0.4527319072	0.9998770714	0.9981808252	0.8226264337
	0.955674673	0.9895809964	0.9998434092	0.9997715826	0.9998995249
	0.9998119571	0.9998862332	0.9999009949	0.9996509495	0.9278548444
	0.323094595	0.532665937	0.9989664095	0.9999041498	0.9999037739
	0.9999037419	0.9999041988	0.9999037971	0.9999035883	0.9999036074
	0.9999040072	0.9999042873	0.9999043668	0.9999044436	0.9999045062
	0.9999044838	0.9999044623	0.9999045588	0.9999045039	0.9999045509
	0.9999045324	0.9999045937	0.9782400007	0.906410676	0.9962205492
	0.9992000634	0.9998527196	0.995049878	0.9999044287	0.999157253
	0.1948827036	0.5472633442	0.03237150255	0.0001943065091	0.0001945214438
	0.0001943753963	0.01432981944	0.09191664658	0.9447530893	0.8299345852
	0.9868772079	0.0001944816507	0.0001942766829	0.0001950599533	0.0001948268978
	0.0001951052654	0.9998980514	0.9999043902	0.000401583341	0.002875699022
	0.0121098496	0.0001889714612	0.0002861346305	0.0001899434403	0.0002517808092
	0.0001908143117	0.0002232948194	0.0001882742311	0.0007986670634	0.0008074688203
	0.001250210474	0.002056475185	0.04962732521	0.7926192684	0.2309574707
	0.4947224193	0.9991469607	0.9972529659	0.948679435	0.9880464827
	0.9998155909	0.9995868219	0.9991231597	0.9986571412	0.9981940452
	0.9995100763	0.9995892138	0.9992378907	0.7877509549	0.9999043614
	0.9999043006	0.9999040491	0.9999043407	0.9999040566	0.9999039502
	0.9999042473	0.9999044553	0.9999044152	0.9999043795	0.9999044901
	0.9999044537	0.9999044704	0.9999045874	0.9999046028	0.9999046177
	0.9888946482	0.9998402008	0.9999039906	0.9992431947	0.9978063953
	0.9999045311	0.999874279	0.9999045916	0.4023063555	0.8230207699
	0.0001943268045	0.02833087659	0.000194484977	0.2990034227	0.9704760846
	0.9962288241	0.0001945916582	0.0001943829057	0.0001950377835	0.0001948359193
	0.0001943045246	0.0001951005252	0.9998895253	0.9999045983	0.000800087099
	0.006147357238	0.02636806238	0.001088638323	0.001055332063	0.000854452849
	0.001290794738	0.01096734945	0.009452104025	0.002326031961	0.006556667101
	0.03779068551	0.101464478	0.7867575985	0.9170485313	0.3751373504
	0.9953412947	0.9761753231	0.9991533964	0.9959987708	0.9972614768
	0.9958585214	0.9999046955	0.9994916889	0.999904502	0.9999045514
	0.9999044443	0.999904363	0.9999044881	0.9999045551	0.9999045105
	0.9999045846	0.9999045516	0.999904664	0.9999046721	0.9998753889
	0.9957190178	0.9999043063	0.9997265608	0.9998825009	0.9999046026
	0.9999046725	0.9999046748	0.515033394	0.9317588165	0.0001944367385
	0.0001946046317	0.9998884695	0.9935112357	0.0001946390539	0.0001944882116
	0.0001950563083	0.0001949638008	0.000194365606	0.0001944390158	0.0001945751431
	0.000195095785	0.9999046458	0.9998261013	0.9998845332	0.9994939269
	0.03110597158	0.1153224116	0.09001324682	0.02221691158	0.01987763367
	0.3814001831	0.1429689998	0.06540656718	0.5830339263	0.8123709616
	0.8287356021	0.9622709042	0.9937865697	0.9671569056	0.9748732404
	0.9999049767	0.9999046632	0.9999047379	0.9999047542	0.9999046241
	0.999904627	0.9999046372	0.9999046649	0.9999047352	0.999904733
	0.9999047715	0.9877873948	0.9476115368	0.7422077458	0.9999045582
	0.9999048454	0.9999047098	0.9999047198	0.9999047514	0.9999047001
	0.9999049794	0.003535247752	0.09951718271	0.0001945240061	0.6237281058
	0.0001947663543	0.0001950437554	0.0001949609733	0.0001948215333	0.0001944141717
	0.0001944119704	0.000194605061	0.0001947286195	0.0001950910448	0.9998986839
	0.9998724037	0.9998148752	0.9979145279	0.1715382405	0.1708814601
	0.2012918195	0.7152433056	0.3651197214	0.6315353379	0.45058019
	0.9929093814	0.3570439745	0.8265061379	0.9626926335	0.8907183182
	0.7691696042	0.9282106711	0.9630498898	0.9999014901	0.9801599061
	0.9999046504	0.9999046126	0.9999047163	0.99990459	0.9999047599
	0.9999048124	0.9999047661	0.9999048072	0.9945365609	0.6835942847
	0.6329589187	0.9519770406	0.08839321863	0.8998751279	0.9999052564
	0.9999048201	0.9996854413	0.9999047463	0.9999047257	0.9999048888
	0.0001946636682	0.0007827971512	0.05711548298	0.0001950308258	0.0001949477215
	0.0001943555612	0.0001945366162	0.0001947101798	0.002459369606	0.0001948746625
	0.0001950438362	0.0001950863047	0.9998075643	0.9993168889	0.9991313235
	0.9952513362	0.9161203213	0.2681401344	0.4266926488	0.7839733639
	0.4226963855	0.6342411693	0.5771992842	0.3823723851	0.1782352005
	0.8099821835	0.550752234	0.456612233	0.3125196128	0.3508038134
	0.2234870687	0.4803711465	0.9998859148	0.999706044	0.9998286404
	0.9999045402	0.959326304	0.9999044738	0.9999046045	0.9999047229
	0.9999046979	0.7994583797	0.9998739489	0.9634654171	0.01844154877
	0.1358175062	0.5972548937	0.0007309425869	0.9394733237	0.9999050432
	0.9999052625	0.9999048268	0.9999047537	0.9999047772	0.9999049358
	0.06619586189	0.1166154226	0.8705480631	0.9248548946	0.0001949750045
	0.0001949017581	0.0001946033944	0.0001947728006	0.0001948583494	0.0001946517552
	0.0001947303983	0.0001949833519	0.0001950383899	0.0001950815646	0.9992325795
	0.9980173195	0.988219248	0.7339986231	0.9982030531	0.05608432423
	0.1539904929	0.1002446489	0.2361913183	0.04013963746	0.1009818127
	0.03641084928	0.1308419374	0.01645551233	0.005098077544	0.02381136088
	0.0007984358919	0.9997168506	0.9993862198	0.9998414691	0.9997326478
	0.9998597137	0.9997673457	0.9990956772	0.9999045625	0.9998548377
	0.06909996565	0.8660053758	0.9963376703	0.9441028927	0.1605843781
	0.005503482107	0.0995063024	0.01489476871	0.0003821523213	0.0006897712679
	0.9999047718	0.9999047659	0.9998791144	0.9999048094	0.9999047874
	0.9998762504	0.9210185977	0.04225955616	0.9999047716	0.0001950091485
	0.0001949528625	0.0001948344335	0.000194869107	0.0001949266968	0.0001948860315
	0.0001949356078	0.0001948675265	0.0001950389109	0.0001950768245	0.0001521579084
	0.0001522697759	0.0001520602737	0.9967575171	0.976427025	0.8796888089
	0.2156113599	0.9976063441	0.9908473314	0.01361177828	0.02420606568
	0.004851306292	0.01139496814	0.003049990956	0.005801958702	0.01344473065
	0.002411857861	0.000391065084	0.00354182168	0.9930537698	0.9995833315
	0.99902776	0.9983705336	0.9997113346	0.9997103071	0.9997195634
	0.9989562343	0.9996411347	0.01335516718	0.1718403548	0.7315132157
	0.9813772613	0.9980736696	0.9788341733	0.06221614022	0.9234965837
	0.0004172996802	0.0001953141289	0.0002500935833	0.002443763562	0.0006779733246
	0.0002111459523	0.0001952795544	0.999904791	0.9999047979	0.9988775853
	0.9999047926	0.9999048041	0.9998451849	0.999904833	0.9999048276
	0.9998813016	0.6706397983	0.0002944629793	0.9992690887	0.0001950183919
	0.0001949850024	0.0001949796307	0.0001949122462	0.0001949434273	0.000195001222
	0.0001949323387	0.003165218141	0.000194955894	0.0001950405692	0.0001950720845
	0.0001596944615	0.0001574753378	0.0001552642422	0.0001619216426	0.0001530611459
	0.0001523977222	0.0001525442408	0.0001527122904	0.0001568961778	0.0001635022593
	0.0001523499836	0.0001587142814	0.0001568289457	0.0001667906117	0.0001525590271
	0.0001528170815	0.0001529039349	0.9696254861	0.2178187359	0.7072389427
	0.03045347111	0.8553149563	0.9651564275	0.6567772502	0.003766212471
	0.001278714356	0.002158421927	0.0008476828856	0.0007800426142	0.00109811549
	0.002669758386	0.0007051568333	0.0005581997508	0.0002373172702	0.0005283421358
	0.0002515192963	0.9994382811	0.9786745896	0.9935858876	0.9990338044
	0.9982495737	0.9993084128	0.9994310666	0.9991889593	0.99872237
	0.00549274452	0.04162581757	0.8572937243	0.2632169548	0.9897490973
	0.7349038305	0.1547039456	0.4779941462	0.0001952379754	0.000529081087
	0.000195159263	0.0001952214614	0.0001951970554	0.0001951449236	0.9999048227
	0.9999048153	0.9991060076	0.9999048398	0.99799813	0.9999043608
	0.2269533874	0.9474471317	0.5795585236	0.9997945726	0.999904813
	0.0001950090084	0.0001949645351	0.000194992143	0.0001949590524	0.0001950055722
	0.0001949899577	0.05727786789	0.8152913207	0.9998827695	0.0001949750619
	0.0001950450782	0.0001950204076	0.0001950669952	0.1513474504	0.000176953056
	0.0001664002935	0.0001641569101	0.0001737303691	0.0001709115255	0.0001580358037
	0.0001801537616	0.0001686518221	0.3412132675	0.8445786428	0.940072296
	0.02668813935	0.002209154034	0.0001533781076	0.0002030188272	0.0001544111538
	0.0001565705039	0.000175819133	0.0001528099253	0.0001698086734	0.0001536301028
	0.0001711981746	0.6652930311	0.07313057894	0.007665888878	0.0001581747041
	0.0002843974706	0.0001573641341	0.0001550751677	0.0001571378361	0.05769870656
	0.005762503551	0.377817281	0.09060347899	0.01111258066	0.004436705316
	0.02020068548	0.1611332566	0.0008343310106	0.0003115046607	0.0004253500731
	0.0003517082014	0.0002316577471	0.0004031771817	0.0009819435843	0.001137738204
	0.0002711639443	0.0003832035676	0.0006407699505	0.8881720259	0.9986896617
	0.9788359605	0.9950419151	0.9973278491	0.8642252868	0.9980621247
	0.9981710053	0.9952081372	0.966246911	0.01834048236	0.05233327037
	0.4978281244	0.8741511677	0.02679020604	0.3177614536	0.02020031167
	0.06758922764	0.7895326374	0.0001951500265	0.0001951907081	0.0002308543125
	0.000195144937	0.0001951450475	0.000195147648	0.9999047938	0.9999014301
	0.9998877016	0.9998762269	0.5366140673	0.2517762018	0.9998806187
	0.9358366032	0.9999048043	0.9999048489	0.9999048318	0.0001949954726
	0.9999048482	0.0001949701835	0.0001949885674	0.0001950381303	0.0004226510152
	0.4926978238	0.9989471159	0.0001949569241	0.000194954154	0.0001949946179
	0.0001950259873	0.0001950585194	0.009262691123	0.002375232363	0.0001926355389
	0.0001895423801	0.0002014440956	0.0001864640231	0.0002009969436	0.0001833055993
	0.0001986832438	0.0001722657197	0.0001956669834	0.000201891553	0.00355502318
	0.0002498348852	0.9149114927	0.4099358805	0.988601445	0.04742952642
	0.002814720239	0.0005142260264	0.000162423893	0.0001604424984	0.0001708948332
	0.0001758457097	0.0001787218838	0.0002155764608	0.00118200159	0.02884418614
	0.0001644040768	0.0003189258379	0.0001763400103	0.0001665448256	0.0001651803431
	0.0007598605129	0.0002682538752	0.01289264748	0.00200710283	0.004930780992
	0.0003143851753	0.0002037155933	0.0002020051578	0.00025543186	0.0007481293213
	0.0002675540906	0.001511968367	0.0004312141673	0.0009093851904	0.4253204165
	0.9925505346	0.9626765535	0.98127674	0.5938742716	0.9864630717
	0.984273108	0.842176254	0.01164614664	0.07588245339	0.3943701895
	0.004285652633	0.05704341366	0.00520790574	0.000939442813	0.0001951717436
	0.0002150639028	0.0001951464356	0.000195244965	0.0001995358768	0.9999047934
	0.9999047715	0.9999047749	0.9999036155	0.999879998	0.9998540957
	0.001173172585	0.5883606146	0.9999048215	0.9999047639	0.9999048342
	0.9999048632	0.0001950980571	0.0001949682619	0.0001949539872	0.0001949623352
	0.0001949258295	0.000195020515	0.0006016352454	0.9999048926	0.2081501361
	0.9445100876	0.0001949341203	0.0001949223917	0.0001949377968	0.0001950221665
	0.0001949838729	0.0001950434145	0.0008919665013	0.0006231152767	0.0009564322645
	0.001218084218	0.0002052713327	0.0002044126773	0.0002050323228	0.0002046272362
	0.0002045827219	0.0001966133405	0.0002041334279	0.0002036844405	0.0002048418651
	0.0002032357596	0.0002027873848	0.000202339316	0.0002050565639	0.0003586647932
	0.01794295714	0.0001941159544	0.0001693847334	0.0001816380179	0.0001502460585
	0.0003648914271	0.000565411828	0.0001776578829	0.0002114137321	0.000351486645
	0.001331026091	0.001111456376	0.0001961930453	0.0001999232535	0.0002102867456
	0.0003301407962	0.0005350315754	0.0002984334884	0.0005379392023	0.002488949926
	0.001302537968	0.1220645171	0.8788696739	0.6329401271	0.8097113893
	0.3826025522	0.02820215652	0.001007337895	0.002026682683	0.0008110070208
	0.01250057278	0.0002753954652	0.0005289997416	0.0003581911629	0.0001951479828
	0.0001960945527	0.0002409153921	0.0001953291586	0.9999047321	0.999904749
	0.9999047391	0.9686926608	0.8665250772	0.912698555	0.08693184597
	0.0006448253313	0.9999047177	0.9999047999	0.9999048362	0.9999047796
	0.002888273152	0.0001949602926	0.0001949428605	0.000194886441	0.000194890987
	0.0001949369606	0.01811613589	0.9999048247	0.4859828206	0.9999048962
	0.0001948923221	0.0001948553064	0.0001948746274	0.0001949479596	0.0001950023437
	0.0001949599533	0.0001950073782	0.0003136946073	0.0004735938976	0.0004412004028
	0.0003508063915	0.0002035551405	0.0002017297002	0.0002037694199	0.0002041981883
	0.0002039837691	0.0002019612813	0.0002008109677	0.0002010354478	0.0002021929441
	0.0002024246888	0.0002012667835	0.0002026565153	0.0002028884238	0.0002197553258
	0.0002004695532	0.0002031204142	0.000201498201	0.000203340931	0.000179534048
	0.0001829148448	0.0001680611718	0.0002380851618	0.0002263733518	0.0004105008971
	0.0004023847852	0.0002048736677	0.0001975646822	0.0002851716825	0.0002455106331
	0.0003896017938	0.0009274260407	0.01119404026	0.003532618939	0.07604664865
	0.4801143189	0.4706005957	0.1352377018	0.0009173188863	0.003839447666
	0.999868335	0.0003115122945	0.0002524541736	0.0002298837152	0.0003135055641
	0.0002235454924	0.9998795721	0.9998992681	0.9915392161	0.08746050308
	0.7685770697	0.01519953392	0.0002823120872	0.01704591567	0.9999046197
	0.9999047167	0.9999047403	0.0001949421822	0.2937210005	0.7361067321
	0.0002303205419	0.0001949869675	0.0001949805566	0.0001948028152	0.0001947387871
	0.0001948824551	0.0001948503949	0.009624570071	0.999904776	0.9999048169
	0.9996706475	0.9999048691	0.0001948768026	0.0001947833261	0.0001948095656
	0.0001949133768	0.0001948592304	0.0001949051333	0.0001949602366	0.0001948687295
	0.0001947529667	0.0002502441361	0.0002092153554	0.0002286537502	0.0001998615383
	0.0002118219701	0.0001988724076	0.0001782359886	0.0002086322571	0.0001976555559
	0.0002337374393	0.0001959685211	0.0001937140385	0.0002159239308	0.000268716347
	0.001885308273	0.0003708300008	0.0006220303182	0.0005248714764	0.001386345302
	0.008239120787	0.002605865343	0.0436645331	0.05008671691	0.2557669267
	0.2228798582	0.00938938743	0.005084243102	0.9998631216	0.9998236559
	0.0004963650787	0.0002794677064	0.000261137342	0.0004767385877	0.9998296292
	0.9863313841	0.7269795372	0.06506650676	0.0006723307062	0.006353348052
	0.9998618251	0.9999045328	0.9999046379	0.9999044454	0.000194805423
	0.1631538787	0.9145773969	0.000194723734	0.0001950094172	0.0003266204208
	0.0001950201004	0.003141149506	0.0001947407671	0.0001946497243	0.0001946719786
	0.0001946033415	0.0001946879678	0.03171700984	0.9999045121	0.9999049468
	0.9999050094	0.0001947799866	0.0001949824812	0.0001947800431	0.000194052154
	0.0001948489559	0.0001939847167	0.0001938486059	0.0001934659595	0.0001925244991
	0.0002044122314	0.0001966205609	0.0001997091946	0.0001929586417	0.0001969489522
	0.0001967137718	0.0001945529414	0.0001940045363	0.0002091196765	0.0001947049882
	0.0001949412401	0.003760011984	0.001091726284	0.0002390147243	0.0001949413625
	0.0015647354	0.0007977761511	0.001004739149	0.005382447475	0.0203239857
	0.1052336406	0.07069653263	0.02671476882	0.3072158693	0.1235694545
	0.358555409	0.04358674337	0.07562251897	0.9998116376	0.9994439526
	0.0008966644633	0.0004386896164	0.001223655275	0.9408419149	0.07190960452
	0.01001870944	0.0008128355826	0.9998910343	0.9998464362	0.9503605724
	0.9999040852	0.9999040375	0.4051352779	0.9633904067	0.0001941742086
	0.000193925546	0.000194033103	0.0001951034628	0.0001951435816	0.003965112871
	0.0001938841964	0.0001936566015	0.0001936584677	0.0001938840483	0.07475947832
	0.9999040996	0.9999046122	0.9997255895	0.0001938754438	0.0003071364308
	0.0001932331344	0.0001940388405	0.000193013998	0.0001928314252	0.000193493392
	0.0001939718308	0.0001963241007	0.0001971966044	0.0001944377371	0.000194873621
	0.0001950112633	0.0001950271438	0.0001950232843	0.0046551594	0.07663322357
	0.0001948492421	0.0001948376506	0.001750087287	0.0001950010851	0.0002370302492
	0.0002242253173	0.0001950222211	0.004648285377	0.008026727046	0.002964859018
	0.001554718669	0.04746321182	0.3017425262	0.1633116966	0.653932454
	0.3436270268	0.4914215482	0.1942892662	0.4248355601	0.6262041265
	0.9996530522	0.999237337	0.00285778005	0.001819657755	0.6486324129
	0.9808550485	0.1257595835	0.01822650476	0.997023824	0.9473599867
	0.9998767384	0.9995409962	0.9503980164	0.9709364036	0.1031746845
	0.1016279075	0.9999036056	0.818900778	0.000193320365	0.0001931355021
	0.0001924255101	0.0001922058892	0.02952845626	0.0001933115718	0.0251399481
	0.0004220130167	0.03034194439	0.9248254407	0.0002009675488	0.0001928541793
	0.0001929227153	0.4899857421	0.9999044305	0.9999040562	0.9999048105
	0.9725047775	0.1650868636	0.5608848546	0.000192793143	0.0001920022193
	0.0001920432093	0.0002183531412	0.0001971144443	0.0001950692835	0.0001960257711
	0.0001959284466	0.0001952343444	0.0001951620018	0.0001951960269	0.0001950529912
	0.0001950714325	0.0002264276432	0.0120015625	0.4940532313	0.9619345225
	0.0002008731441	0.0002962197776	0.003331314885	0.0002770901576	0.002284166768
	0.001376779009	0.04866220621	0.01491388237	0.02203004676	0.008643611329
	0.1056234313	0.6986771562	0.2559882823	0.9269472268	0.8655739133
	0.8926696676	0.7847049879	0.9114487305	0.982208614	0.998756095
	0.02468329404	0.9081075347	0.2075302589	0.1476216998	0.9968770416
	0.9767501509	0.9363765231	0.9978923772	0.9990237047	0.1080023638
	0.09691618904	0.1446290073	0.0001948073408	0.0004513572519	0.9448886191
	0.0001924556702	0.0001919111936	0.0001925060508	0.0001923787966	0.0001919555242
	0.9468809863	0.08454316047	0.01494610103	0.002625884642	0.8816323127
	0.4740843486	0.9693664093	0.07575877291	0.0001923773237	0.00019219432
	0.0001923304212	0.7783379158	0.9992262312	0.9999049054	0.9523674045
	0.9999045425	0.3675136994	0.0001919557762	0.0001916643066	0.0001917799067
	0.0002545526253	0.0002400047521	0.0002130966004	0.0001951424104	0.0001951048343
	0.0001951217069	0.0001957698834	0.0001954833916	0.0001956990504	0.0001954200738
	0.0001953030138	0.0001952428199	0.000195297903	0.0001955015441	0.0001951313072
	0.0002724345093	0.08650046182	0.03875816477	0.8231157688	0.9971435189
	0.8419776718	0.0005445941055	0.079850661	0.0006704248961	0.04683153584
	0.5707522077	0.08763267349	0.9564055334	0.1490325442	0.1187992458
	0.4535229453	0.9547075584	0.7451412597	0.9852634521	0.9851768657
	0.98997424	0.9808669737	0.9989104846	0.9954853489	0.9963371144
	0.5209286159	0.7664698219	0.6007790479	0.9938999681	0.9801813214
	0.8485614352	0.9932338691	0.9961843505	0.051441996	0.0003736630348
	0.0003925208308	0.0001949230554	0.0001950623128	0.1194632072	0.0001918807376
	0.0001920074855	0.0001918799363	0.0001919248637	0.9612917221	0.9939133947
	0.9999042018	0.01253687468	0.05159938938	0.1813644805	0.002332076818
	0.9998255317	0.9999048122	0.0004501730081	0.0003153733924	0.0001919761955
	0.0001920030994	0.000191995027	0.7359480721	0.9192732103	0.9999044389
	0.9999039836	0.9507151461	0.99967954	0.4664367756	0.0001919817135
	0.0001905507782	0.000191178477	0.0001913206729	0.0002368917554	0.0001951249835
	0.0001953077558	0.0001952852581	0.0001952585351	0.0001953931816	0.0001952983955
	0.0001954080669	0.000195379051	0.0001954120598	0.0001952773296	0.0001952385503
	0.0002227822534	0.000270874168	0.0002380425404	0.0004460899456	0.01542654383
	0.9988447434	0.8632896072	0.9293586475	0.9992204123	0.9987740868
	0.1155087743	0.4367572657	0.9124770869	0.9371264805	0.9941685624
	0.9935115071	0.7977440864	0.6738216447	0.9906997046	0.9434017764
	0.996681808	0.9973391829	0.9996221884	0.9997365354	0.9982915194
	0.9768464513	0.9242748883	0.9308672378	0.8744067595	0.9936754738
	0.9779485859	0.715196452	0.9217719365	0.0004962576581	0.04749754426
	0.0001951364066	0.000213874044	0.0001946113657	0.0001947808225	0.0001950385793
	0.0001951382444	0.1097380435	0.0001920561669	0.0001920536651	0.9163655269
	0.0001912507492	0.9832231597	0.9971230276	0.9999034565	0.006169508065
	0.02994932489	0.1546742299	0.001954768509	0.9999051959	0.9999048668
	0.0001927300342	0.0005851412728	0.0001925612256	0.0001927268364	0.0001927500098
	0.8175787486	0.9584978869	0.9999044464	0.9996985573	0.9998278455
	0.9993457445	0.5009330224	0.0001904854217	0.0001830739794	0.0001810238409
	0.0001849618557	0.006629433036	0.0001952186299	0.0001953484679	0.0001953183571
	0.0001953200424	0.0001953441051	0.001409452091	0.0002138201756	0.000195244925
	0.00019521516	0.0001951549596	0.04113547775	0.03595082793	0.7222674357
	0.999784649	0.9995188289	0.9999047161	0.9994992373	0.8471754712
	0.9997983833	0.9996402534	0.9993303904	0.9990734275	0.9737043721
	0.9910137523	0.9959917925	0.9995280779	0.9997272474	0.9997781593
	0.9999047288	0.9996075499	0.9997373636	0.7554695606	0.9576874465
	0.9872262915	0.9939122531	0.9936629176	0.04369050223	0.0008579198411
	0.6612923221	0.0009273230336	0.0001951384697	0.0002117276775	0.0001947134879
	0.0001948812708	0.0001951361274	0.0001951402674	0.8301059588	0.1235417678
	0.0007621259143	0.0001915734532	0.0001928171053	0.9301226047	0.000181766753
	0.9908990689	0.9981613636	0.9904029426	0.2192303888	0.8114653226
	0.01012345204	0.05428817768	0.002747761322	0.9999052203	0.9988629819
	0.9965134327	0.0001904289998	0.0001912273999	0.0001819194938	0.000397495655
	0.0001929557551	0.0001921546357	0.9880705449	0.9504229773	0.9635760091
	0.6783349339	0.6564295508	0.3684639695	0.5508328427	0.5404080907
	0.000177754474	0.0001728560808	0.0001713163182	0.0001737796791	0.02581113095
	0.006640663004	0.0001952787193	0.001785518021	0.0001952858519	0.000195300159
	0.1022315605	0.22764553	0.4265877351	0.9977355904	0.9998833737
	0.999631373	0.9999047284	0.9999047042	0.9998096719	0.9998887467
	0.9998369484	0.9992292607	0.9993891637	0.9950022852	0.9991306035
	0.9999047435	0.9998168272	0.9999047202	0.9996583525	0.9998293702
	0.9698104881	0.9962099538	0.9972810094	0.997640659	0.06647918013
	0.0008570585644	0.004718575932	0.0001951406096	0.000194911784	0.0001951408058
	0.0001951065254	0.9778953733	0.8467928085	0.0781181695	0.0001883602331
	0.09670144466	0.0001722177829	0.9993405525	0.9971180425	0.8281168811
	0.1519216625	0.0001819209593	0.1973434451	0.950494903	0.05313566597
	0.01424397927	0.001105618143	0.005410645099	0.0001800367069	0.9991872245
	0.9945517538	0.9745871734	0.0001794927351	0.0001771157457	0.0001713363162
	0.000194700849	0.0001947043304	0.0001806183942	0.9976071656	0.9883285503
	0.8842296159	0.6076622773	0.001252199934	0.2101807928	0.03921894769
	0.0005469670498	0.4890978398	0.804249934	0.0001676962214	0.0001688227208
	0.0001676835054	0.0001665492556	0.0001673308907	0.1100055941	0.02961726153
	0.0102227958	0.001734381144	0.3377139163	0.614988056	0.9340748384
	0.929176156	0.9998642854	0.999883772	0.9999047362	0.9999047258
	0.9998772184	0.9995009702	0.9996239379	0.9993445145	0.9995509887
	0.9999047567	0.9999047458	0.9999047241	0.9998992058	0.9997870276
	0.9999046983	0.9976949927	0.9986542577	0.9992843499	0.2205214995
	0.008530129979	0.002832155493	0.01156813984	0.0001951412177	0.0001948840763
	0.0001951280257	0.9872560716	0.9986977376	0.9877930007	0.0001947156613
	0.9997819894	0.9410381741	0.006033355702	0.0001740462885	0.0001737308818
	0.0532242185	0.1756609664	0.0001949381477	0.9838219106	0.01537827454
	0.002908064305	0.0001648773861	0.0001712473339	0.9980883144	0.999839684
	0.9886020833	0.9522704735	0.0001956925535	0.000169484041	0.0001663019848
	0.000169951077	0.0001666728077	0.0001948264137	0.0001948437209	0.002048826452
	0.999323129	0.9967546665	0.4477641785	0.1651302547	0.8251725247
	0.000194942791	0.0419154155	0.00557552562	0.0004832753457	0.4508148016
	0.7837563707	0.9503239221	0.0001646046299	0.0001642959242	0.000164719712
	0.0001640695532	0.3152349543	0.08894688308	0.7080983291	0.6346548354
	0.9008990292	0.9904201678	0.9860760844	0.9998999434	0.9999046973
	0.9999047498	0.9999047657	0.9999047545	0.9999047332	0.999732641
	0.999649443	0.9999047182	0.9999047439	0.9999047256	0.9999047075
	0.9999032923	0.9998960023	0.9999046803	0.9996394908	0.9991377115
	0.9995386711	0.3501709511	0.8199477191	0.06962664385	0.004776854118
	0.1055711694	0.7218348421	0.0001949649542	0.000421933633	0.0001950036374
	0.9995387518	0.9997399395	0.9994838102	0.0001949561056	0.0001688513589
	0.05375478976	0.1788068298	0.0001953211563	0.5882199116	0.9895310987
	0.01387854526	0.0001636333724	0.0001665109576	0.05168158735	0.9974279302
	0.9992284108	0.9879781253	0.9461275156	0.001483448593	0.0001655868111
	0.0002029418375	0.000164673442	0.0001632647969	0.0001655774135	0.0001949727914
	0.0001950241349	0.008168698881	0.9982639125	0.9998786398	0.1903907089
	0.7876411383	0.0001953951411	0.01081831322	0.002078728882	0.0001957184359
	0.7098116526	0.3325656794	0.9283313529	0.9850096793	0.0001629180523
	0.0001622264971	0.0001654165332	0.0001647660327	0.762445426	0.915373731
	0.9783609701	0.9967170504	0.9993285222	0.9999046774	0.9999047044
	0.9999047376	0.9999047433	0.9999047345	0.9999046773	0.9999047027
	0.9999046915	0.9999047232	0.9999047344	0.9999046693	0.9999046611
	0.99990466	0.9998508963	0.9999046906	0.9999046994	0.9999047161
	0.9999047195	0.9999032853	0.9998888379	0.9999046716	0.9998135345
	0.9997664925	0.9997897019	0.9635345245	0.9994777092	0.04086539764
	0.6181096559	0.07959109225	0.9817814519	0.0002118636381	0.1117877457
	0.9998762234	0.9998959832	0.0001953972939	0.07732191113	0.0001956453088
	0.4460242443	0.9944634708	0.998158521	0.04632194651	0.0001638714924
	0.0001632288022	0.9998171419	0.04637762168	0.01160775778	0.9949279312
	0.99793906	0.9748920885	0.9093633914	0.003297633049	0.0001630703345
	0.000162083778	0.0001615413371	0.0001617955364	0.0003362968096	0.0001952921449
	0.03004793798	0.00019559798	0.999899253	0.9977955579	0.05248081749
	0.1809798913	0.4908705326	0.7883355861	0.0001958455731	0.0001955040467
	0.001878429385	0.0001960081364	0.9089893241	0.2682922641	0.7043450788
	0.9816587719	0.9968615073	0.000164608689	0.000162267004	0.0001630885508
	0.0001660562798	0.0001653887689	0.9833067522	0.9960451969	0.9998962583
	0.9996183268	0.9999046215	0.9999046839	0.999904631	0.9999047123
	0.9999047377	0.9999046963	0.9999047256	0.999904729	0.9999046766
	0.999904701	0.9999047166	0.9999047296	0.9999045606	0.9999046486
	0.9998846196	0.9999046503	0.9999046487	0.9998943052	0.9999046378
	0.9999045808	0.9999046202	0.9999045457	0.9999045769	0.9998670874
	0.9999046797	0.999904693	0.9999047124	0.9999047054	0.999904714
	0.9999028402	0.9999027874	0.9019884826	0.9998593423	0.9998137176
	0.9997839668	0.9999042574	0.8021894007	0.9512448917	0.99356418
	0.9544624499	0.1636813437	0.9998952629	0.9999047088	0.000195393737
	0.999847884	0.1516943393	0.0001638818586	0.0001610797663	0.9980974329
	0.011902089	0.002700487985	0.9885327709	0.993933414	0.9021224015
	0.9510622646	0.01324454576	0.00236880483	0.9876487191	0.0001608989074
	0.0001600776808	0.0001614462871	0.0001606027097	0.000196190228	0.0001951204597
	0.0001952689775	0.1697465483	0.04096612517	0.0001958542324	0.0001957118629
	0.01193628707	0.998002452	0.9906773797	0.05678494804	0.19010731
	0.5022090688	0.7881727946	0.0001960930585	0.0001954487003	0.0001956079607
	0.0001962809056	0.9446615579	0.5159472005	0.8181032235	0.9819250034
	0.9970002078	0.9998807808	0.0001644937422	0.0001633019236	0.0001624225795
	0.0001665851146	0.0001656675767	0.9999045201	0.9999046623	0.9993174283
	0.9999046429	0.9999046637	0.9999046506	0.999904661	0.99990472
	0.9999046756	0.9999047027	0.9999047198	0.9999047358	0.9999047026
	0.9999046884	0.9999047292	0.9999045599	0.9999046085	0.9999046043
	0.9999046483	0.9999046214	0.9999045052	0.9975186497	0.9864174492
	0.999805216	0.9501343849	0.798758108	0.0002160341951	0.0001948337956
	0.9998259042	0.9999046379	0.9998511653	0.9999046189	0.9999045984
	0.9999046369	0.9999045872	0.9991326374	0.9999045645	0.9999045053
	0.9999045115	0.9999045455	0.9998799316	0.9999046779	0.999904686
	0.9998961537	0.9999047057	0.9998757846	0.9998787962	0.9972676583
	0.986271526	0.9483118144	0.2006229792	0.7932980312	0.565036244
	0.00256302613	0.002112476466	0.05134251534	0.9998836786	0.9998126266
	0.9998206633	0.09545866625	0.99990471	0.9963177125	0.9939098805
	0.9979816831	0.9999047095	0.999789995	0.9999047081	0.0001953496586
	0.002395477735	0.9485067213	0.9763953686	0.01084643486	0.002206252109
	0.0001960098144	0.999836612	0.002681842143	0.002366835341	0.9565087304
	0.8699242272	0.0001590393104	0.0001598793876	0.000161542626	0.000160999321
	0.00021709684	0.0001959111132	0.0004244897721	0.0001951916347	0.1350856182
	0.02709525559	0.004001897528	0.0001959335268	0.0001957928328	0.005730157465
	0.02129819455	0.9902270927	0.9543643286	0.6720349881	0.05382444673
	0.1919040341	0.4604109695	0.0001959002589	0.0001957651349	0.0001956367003
	0.0001954767102	0.0001956766567	0.7723942397	0.3579572906	0.9392780911
	0.990677296	0.000167155527	0.0001653583855	0.0001640103365	0.0001670724739
	0.0001682111963	0.9999045817	0.9999045715	0.9999047021	0.9997210754
	0.9999046934	0.9998728738	0.9999046992	0.9999047182	0.9999047307
	0.9999047205	0.9999047438	0.9999047399	0.9999047263	0.9999046382
	0.9999046632	0.9999046963	0.9999046741	0.9998421383	0.9831363895
	0.996778834	0.9123698036	0.4763174164	0.1757957987	0.01232787266
	0.04812663242	0.6563733634	0.002621526037	0.0002531187052	0.000194868782
	0.0001946429055	0.0001947948812	0.0001947178983	0.0001946278791	0.0001945673784
	0.0001947617995	0.0001947721146	0.0001946186872	0.0001946896383	0.0001948091582
	0.0002028642014	0.9977096211	0.9996256348	0.9998296812	0.9993472121
	0.99990462	0.9998106814	0.9999046077	0.9999045587	0.9999045884
	0.9998196709	0.9999045559	0.9997287723	0.9998580081	0.9997699477
	0.999903463	0.9998266151	0.9998084482	0.9887773768	0.9503412896
	0.8123165513	0.1948562389	0.4904932642	0.01096375601	0.002288836564
	0.04890900134	0.9995450424	0.9994737757	0.9995685659	0.2229378654
	0.8887687945	0.9994677707	0.9999047103	0.9998763785	0.999733287
	0.9552301521	0.9999047094	0.999345259	0.0001952812612	0.0001957881946
	0.0002506470318	0.001198549638	0.0001955577166	0.9961898698	0.9998517391
	0.0001684428895	0.0001635774809	0.8133009979	0.0001621466803	0.0001620537342
	0.0001641098367	0.0001631690526	0.0001946977554	0.0001955491246	0.0001955085981
	0.0001951125665	0.007214859598	0.01877391755	0.654967348	0.06871759713
	0.01947445417	0.003601797899	0.0002663295943	0.0001954630548	0.0001957046881
	0.0001955628869	0.002218354498	0.0104163121	0.03948094399	0.9967244022
	0.9866171376	0.516147809	0.06314538113	0.2015702155	0.0001955835871
	0.0001954029161	0.0001947199501	0.2387589698	0.88230549	0.971659976
	0.0001664696752	0.0001703581621	0.0001677938055	0.0001701829717	0.0001674619917
	0.0001720187452	0.0001714546318	0.9999043624	0.9999046544	0.9999046286
	0.999904745	0.9999047521	0.9998104247	0.9999047273	0.9999047409
	0.9999047602	0.9999047273	0.9999047376	0.9972903205	0.9820147836
	0.9961255086	0.3083885649	0.07779971901	0.01185817759	0.9943264381
	0.01654553728	0.001949340677	0.0001948641618	0.0001943555151	0.0001944438816
	0.0001945365497	0.0001947069045	0.0001947840447	0.000194675815	0.0001945942432
	0.0001944847216	0.000194416493	0.0001945393677	0.0001943472938	0.0001942712045
	0.0001945876306	0.000194703832	0.000194772993	0.0001946391439	0.0001947206163
	0.0001947527846	0.0001947880936	0.9974703434	0.9898050469	0.998417484
	0.9984254471	0.9990782224	0.9998093865	0.999449167	0.9998156144
	0.9998799697	0.9993796446	0.9996962095	0.9996096754	0.9996022943
	0.9993345083	0.8236300039	0.9579941076	0.4969027857	0.1876645718
	0.01106828377	0.001934858663	0.04871558436	0.9990272446	0.34460587
	0.9992128957	0.9999047106	0.9870444913	0.7173152026	0.9998370207
	0.9973577902	0.9970994703	0.0001951425274	0.0001956113291	0.0001937115436
	0.0002602905671	0.0001948973971	0.9998221969	0.9953215861	0.0001714861454
	0.0001668544011	0.0001953782303	0.4037091216	0.9639853672	0.0001669542511
	0.0001650089723	0.0001654656734	0.0001938479241	0.0001938960408	0.0001950367439
	0.04299782789	0.00019532245	0.0001953828427	0.0001953247579	0.0001766576537
	0.0007934497622	0.03940466594	0.003460137315	0.4491980885	0.008198632314
	0.001004406096	0.0001832170789	0.0001952474464	0.0001955061491	0.0001953758767
	0.02200419655	0.0460165382	0.3717799582	0.9973819114	0.9076944721
	0.7169834051	0.0001953308522	0.0001954052892	0.000174152417	0.0001950515332
	0.0001944708113	0.1050930836	0.8018573464	0.961169844	0.0001744610167
	0.0001750088707	0.0001749545291	0.0001707362054	0.0001777352124	0.0001767217725
	0.0001779595215	0.0001796916248	0.9998586102	0.9999047151	0.9999047366
	0.9993464004	0.9985228443	0.9007947734	0.5216439207	0.9968063001
	0.4483473673	0.004272189631	0.04882534529	0.0006978407228	0.000194287845
	0.0001943400781	0.0001944131187	0.000194496967	0.0001947483352	0.000194646484
	0.0001945574782	0.001627442382	0.0001942493711	0.0001941944539	0.0001944452865
	0.0001945140153	0.0001943565719	0.0001942711843	0.0001946096804	0.0001947334813
	0.0001946315964	0.0001946919963	0.000194741527	0.0001947688962	0.0001947935219
	0.9914390745	0.9616304837	0.9958689173	0.9957450962	0.9907844711
	0.9986558551	0.9984438812	0.998766085	0.9939489364	0.996762452
	0.9982594187	0.9987975514	0.5753298288	0.8495990162	0.2165423759
	0.0003497889507	0.0029698439	0.06125790038	0.01144827658	0.9981142334
	0.1368874879	0.9983951805	0.391325831	0.9652562194	0.9842256695
	0.9832617011	0.9808332223	0.0001949719302	0.0001930220613	0.0001947347163
	0.9996757205	0.9945261986	0.0001738120115	0.0001952104926	0.8443531269
	0.9928176056	0.0001726586657	0.0001730445558	0.0001936280731	0.0001931174624
	0.0001949294141	0.01803960358	0.0001947632253	0.0001952430369	0.000195202981
	0.0001829680583	0.0001872023221	0.0001948201951	0.01448652361	0.001023998315
	0.0001952307731	0.3242138093	0.0001948042198	0.0001925411253	0.002948029137
	0.0002530993241	0.0001950365791	0.0001951911958	0.0001953216524	0.03261591866
	0.2980518545	0.8280717196	0.999823568	0.9761209129	0.0001951402203
	0.0001951955397	0.0001867028497	0.00019497636	0.0001949685899	0.0001938796674
	0.05910521652	0.7157218468	0.8865509905	0.9660019864	0.00018757296
	0.0001833467977	0.0001912114344	0.0001845701645	0.0001907837729	0.0001913016197
	0.000185616972	0.0001903577967	0.000194306644	0.9995261521	0.5921805172
	0.9913218034	0.02045883721	0.0001942900225	0.000194332238	0.0001944770975
	0.000194398814	0.0001944262425	0.0001946049539	0.0003712089024	0.0001945400509
	0.008016394309	0.0001942386151	0.0001942337372	0.0001941960221	0.000194517131
	0.0001944340575	0.0001943803921	0.0001944261738	0.0001943454668	0.0001946568237
	0.0001946620656	0.0001947030047	0.0002273385519	0.0002702975731	0.0002955857798
	0.944285171	0.8096979208	0.9758070166	0.9516475134	0.9859772016
	0.9811280118	0.9189204715	0.9877429137	0.950750418	0.9925241137
	0.4728436589	0.1535385642	0.000972743452	0.007102293965	0.03734635153
	0.945433278	0.0001948112826	0.02976241979	0.0912802974	0.8932973245
	0.5093429418	0.5880760831	0.876167461	0.0001947439421	0.000194880491
	0.9960216537	0.0001825106524	0.0001950402112	0.9726272578	0.997723685
	0.0001818529455	0.1850949114	0.0001944059029	0.000250236946	0.02875856454
	0.0001945789887	0.7948531293	0.01139072589	0.000194760028	0.0001950943315
	0.0001916809246	0.000193736609	0.0001935803472	0.00019421383	0.003114627861
	0.0001923755111	0.0001930008162	0.985342789	0.0001951017314	0.0001942383528
	0.4460828094	0.0001948731473	0.0001949739348	0.0001933739968	0.001766650367
	0.0001949878353	0.0001950090875	0.0001951410665	0.4336265958	0.9756795513
	0.9975100889	0.9998437811	0.9963692559	0.000194983026	0.0001950476169
	0.0001934767681	0.0001948285453	0.0001949414527	0.0001949104657	0.0002008802362
	0.0001938925073	0.1398756836	0.03126257558	0.7906129974	0.9390077087
	0.0001936431541	0.0001943647115	0.0001941268418	0.0001942612842	0.0001933378946
	0.0001945100484	0.0001946454093	0.0001917162508	0.0001942709572	0.0001938445608
	0.0001942967222	0.0001944135096	0.0001944095457	0.0001942829393	0.1120005742
	0.0001943530688	0.0001944802589	0.001047454032	0.0001942175563	0.0001942820497
	0.0001942307692	0.0001942041191	0.0001946307598	0.0001945465897	0.0001944824109
	0.0001946070507	0.0001946876346	0.0002248702724	0.0005942422213	0.0007317843573
	0.000873042349	0.3174226704	0.6544366446	0.5500095804	0.7138393497
	0.7752557278	0.2277165933	0.7108218021	0.8906611945	0.06777835293
	0.0008357949209	0.007201182318	0.3589792213	0.0001940734863	0.02377489698
	0.00680649863	0.09567747931	0.2197612841	0.04300985012	0.0001942856061
	0.0001940355391	0.0001942235705	0.05162168519	0.0001940394189	0.9039685521
	0.006994475483	0.0001947579326	0.0001932069761	0.0001939834123	0.0001947330453
	0.0001946599265	0.00037853701	0.0001940264183	0.0001938516194	0.9870512292
	0.0001949815923	0.0001946468179	0.0001942030797	0.4251721086	0.0001948298594
	0.0001947555064	0.0001942729947	0.0001943958378	0.0022456905	0.01234939877
	0.0001949457878	0.0001949722587	0.0001949880913	0.0001949340469	0.576007315
	0.9569553681	0.9963652005	0.9974362817	0.9998875686	0.0001948401541
	0.0001949242542	0.0001947514361	0.0001947308174	0.0001944409091	0.00019469725
	0.0002563469536	0.0688022115	0.0001944358147	0.000193917879	0.09248119432
	0.9401449946	0.7842800851	0.0001948246504	0.0001947808992	0.0001948165359
	0.0001947797121	0.0001948473662	0.0001948802289	0.0001948720425	0.0001946100784
	0.0001947643417	0.0001942909879	0.0001945455906	0.0001943790798	0.0001945123968
	0.0001943375171	0.0001941835999	0.0001942562981	0.0001942105163	0.0001946781104
	0.0001946027063	0.000194573245	0.0001945510699	0.0002857821891	0.000555660849
	0.0004831848425	0.0005260009325	0.1151432921	0.06864071484	0.2300231555
	0.009957879301	0.06009964384	0.243745086	0.009205607479	0.0005594263673
	0.02237784077	0.0001939047837	0.0001937484377	0.01314392428	0.002720318394
	0.001927601585	0.002925378913	0.0007558574099	0.0001936216329	0.0001935106054
	0.0001936006388	0.0001948856481	0.0001939824499	0.0001948710442	0.0007155169965
	0.9868147801	0.0001948651808	0.0001949112121	0.0001949589449	0.0001938346691
	0.4279430469	0.0001947541644	0.000194846333	0.9997886931	0.0001949444559
	0.0002709337767	0.005532748191	0.03624182719	0.0001947630523	0.0001948033084
	0.0001948047166	0.8898437555	0.9942170399	0.9737268917	0.9969569127
	0.0001946447622	0.0001947797267	0.0001947161303	0.0001947720932	0.0001949150888
	0.6333107347	0.0001932890406	0.000193876964	0.0001945201756	0.0001943671458
	0.005997391458	0.0007666053748	0.06197881106	0.03055406345	0.01230048573
	0.2438735825	0.8781456526	0.0001949484569	0.0001949096255	0.0001949357301
	0.0001949391208	0.0001949539182	0.0001949800416	0.000194922299	0.000194950362
	0.0001942910608	0.0001944161175	0.0001945196744	0.0001944833597	0.0001943181185
	0.0001944079918	0.0001941883851	0.0001942180735	0.0002114598218	0.0001946287895
	0.0001946353594	0.0003754469199	0.0004394863449	0.0003346830318	0.01103376203
	0.02994457592	0.001780334559	0.01221895901	0.003272753233	0.000343792995
	0.004188684732	0.0001938367751	0.0001937081754	0.0002620866685	0.0001939431753
	0.0007179013481	0.0003499811085	0.0001935433032	0.0001948407046	0.0001933476233
	0.6203777611	0.0001947141377	0.9999007668	0.0001949779805	0.9119841364
	0.002427597828	0.01292414108	0.0001938542611	0.000194687875	0.0001945626695
	0.0001946619175	0.9862181077	0.9928905156	0.0001946824863	0.000194545383
	0.0001945660036	0.0001949419385	0.0001948593317	0.0001945711416	0.0001946250849
	0.0001934317081	0.0001949740794	0.9995173036	0.0001932152997	0.0001933310372
	0.0001942098276	0.1699112553	0.0005384513611	0.5506853352	0.8753580466
	0.4989821849	0.0001949868977	0.1215119891	0.8914771211	0.0001949965296
	0.0001950183306	0.0001950222345	0.0001950291492	0.000195016606	0.0001950129486
	0.00019499288	0.0001948474167	0.0001949767683	0.0001946009392	0.0001944530532
	0.0001944754146	0.000194512747	0.0001945074311	0.0001945395193	0.0001944078506
	0.000194155341	0.0002595722546	0.0002230227908	0.000280838186	0.0003594875735
	0.0002507823398	0.001620052959	0.003278289921	0.000624402923	0.0002246578465
	0.0008539160239	0.000921957305	0.0001936912283	0.0001935767763	0.0002400695654
	0.0002953291073	0.0001931400304	0.000193224433	0.000194594385	0.9998145914
	0.00300231627	0.9994144696	0.02580316541	0.0001933347785	0.0001937534268
	0.0001945346429	0.0001943882538	0.0001945031506	0.9979672157	0.9890699568
	0.0001944869458	0.0001944555495	0.0001944214171	0.0001944504799	0.0001932425549
	0.0001949426083	0.000194867295	0.0001949860282	0.0001944440351	0.000193074318
	0.0001950108192	0.9959289139	0.9999028083	0.0001937421766	0.06039161604
	0.0001930365974	0.000194120101	0.9867608731	0.882450867	0.0002178313929
	0.02387890094	0.9998571619	0.9991173182	0.0001950347963	0.05237043038
	0.7634224453	0.0001950437161	0.0001950225903	0.0001950457144	0.0001950409525
	0.0001950424192	0.0001950265441	0.0001949868222	0.0001948755241	0.0001946457191
	0.0001944779953	0.0001945571959	0.0001944731604	0.0001945960717	0.0001945693895
	0.0001942006203	0.0001943861173	0.0001946089127	0.0002697410217	0.0001945982402
	0.0002464233051	0.0002111833516	0.000211953905	0.0005439033305	0.0003440474538
	0.0002317893992	0.0002172518617	0.0001929609862	0.0001969402738	0.000200922321
	0.0001923578124	0.0001924382308	0.0002760468187	0.000192873481	0.0001933094558
	0.0001943219338	0.0001943304595	0.0001943218285	0.000194898864	0.9683971439
	0.0001943135054	0.0001943348881	0.0001943379842	0.000193049321	0.0001949075439
	0.0001950026827	0.0001942197769	0.0001923853626	0.0001950314169	0.0001950490917
	0.9999046254	0.9975380061	0.9999045765	0.0001931500639	0.0001936735246
	0.7974803766	0.0001950761727	0.0001931059434	0.0009291553832	0.0001939820357
	0.624619587	0.9998200432	0.9996678571	0.0750967836	0.9998894606
	0.0001950825059	0.0001951229594	0.7852648392	0.05171020942	0.0001917526175
	0.0001950035034	0.000195047941	0.0001950417766	0.0001950653101	0.000195072581
	0.0001950768369	0.0001949444744	0.0001949222061	0.0001945539111	0.000194525605
	0.0001944466696	0.0001943091214	0.0001946218544	0.0001945028382	0.0001945477436
	0.0001980441095	0.0001939600406	0.0002577103442	0.0001964957305	0.0002046426216
	0.0001921402077	0.0001920450932	0.0001914652765	0.000193035113	0.000194096259
	0.0001942208305	0.0001949466336	0.9893677372	0.0001941769575	0.0001942002361
	0.0001925361573	0.0001950683771	0.0001949448505	0.0001950181857	0.0001949949518
	0.000194072324	0.0001920553343	0.0001950504809	0.0001950645472	0.9999046906
	0.9999047683	0.9672909672	0.9999046971	0.0001931517043	0.0001936815694
	0.0001931256981	0.9765675161	0.0001950900643	0.0001950851275	0.0001930798519
	0.00426228036	0.0001939396262	0.000193835104	0.9998927236	0.7131646378
	0.1720212852	0.9992698645	0.01997677708	0.999904702	0.000737750592
	0.05469872358	0.5891039737	0.0001913586211	0.0001904575443	0.0001949766565
	0.000195018856	0.0002175274242	0.000195050071	0.0001950903869	0.0001950817456
	0.0001950791514	0.0001949672226	0.0001949922316	0.0001943442043	0.0001942212389
	0.0001946569287	0.0001946500046	0.0001946433308	0.0001943954499	0.00019463472
	0.0001946625035	0.0001947366401	0.0001947859696	0.0001946695815	0.0001946858921
	0.0001946660246	0.0001943515938	0.000193556506	0.0001924660618	0.0001899979774
	0.0001891704503	0.0001892099087	0.0001905773216	0.0001940209868	0.0001925119943
	0.0001950828989	0.0001949942698	0.0001875057003	0.07396959948	0.9999030295
	0.0001994411191	0.0001950432363	0.0001938212759	0.0001938858419	0.0001923397329
	0.0001950751138	0.0001950647917	0.9999047963	0.9994183319	0.9999048083
	0.0001933224926	0.0001933331606	0.0001933252631	0.0001950959931	0.9728640392
	0.0001950974583	0.0001950937407	0.0001950912682	0.0001926931494	0.002756830797
	0.0001940282092	0.0001938008403	0.0001934353594	0.01557627647	0.9999047348
	0.7877267083	0.3445143683	0.995112155	0.01547711794	0.9999048277
	0.2953867475	0.9623362545	0.0001949836022	0.0001949740386	0.0001917528849
	0.0001900512766	0.000188512877	0.0001950177287	0.0001950549938	0.0001950868192
	0.0001951982564	0.0001950839771	0.0001950991195	0.0001951004042	0.0001950315145
	0.0001950860838	0.0001950839486	0.0001950205074	0.0002304536974	0.0001950433721
	0.0001948334548	0.0001941607535	0.0001941944329	0.0001943471255	0.0001943215899
	0.0001940593469	0.0001910946341	0.0001873454318	0.0001865206134	0.08758505362
	0.9995382222	0.0002672231241	0.0001936231228	0.0001926966667	0.0001951647171
	0.05019838701	0.999904767	0.999904843	0.999904791	0.0001932811728
	0.0001935081097	0.0001934350746	0.0001950242266	0.0001950003465	0.9999048389
	0.8405841673	0.9584944918	0.0001950016045	0.0001949651549	0.00260089233
	0.0001927877999	0.0001940934262	0.0001939923566	0.0001938432385	0.0001935958818
	0.000192304037	0.0001953529158	0.9999048669	0.9968148249	0.5775965002
	0.2328733594	0.9820978701	0.01062003608	0.9999051847	0.04990346905
	0.6022658839	0.0002674489532	0.0001949965561	0.0001949951258	0.0001911115258
	0.0001886623345	0.0003304447953	0.0001874972382	0.0001950510152	0.0001950247539
	0.0001950838817	0.0001949502891	0.0001951071777	0.00019526498	0.0001951033007
	0.0001950015064	0.0001948826157	0.0001948444093	0.000342652319	0.000295017984
	0.0002851612439	0.0001947262965	0.0001940859767	0.0001942907346	0.0001943011529
	0.0001924998684	0.0001897839131	0.0001866038269	0.0001937483552	0.0001930477244
	0.0001951255301	0.0001950731806	0.03053018992	0.1358530808	0.9999053017
	0.9993754847	0.0001930845387	0.0001935734445	0.0001949233316	0.0001949019511
	0.9999053134	0.8779873767	0.0001948705017	0.0001948158348	0.0003281433435
	0.0001953814869	0.0001951583245	0.002619796887	0.0001929065361	0.0001927324495
	0.0001938606471	0.0001938276415	0.0001937214129	0.000193629561	0.0001925037198
	0.0001954912185	0.0001951023034	0.0001920777288	0.9964607417	0.4576193538
	0.9594795855	0.01387144582	0.4333914778	0.9954926467	0.9186957448
	0.0001956169748	0.001057375867	0.005291676992	0.0003483099912	0.0003450425218
	0.0001950297874	0.0001949999303	0.01494332132	0.0001888603454	0.0001901517003
	0.0001950538212	0.0001950847227	0.0001946970562	0.0001949596569	0.0001951444895
	0.0001945829899	0.000194897836	0.0001947176336	0.0004254539236	0.002262492084
	0.0001947793924	0.000193477752	0.0001942488537	0.0001944521303	0.0001911613297
	0.0001911154468	0.1035242683	0.5791633678	0.0001931418913	0.0001948171283
	0.9997634364	0.7582204159	0.0001947398393	0.000194715902	0.0002322821085
	0.0001950080019	0.0001952271765	0.0001951777918	0.001952264736	0.0001938834691
	0.007131274144	0.000193293895	0.0001936766161	0.0001935938075	0.0001934452865
	0.0001932204617	0.0001934235229	0.0001936033441	0.0001952523046	0.0001954634126
	0.0001951009109	0.0001949130069	0.207032479	0.08633603769	0.9996959534
	0.9906236939	0.416278989	0.9018046435	0.07293405768	0.09444242945
	0.987219881	0.7230029352	0.0001955312875	0.01022864785	0.01694550225
	0.0005028170831	0.0004717463689	0.0001950133588	0.0001950364736	0.1181283039
	0.0001923859212	0.000198227676	0.06446581253	0.0001950672103	0.0001950846499
	0.00019452075	0.0001944100709	0.0001944882195	0.000194351683	0.0001947571116
	0.0001946088743	0.01268748072	0.05274096766	0.0001948821927	0.0001937747737
	0.0001944404444	0.0001934329131	0.0001946503422	0.0001953680721	0.000194369247
	0.0001950724687	0.001023503111	0.0004119827606	0.0001952201917	0.000194551594
	0.007581822877	0.0001938223626	0.000194168252	0.000193897199	0.0001944678618
	0.0001952310029	0.0001948403916	0.0001952773783	0.000195259924	0.0001950937428
	0.000194930173	0.0001947750727	0.9998116203	0.9596062094	0.5977670864
	0.982074442	0.611507486	0.1160394405	0.1411427497	0.9805793601
	0.7096677236	0.002314351837	0.02274147313	0.09657364381	0.0006564304032
	0.0001950314131	0.0003288293357	0.0001950405433	0.0001950540594	0.7643953934
	0.0001935212938	0.0004073856017	0.000195076838	0.0001950872502	0.0001940881586
	0.0001942005379	0.0001938557535	0.0001940767627	0.0008444806247	0.00674776816
	0.4654780003	0.4021784252	0.0001937479876	0.0001949499344	0.0001946233115
	0.0001939274883	0.0001945534186	0.0001939299616	0.0001941620185	0.0008403673275
	0.0001952477	0.0001947338493	0.2581214738	0.000194254535	0.00019356103
	0.0001946202716	0.0001940204876	0.0001990048848	0.000195020596	0.0001948303687
	0.0001947071836	0.9998714175	0.9995673819	0.9833067875	0.9942921998
	0.7280354718	0.2010983193	0.7511258139	0.9815946968	0.9571855578
	0.007575401197	0.09100871337	0.002570476031	0.1555502567	0.000735574242
	0.0001950362081	0.000195053386	0.0001950560062	0.08295600024	0.0001937982427
	0.0001936822234	0.0001935887276	0.0001950951055	0.0001950955426	0.007756849036
	0.6956987489	0.0001934916939	0.0003283807612	0.01057347241	0.08728380231
	0.9477066953	0.9757942886	0.0001939574962	0.0001949764854	0.0001947212108
	0.0001945015458	0.000196554848	0.0001938251211	0.0001936036147	0.003423581478
	0.0001949376513	0.0001947383565	0.9999033718	0.9999015222	0.9999025646
	0.6311595616	0.9776215144	0.9363246453	0.05278826261	0.4436569985
	0.004619501414	0.000978435224	0.0001950664814	0.0001950584305	0.0001950785915
	0.0001950591828	0.08304589571	0.06162218354	0.04952631636	0.09968535116
	0.0001928862776	0.0002265817698	0.0001950869382	0.0001950944558	0.01340078562
	0.03095180683	0.9740546096	0.238126679	0.0004688318389	0.02175139566
	0.6268119596	0.2051564164	0.9933754935	0.9986993105	0.0002074856218
	0.0001950155411	0.0001949090977	0.0001960299646	0.0002056841989	0.0001963168814
	0.0002135423859	0.01313402775	0.000194927179	0.0004895460528	0.9999006237
	0.9998999622	0.05441231209	0.9605826102	0.9388560921	0.3811939096
	0.000885104814	0.000300614708	0.0001950659941	0.0001950759587	0.001599452426
	0.9443067239	0.9191783627	0.9229301115	0.0002016102579	0.01869133193
	0.0001949563888	0.0001950916104	0.0001950988458	0.0006524546971	0.1450712897
	0.8356307641	0.991042078	0.008950838555	0.04083881159	0.4385287036
	0.9723045915	0.8332285406	0.9981645734	0.9992878024	0.0002241140582
	0.0001950675239	0.0003842599053	0.02730965776	0.0003703297742	0.0007954206081
	0.9998638466	0.08598611664	0.9148553256	0.9682751088	0.9998822505
	0.471026816	0.0001950837607	0.000195070193	0.0001950774495	0.001293616236
	0.003115420083	0.9996228073	0.1241744564	0.1488836266	0.0001948149357
	0.0001949589863	0.0001951026259	0.0001950884141	0.0001951012191	0.8412266384
	0.05284257705	0.8328285118	0.03685633912	0.9954459863	0.01221208003
	0.9983117155	0.8773957965	0.9803811747	0.9986439533	0.9996751163
	0.9996931051	0.1622430084	0.08243351225	0.0005022019275	0.03511732663
	0.4064829716	0.9403560038	0.9632842337	0.9502099604	0.0001950786004
	0.0001950835446	0.005102346844	0.0008611744116	0.9998626622	0.9479959519
	0.9198301972	0.9994054737	0.0003258741166	0.0001949744246	0.0001951034959
	0.0001950871656	0.0001950855758	0.1259505103	0.6398902637	0.3475320665
	0.01324383088	0.05883832551	0.9978207192	0.800557733	0.9767135461
	0.05124894251	0.9774727187	0.9992717993	0.9996628906	0.9990885084
	0.9998746409	0.9998839556	0.960073999	0.9784632519	0.1376166451
	0.7481289126	0.0001950899764	0.002308911863	0.9998416914	0.9983922555
	0.9995720055	0.0009186842108	0.0001949560095	0.0001950820744	0.005258747328
	0.0002161510473	0.0009066441941	0.2746558471	0.6112863959	0.04564498971
	0.1169496618	0.002205111251	0.2282847268	0.01571922813	0.9996359361
	0.1920874536	0.9969587538	0.8533686439	0.9482427539	0.178896372
	0.6557352201	0.9983961961	0.9994863143	0.9999012772	0.9997302282
	0.9982284403	0.9946849342	0.9999047108	0.9999047109	0.9998011991
	0.9999047112	0.9931160891	0.9923380693	0.9979776348	0.9612752891
	0.001043901226	0.002061703793	0.002860178177	0.503263175	0.06256707702
	0.0110051762	0.06182165856	0.005532318101	0.01185741091	0.05331999666
	0.9999047107	0.9992195141	0.1822837971	0.198944847	0.5006064334
	0.9884671692	0.8131140782	0.9459009691	0.9997109881	0.5005240523
	0.4143592309	0.9984637309	0.9996636988	0.9996578138	0.9986486806
	0.9998770293	0.9981178169	0.9999047108	0.999904711	0.9999047114
	0.999904711	0.9999047112	0.998421898	0.9984827664	0.9998017825
	0.9997644996	0.185468036	0.02429398495	0.9998912148	0.9999047108
	0.470318752	0.4875138245	0.809249453	0.9930898086	0.975964374
	0.9403620247	0.9996139727	0.9999047115	0.7789434915	0.6833955719
	0.9409182765	0.9976294282	0.9997352455	0.9998738835	0.9997928115
	0.9998948947	0.9998655764	0.9999047108	0.9999047109	0.9999047111
	0.999904711	0.9999047113	0.9999047114	0.9999047111	0.9998447
	0.999840537	0.9998184217	0.9999047108	0.8984274929	0.8068500488
	0.9999047112	0.9575885637	0.9864574614	0.9999047116	0.9999047115
	0.9480283047	0.9233720013	0.980119581	0.9952954015	0.9992311571
	0.9998308884	0.99990447	0.9999045481	0.9998923421	0.9999047108
	0.9999043682	0.9999047108	0.999904711	0.9999047109	0.9999047115
	0.9999047111	0.9999047113	0.9999047114	0.9999047112	0.9998826006
	0.999878824	0.9998705548	0.9544715766	0.9999047113	0.9999042463
	0.9959326487	0.9882972368	0.9999047115	0.9999047116	0.9861566526
	0.9864804571	0.9981661168	0.9999047104	0.9997401805	0.9999045929
	0.9999044002	0.9999045368	0.9999044896	0.9999047109	0.9999042705
	0.9999047111	0.9999047109	0.999904711	0.9999047115	0.9999047112
	0.9999047114	0.9999047113	0.9999047112	0.9999046224	0.9999045606
	0.9999046667	0.9982790116	0.9972676829	0.9999047116	0.9943441344
	0.9999044495	0.9999046949	0.9998112564	0.9999043852	0.9999043218
	0.9999044961	0.9999043832	0.9999044378	0.9999047111	0.999904711
	0.9999046964	0.9999044139	0.9999047116	0.9999047112	0.9999047111
	0.9999047111	0.9999047115	0.9999047112	0.9999047114	0.9999047113
	0.9999045455	0.9999044945	0.9999045899	0.9999046341	0.9999045257
	0.9999045171	0.999904376	0.9999044427	0.9999044068	0.9999047112
	0.9999047017	0.9999045521	0.9999044846	0.9999045554	0.9999047116
	0.9999047113	0.9999047105	0.999904709	0.9999047115	0.9999047114
	0.9999047114	0.9999045767	0.9999045601	0.9999046228	0.9999046014
	0.9999046929	0.9999045323	0.9999047109	0.9999045954	0.9999046747
	0.999904712	0.9999047116	0.9999046539	0.9999046922	0.9999047118
	0.9999047117	0.9999046591	0.999904692	0.9999047064	