961	
	0.502410935	0.4758745818	0.4904543481	0.495315805	0.4966936189
	0.497398341	0.4973028409	0.3293668812	0.004179256627	0.004298996589
	0.0212976618	0.4423994558	0.4937327588	0.5022960896	0.5240804406
	0.5873140487	0.7022963311	0.7869701232	0.756256776	0.6731004685
	0.6905523529	0.680760868	0.6132792049	0.5856613685	0.5946872939
	0.609828921	0.623690483	0.6306056354	0.6326617919	0.631011329
	0.6243559258	0.0004845533683	0.262355405	0.3846831837	0.3943361751
	0.3945829831	0.3945738016	0.3930897715	0.3233967579	0.005242466449
	0.002784089922	0.007662940422	0.3326814754	0.399685396	0.4028387406
	0.4180776211	0.4938879767	0.6944057594	0.8730944851	0.882407529
	0.7591190311	0.7370070086	0.7673696022	0.6657621006	0.5810516887
	0.5865037537	0.600078919	0.6178862028	0.6297557497	0.6329792917
	0.629264363	0.6278107472	0.0003373537645	0.0002861737987	0.0004273668617
	0.000433700474	0.0004495841425	0.0004694593621	0.0004834007907	0.0004814989718
	0.0004598978018	0.0004539475743	0.0003916495912	0.3815762354	0.4186167932
	0.4202312659	0.4194688863	0.4499164576	0.6265958032	0.8585963493
	0.8315816531	0.3966945675	0.4049063338	0.679691229	0.6639821272
	0.5878456237	0.5927185308	0.6099908845	0.6038744944	0.6009648467
	0.5988085197	0.5901269473	0.612049403	0.4439462467	0.0004016520979
	0.0004356769229	0.0004226305083	0.000440724478	0.0004580249188	0.0004767025335
	0.0004823981818	0.0004736112318	0.0004688398034	0.0002872197272	0.0002830185171
	0.0004166456139	0.000380422522	0.2568655557	0.4022318288	0.4865445274
	0.8339570544	0.4655945127	0.01210811709	0.03718022562	0.07772084916
	0.1207376688	0.3440149433	0.3783266041	0.5631782928	0.5459345821
	0.5465844993	0.5385425745	0.5296655278	0.5838181108	0.453508599
	0.2757543103	0.2234868702	0.2427640739	0.2662502892	0.2892024016
	0.3137673511	0.3392480191	0.3635643481	0.3833037284	0.3771783284
	0.0003979365949	0.0004308609959	0.0002359277917	0.000260059826	0.000434829135
	0.000421243642	0.6186477499	0.9692425983	0.006392195628	0.01137222115
	0.003884199009	0.003848331473	0.003180310279	0.003219879656	0.004232761177
	0.01200014062	0.4558158543	0.4706674488	0.4673800542	0.5504099501
	0.4801382134	0.3213100403	0.2761072889	0.279137453	0.2988387136
	0.3209793232	0.3441144863	0.3667086908	0.3868485621	0.4031678841
	0.4112163022	0.4091859756	0.4126969693	0.4062177376	0.0005125625394
	0.0004090875517	0.0002983839551	0.000316932863	0.0004769593718	0.99712148
	0.01690808501	0.005173756433	0.003807230604	0.002760930306	0.001984084429
	0.001329483613	0.001008232067	0.005080655314	0.4159490014	0.4313639571
	0.5250218073	0.5469690494	0.4228258477	0.4118869649	0.409109003
	0.4152465023	0.4263104201	0.4389052307	0.4511021148	0.4618800028
	0.4709338543	0.4770502466	0.4775188993	0.4778242044	0.4806715188
	0.4809481262	0.4655311851	0.4291975507	0.0004510529952	0.0003513454644
	0.000344095386	0.9960718647	0.04341538555	0.009740507961	0.006768891427
	0.004719771763	0.002794828105	0.0008062170676	0.0006978459641	0.004932832505
	0.4059276035	0.5107520703	0.6268726612	0.5781933262	0.5714678492
	0.5661491806	0.5612827761	0.5589191352	0.5585448024	0.5593321934
	0.560586575	0.5615331736	0.5608818793	0.5577665457	0.5537525881
	0.5497100168	0.54531861	0.5416257088	0.5243373486	0.5008267421
	0.447463856	0.0003754850591	0.0003997049767	0.9765322855	0.4691489835
	0.6138771249	0.642212423	0.5162077326	0.2534673889	0.0007162797467
	0.0006113373896	0.009709695086	0.4870670654	0.6854111388	0.7074680632
	0.6948108886	0.6878211378	0.6791817177	0.6707196201	0.6628530267
	0.6559269932	0.6498116158	0.6438595391	0.6372320514	0.6299071707
	0.6229152524	0.6163677107	0.6107451655	0.6061276762	0.5981311201
	0.5835695985	0.5587268697	0.5088046717	0.0004277616265	0.0004489191106
	0.9656198339	0.9788321436	0.9491217803	0.8862998089	0.6123291998
	0.06076536368	0.0005858609448	0.0008388794429	0.4568276419	0.6997150233
	0.757961124	0.7431814717	0.7392998096	0.7336619963	0.7273308136
	0.7200294812	0.7122094124	0.7042449661	0.6960851483	0.6876080036
	0.6792900735	0.6720477081	0.6663538338	0.6628673696	0.6620108373
	0.6619829468	0.6614242884	0.6571564489	0.6444515566	0.5836320228
	0.0004848250617	0.0005305262697	0.6279777561	0.7499891061	0.7038209272
	0.01880410076	0.9947609311	0.0008748110138	0.0008565257388	0.4336124116
	0.6655409444	0.7271996674	0.7183389871	0.7210743629	0.7242007767
	0.7265009911	0.7264063496	0.723890183	0.7195964348	0.7140072483
	0.7075505052	0.7010232846	0.695413914	0.6915249261	0.6902809172
	0.6922809802	0.6973980664	0.7063295361	0.7204717612	0.7406010536
	0.7545899846	0.6907118946	0.0005638706317	0.0006181692892	0.001396578866
	0.002321270058	0.003673960303	0.001743394717	0.0008431271592	0.0005164545927
	0.03488632394	0.5908513687	0.6077347725	0.6120895295	0.6253286308
	0.644199817	0.6643087677	0.6809712367	0.6921629135	0.6982198133
	0.7001375356	0.6990407098	0.6962849143	0.693250654	0.6911004284
	0.6908876598	0.6933648364	0.6991235385	0.7096893477	0.7280852499
	0.760768111	0.8099712571	0.8537158222	0.8089506149	0.0008975290979
	0.001126690568	0.001510716411	0.002416766422	0.004394554265	0.9983233237
	0.0005278100882	0.0007207636418	0.4957179592	0.4169372296	0.4214373211
	0.4441417857	0.4822548556	0.5310735594	0.5800966472	0.619077732
	0.6451716179	0.660323297	0.6675506262	0.6697484742	0.6693135378
	0.6680191935	0.6671388836	0.6675084513	0.6698779374	0.6756952982
	0.6877614163	0.7119851529	0.7550509394	0.8316547227	0.9093904213
	0.9260949345	0.3716879291	0.1202409704	0.04619181104	0.01051585281
	0.9778972852	0.001434651576	0.0009688248964	0.4061642889	0.2369836405
	0.2174972243	0.2357804854	0.2795328774	0.3510673439	0.4408687087
	0.5209276825	0.5758647801	0.6081645437	0.6248332662	0.6317509503
	0.6329559063	0.6309884102	0.6273832707	0.6230405138	0.618660753
	0.6152563686	0.6145405602	0.6197766852	0.6354750761	0.6666598946
	0.7585434048	0.8763244253	0.920703706	0.8722706674	0.682712321
	0.1575275558	0.9891987357	0.001467999539	0.001337803417	0.3387519736
	0.1229185956	0.09168828488	0.1003356675	0.1332899615	0.2019236588
	0.3138850058	0.4310815642	0.5143422374	0.5619122969	0.5856823261
	0.5953859963	0.5967905701	0.592984006	0.5855768436	0.5754595203
	0.5633582444	0.5502876334	0.5378506357	0.5284157763	0.52443651
	0.5262771204	0.5383213698	0.5784555652	0.6424214076	0.6704184797
	0.6160899887	0.7281206572	0.989809159	0.001622186546	0.00147535127
	0.2976693832	0.06240571522	0.03959832364	0.04369107653	0.06571945186
	0.1232742462	0.2390641069	0.3773081205	0.4781181671	0.5333829276
	0.5593900808	0.5692081981	0.5696926965	0.5639798006	0.5534610455
	0.5388863302	0.5210479513	0.5013178543	0.4820965992	0.4669825098
	0.4600540669	0.4639971497	0.4789473771	0.5032363244	0.5362340042
	0.5931989534	0.7095425361	0.9111511517	0.9805415267	0.00181814197
	0.001651665788	0.2811337981	0.03148470461	0.02000564535	0.02347582917
	0.04110874501	0.09603454526	0.2189905055	0.3669908437	0.4700493742
	0.5232411238	0.5467504271	0.554806803	0.5541478818	0.5474506225
	0.5356811345	0.5193359729	0.4991629981	0.4767397896	0.4550123204
	0.4384886089	0.4327041891	0.4432749091	0.4736585029	0.5192974545
	0.5752434134	0.6695018568	0.8292241391	0.9510648249	0.9420698577
	0.002035354614	0.001861802378	0.2843744862	0.01545969926	0.01182682186
	0.01570575117	0.03546832764	0.1022045599	0.2454582126	0.3919980105
	0.4815624531	0.5249355081	0.5434713253	0.549513842	0.5484477715
	0.5421778218	0.531226685	0.515839961	0.4966271383	0.4751196363
	0.4543842665	0.4393544074	0.4365546443	0.4536528779	0.4970639034
	0.5661567952	0.6589181117	0.7824750975	0.8977055553	0.9509516149
	0.6120745931	0.002248072181	0.002059952966	0.3004724618	0.008023348786
	0.008068135836	0.01298695799	0.04262722646	0.1435833068	0.3092238667
	0.4339663236	0.4996962845	0.5306311145	0.5444147057	0.5494790887
	0.549210647	0.5446894239	0.5361580211	0.5238013641	0.5082364792
	0.491051067	0.4755556987	0.4673873109	0.4743580351	0.5054048094
	0.5672776662	0.6583109138	0.765850267	0.8610107737	0.9085849263
	0.8108993173	0.02811350879	0.002565928531	0.00223773344	0.3139444634
	0.004734491455	0.005692633424	0.01389073897	0.07015652566	0.2298812705
	0.3858716097	0.4726007517	0.5144571899	0.5350283505	0.5458251893
	0.5512735388	0.552818399	0.55086842	0.545668845	0.5377286808
	0.528157923	0.5192131303	0.515181722	0.5231357009	0.5523008535
	0.6101882343	0.6934946639	0.7825700077	0.8527819807	0.8840814403
	0.8075777	0.0988454705	0.01038852236	0.003655940862	0.00292463417
	0.2847587009	0.003203201795	0.003928478265	0.02015391321	0.1425431786
	0.337514971	0.4461822996	0.497359192	0.5219965343	0.5359578408
	0.5455715469	0.5523053513	0.5561248988	0.5570248212	0.5555504363
	0.552970645	0.5514950006	0.5547602158	0.5685496814	0.6008920906
	0.6590347885	0.7394963166	0.8171843819	0.8606738053	0.8518077976
	0.6840194387	0.08539707479	0.01528257699	0.006206509407	0.005083557073
	0.005397053633	0.1387870871	0.002578061323	0.002909096418	0.04064198319
	0.2675140751	0.41974067	0.4813242627	0.5084798223	0.5226764693
	0.5330379147	0.5425111259	0.55074674	0.5567948077	0.5604879455
	0.5628353173	0.5660740647	0.5737654001	0.5909583623	0.623977861
	0.6784091492	0.7527030743	0.8291320096	0.8783645937	0.8683923352
	0.6329846629	0.06894774034	0.01644984993	0.009316475282	0.006725173569
	0.007233099417	0.0140485565	0.02411432953	0.002504239709	0.002485288286
	0.1025614324	0.3826911787	0.4689407133	0.4978277087	0.5100540519
	0.5179608206	0.5263397921	0.5359616599	0.5454621815	0.5534515056
	0.5597474356	0.5657437888	0.5744358537	0.590367809	0.619202061
	0.6660195215	0.7312393628	0.8049320471	0.8667660304	0.8961288363
	0.8546529729	0.4429268854	0.03881712929	0.01550727634	0.01027170432
	0.01101733329	0.01847061094	0.08523615988	0.006294027059	0.002919896606
	0.002636767781	0.2124338282	0.4560415032	0.4973847724	0.5035654438
	0.5052510112	0.5088302226	0.5158888012	0.5255860895	0.5360021013
	0.5456165337	0.5542517352	0.5633983617	0.5762572378	0.597578404
	0.632732353	0.6849859692	0.7509898844	0.8182184043	0.8699062188
	0.8916406845	0.8509107644	0.5357246727	0.08172109425	0.03053154223
	0.02797138083	0.04631196143	0.132390745	0.3736905232	0.002780657223
	0.00309784689	0.00375639	0.3208875456	0.5018508448	0.5115681013
	0.5012298166	0.4951043334	0.4956364549	0.5017994232	0.5114838617
	0.5225040788	0.5334165263	0.5440273147	0.555588552	0.570861651
	0.5939836908	0.6295006902	0.6796529224	0.7405029911	0.8009777087
	0.8478517541	0.8698013769	0.847055049	0.7006331935	0.3716473483
	0.2594282387	0.3576816425	0.5172896774	0.6229858846	0.59819755
	0.001814715792	0.002232219608	0.00784834442	0.4235536109	0.528201821
	0.5110505192	0.4899585779	0.4797113889	0.4789253624	0.484716267
	0.4942711006	0.5054923933	0.5172371794	0.5293448337	0.5426228015
	0.5589007975	0.5810453277	0.6124113731	0.6549759157	0.706456726
	0.7592358949	0.8033276503	0.829534691	0.8274944733	0.7812648955
	0.7019437373	0.6945393338	0.7615834174	0.7870229635	0.7880376807
	0.6992489774	0.001496233154	0.001688686829	0.02735954752	0.5231529377
	0.5332794377	0.494625474	0.4705005397	0.460670066	0.4604075782
	0.4660683389	0.4749956801	0.4856631939	0.4974911911	0.5105070746
	0.5251064409	0.5420262353	0.5624806437	0.5881678607	0.6206060147
	0.6595592739	0.70165229	0.7408888593	0.7704135526	0.7835238643
	0.7760211713	0.7572647231	0.7542313744	0.7686667819	0.772971667
	0.7735261129	0.706980563	0.001352095783	0.001460569737	0.2202085214
	0.5691584844	0.513091207	0.4676886656	0.4483974404	0.4421014495
	0.4428846259	0.4476740821	0.4547892797	0.463678702	0.4745243225
	0.4877436075	0.5035877777	0.5219540964	0.5424638419	0.564778846
	0.5889484732	0.6153636432	0.6440312746	0.6735087423	0.7001821183
	0.7184632875	0.7230317908	0.7143172175	0.7020258409	0.6960761039
	0.6962859577	0.7003004979	0.6728254638	0.001220374853	0.001344666844
	0.4724393601	0.5357158197	0.4769982717	0.4441720708	0.4325357097
	0.4289297686	0.4289408555	0.430910958	0.4344282345	0.4399510097
	0.4484266887	0.460825062	0.4776755807	0.4986994088	0.5226334169
	0.5473960552	0.5707313262	0.5911737284	0.6086731047	0.6240559044
	0.6371779818	0.6450664904	0.6426370073	0.6277400199	0.607068206
	0.5935419527	0.5938949797	0.6021817441	0.6265645985	0.001089166242
	0.001220274625	0.5657150741	0.4941917099	0.4537656389	0.4363840987
	0.4276529018	0.4214599332	0.4163974628	0.412380233	0.4100555178
	0.4106513315	0.4157599469	0.4269995307	0.4455855684	0.4718247256
	0.5045419684	0.5406314124	0.5752179267	0.6027844012	0.6187841441
	0.6207239391	0.6083577397	0.5836246055	0.5511055925	0.5184138841
	0.4939532426	0.482245159	0.4820614961	0.4957741086	0.5816572263
	0.00200764377	0.001417665691	0.7931499904	0.5592262666	0.5442259106
	0.5344201574	0.5260050938	0.5186237766	0.5121378711	0.5065200407
	0.5022021478	0.5000873559	0.5013765082	0.5072783163	0.5186352208
	0.5355488182	0.5571072966	0.5812916332	0.6051025701	0.6249093565
	0.6369574564	0.637972418	0.626008559	0.6019292149	0.5712254055
	0.5436064383	0.5275917966	0.5240738528	0.5269904452	0.5295093373
	0.5711142236	