2601	
	0.008197641172	0.0141838921	0.01428754644	0.01432726927	0.01446383887
	0.01462013707	0.01479559419	0.01497820324	0.01515627461	0.01532899346
	0.01550006744	0.0157075721	0.01632582836	0.0192493814	0.02444610672
	0.07027952746	0.2732029957	0.4012097251	0.428164185	0.4409944284
	0.4445456248	0.4452518904	0.4452958514	0.4451265284	0.4447981607
	0.4442618599	0.4433351602	0.4417654737	0.4404577704	0.4403076191
	0.4397385047	0.4387337298	0.4377989011	0.4368532622	0.4356192397
	0.4336125333	0.431203651	0.4293292684	0.4275901023	0.4264031158
	0.4275339569	0.4333174892	0.45113897	0.485010393	0.4908221898
	0.3687518686	0.09992854584	0.1108348351	0.3547352389	0.4380168525
	0.4586046698	0.0887898889	0.0792729657	0.07672236814	0.07731154127
	0.07852494032	0.07976514237	0.08100022497	0.0821958562	0.08331209385
	0.08433373555	0.08525996328	0.08610149489	0.08689610276	0.08643705078
	0.06465281941	0.04218346084	0.1216605375	0.2986388712	0.366351106
	0.4130724632	0.4228753601	0.4243024571	0.4242678618	0.4238718104
	0.4232724774	0.4224594315	0.4210371	0.4185968623	0.4184002826
	0.4217902579	0.4225400976	0.4218126416	0.4212957336	0.4206978833
	0.4199829486	0.4179735934	0.4144517347	0.4114586921	0.4089113849
	0.4071328511	0.4083481196	0.4161555438	0.4366486655	0.4730892785
	0.4825503741	0.3606341601	0.1075765174	0.09459898143	0.3257061938
	0.4240115961	0.4492952834	0.3296383067	0.3017812344	0.2918667002
	0.29418999	0.2991823599	0.3042313218	0.3091829891	0.3139447638
	0.3183677368	0.322365283	0.325893687	0.3288553382	0.3306822186
	0.3269923663	0.2841794879	0.1362184787	0.08506708365	0.08778685565
	0.1431521052	0.2924288159	0.3344936486	0.3390359934	0.3390666833
	0.3383481681	0.3373598951	0.336474334	0.3357063767	0.3373074941
	0.3602481752	0.3978248007	0.4076882514	0.4097231745	0.4135782637
	0.4147583187	0.4150861392	0.4137115016	0.4095282171	0.4061383964
	0.4035389155	0.4015413172	0.4036637857	0.4141900679	0.4368581769
	0.473619371	0.4876317178	0.3881459829	0.1422534004	0.07564507939
	0.2484161204	0.3946311822	0.4342850293	0.4034738158	0.3796980855
	0.3652120076	0.3671364223	0.3732212539	0.3794566404	0.3854857657
	0.3912491789	0.3965489795	0.4012372433	0.4052418033	0.4085095357
	0.4108493062	0.4110079915	0.4016155021	0.3553234203	0.2898052546
	0.1425242087	0.08641756916	0.08066665703	0.0960901454	0.0957171937
	0.09531711184	0.09506476337	0.09486595295	0.09532776881	0.09643927932
	0.1014100382	0.1467873579	0.2822129281	0.3319518745	0.3613216695
	0.4001015112	0.4102513053	0.4149778627	0.4144294984	0.4115886887
	0.4088347073	0.4067317307	0.4047791361	0.4065195938	0.417942551
	0.4422425208	0.4807691151	0.505197786	0.4521570963	0.3080993841
	0.1201182117	0.1159025962	0.3159736608	0.4078147648	0.4248056795
	0.4018118718	0.388364726	0.3893534736	0.3944275908	0.3999333843
	0.4051905644	0.4100951515	0.4144984439	0.4182836526	0.4214137946
	0.4239148211	0.4258307087	0.4270373804	0.4264432392	0.4208172515
	0.409829823	0.3653424732	0.2999754804	0.1483492657	0.1073095322
	0.1009737406	0.09939354988	0.0981799963	0.09696421431	0.09591204944
	0.08579819514	0.05617158001	0.03933892103	0.07332425584	0.1013601698
	0.1465438018	0.2925887246	0.3586499477	0.4009217307	0.4088410597
	0.4104879275	0.4093339172	0.4079726368	0.4064710923	0.4074075313
	0.4161920838	0.4402680821	0.4828280868	0.5185337814	0.4941980628
	0.4137551674	0.2820362399	0.08474247604	0.1480051796	0.3248617571
	0.4418689426	0.4227816515	0.4131945141	0.4139197226	0.4172466423
	0.4211865789	0.4250885118	0.4287180133	0.4319405556	0.4346886287
	0.4369697439	0.4388514879	0.4404308545	0.44177642	0.4427840497
	0.4430350889	0.4422090649	0.4373920213	0.4287820675	0.3902513653
	0.3669870782	0.3634392558	0.3598981875	0.3554379103	0.3501063347
	0.3434750695	0.3217445069	0.2333765254	0.125403315	0.09826088529
	0.07155265067	0.0442283498	0.08130707001	0.1453282784	0.2944162916
	0.3582003502	0.3941551718	0.4007047253	0.4017965079	0.4010548994
	0.400448232	0.4053239345	0.427686697	0.4753414492	0.5236355661
	0.5168953744	0.4491411732	0.3284925733	0.09573627505	0.1044157751
	0.2787038475	0.4615492901	0.4476120274	0.4414678865	0.4419719518
	0.4435429713	0.4455721671	0.4477665722	0.449906048	0.4518569897
	0.4535634649	0.4550317184	0.4563059288	0.4574381167	0.4584594499
	0.4593561074	0.4600693346	0.4605537238	0.460561727	0.4602002307
	0.4575058063	0.4583391356	0.4582196748	0.4553879078	0.4514434941
	0.4465546531	0.4405756372	0.4311877785	0.4041350289	0.3636604634
	0.3361478455	0.2797478456	0.137507087	0.0798627305	0.04715233191
	0.08424378433	0.1553431635	0.2883204662	0.3456882227	0.3748695833
	0.3818903729	0.3817100253	0.3848703312	0.4064952151	0.4592868741
	0.5213543523	0.5328285869	0.471328997	0.3398741363	0.09557958032
	0.09865515343	0.2772268869	0.4817690508	0.4735215834	0.4697377018
	0.4696623684	0.4696936314	0.4699623174	0.4704676506	0.4710975335
	0.4717455959	0.4723449852	0.4728655174	0.4732953694	0.4736203676
	0.4738143792	0.4738488202	0.4737132304	0.4734223277	0.472988489
	0.472498625	0.4719530212	0.4721936718	0.4719155787	0.4705295894
	0.4683554305	0.4653793191	0.4614860359	0.4564496182	0.4490591332
	0.4400206619	0.4304103248	0.4108262244	0.3602433454	0.2924979413
	0.1375564988	0.07410392559	0.04831772935	0.08253814128	0.1462885683
	0.2598215822	0.3213582357	0.3446998965	0.3562218291	0.382041894
	0.438476919	0.5108277688	0.5433015963	0.4973193541	0.3559301891
	0.09807017418	0.0982225871	0.277506954	0.4976777865	0.4945310672
	0.4921356234	0.4912665262	0.4900961268	0.4890193371	0.4881863844
	0.4875673934	0.4870783989	0.4866331693	0.4861606584	0.4856017713
	0.4849020569	0.4840157197	0.4829250746	0.481658366	0.4802818067
	0.4788824733	0.4775902094	0.4765790667	0.476068818	0.4757800054
	0.4754103979	0.4746807263	0.4733730136	0.471306696	0.4684038108
	0.4645560572	0.4594439997	0.4521954447	0.4415093177	0.4263662459
	0.4071129346	0.3518751809	0.2652884058	0.121024054	0.05808107438
	0.04437882255	0.08056314536	0.1598415083	0.2541972344	0.3107453018
	0.3557684352	0.4166841721	0.4904714875	0.5416427118	0.5278644831
	0.3846883507	0.1044946063	0.09875418443	0.2776944236	0.5051205866
	0.5054269466	0.5039143645	0.5023467681	0.5003936617	0.4984522006
	0.4967534478	0.4953104376	0.4940365089	0.4928157995	0.49154241
	0.4901320413	0.4885243067	0.486692271	0.4846607336	0.48251632
	0.4803929069	0.4784492973	0.476864343	0.4758203097	0.4754277653
	0.4755577508	0.4759492348	0.4763217087	0.4764284966	0.4760592457
	0.4750720572	0.4732972866	0.4702250325	0.4649801334	0.4570462165
	0.4468471919	0.4354257722	0.4206108879	0.3981842815	0.3346335207
	0.2058358005	0.09803219819	0.05022573738	0.05145187547	0.104665163
	0.2132619901	0.3057274968	0.3886709084	0.4634126255	0.5226048205
	0.5562977132	0.4266919786	0.1150631707	0.09964080729	0.2778427803
	0.5025635814	0.5040825221	0.5034533912	0.5015811479	0.4992593601
	0.4968915858	0.4947728577	0.4929501282	0.4913187672	0.4897228084
	0.4880233739	0.4861250559	0.4839821646	0.4816057666	0.4790739325
	0.4765316349	0.4741695257	0.472192652	0.4707930418	0.470114157
	0.4701910454	0.4708963431	0.472008319	0.47330849	0.4746145304
	0.4757726898	0.476658866	0.4770705138	0.4764891106	0.4740779292
	0.4691923892	0.4619165442	0.4531967948	0.4442543631	0.4357512678
	0.4224783992	0.38306576	0.3006489609	0.1665249297	0.07379260848
	0.04479701808	0.08449502528	0.1927863092	0.3147421943	0.4173969653
	0.4843140137	0.5672194375	0.4756915159	0.1288193588	0.1005506477
	0.2776304698	0.4911604032	0.4915166516	0.4918586616	0.490380579
	0.4881715707	0.4858039472	0.4836643393	0.4818611927	0.4802815125
	0.4787273233	0.4770259217	0.4750747213	0.4728478188	0.4703949338
	0.4678399761	0.4653699607	0.4632068457	0.4615687542	0.4606302406
	0.4604830297	0.4611030899	0.4623534065	0.4640553129	0.4660613523
	0.4682725877	0.4706297895	0.4730923327	0.4755299254	0.4775315247
	0.4783726883	0.4773262043	0.474077708	0.468999084	0.463095382
	0.4574384039	0.4516772512	0.4416103391	0.4162129821	0.3488218248
	0.2278712751	0.08987057838	0.04545173901	0.07623542276	0.1723560341
	0.3076021075	0.4089613453	0.5368085603	0.5158102005	0.1426756949
	0.1010664873	0.2766958686	0.4731518263	0.4701921684	0.4711382574
	0.4710818316	0.4698602324	0.4681333956	0.4664465972	0.4650621183
	0.4639124757	0.4627769061	0.4614548829	0.4598387669	0.4579206417
	0.455781142	0.4535759901	0.4515151797	0.4498292006	0.4487262349
	0.4483492724	0.4487427185	0.4498428581	0.4515103296	0.4536021427
	0.4560295872	0.4587697609	0.4618528948	0.4653279426	0.4691553652
	0.4730550902	0.4765187047	0.479055959	0.480368294	0.4803775382
	0.4792203389	0.4770643693	0.4736522465	0.4677146123	0.4559664268
	0.4299417923	0.3680278458	0.2344578315	0.08961888861	0.04921558785
	0.07499438756	0.1595675924	0.2897640525	0.457853899	0.5335574666
	0.1532507333	0.101049902	0.2749622324	0.4497263337	0.4416024477
	0.4422493669	0.4450749396	0.44658681	0.4467415094	0.4462868889
	0.4458467512	0.4455317979	0.4451596565	0.4445301433	0.4435432845
	0.4422114649	0.4406407411	0.4390083809	0.4375352569	0.4364485354
	0.4359376475	0.4361131323	0.4369819789	0.4384549225	0.4403933085
	0.4426777259	0.4452553639	0.44814814	0.4514365349	0.4552074402
	0.4594165988	0.4637663888	0.4679538213	0.4721516277	0.4768209683
	0.4820027642	0.4870455694	0.4907990875	0.4918265038	0.4887124457
	0.4803812395	0.465712096	0.4383808085	0.3643259491	0.2081178601
	0.08774788231	0.06300493754	0.0919728828	0.1926985434	0.3750940669
	0.5349502499	0.1603799498	0.1010017297	0.2725417527	0.420485605
	0.4058070756	0.4052279157	0.4128170819	0.4197822486	0.4238216374
	0.4257786741	0.4269743295	0.4279341528	0.4286331003	0.428930897
	0.428764432	0.4281774336	0.4273021778	0.4263342274	0.4255022238
	0.4250291766	0.4250884672	0.4257653449	0.427039511	0.4288029023
	0.4309127729	0.4332555931	0.4357860355	0.4385321571	0.4415752862
	0.4449567315	0.4484165725	0.451240771	0.4530966161	0.4553475674
	0.4602522038	0.4686997038	0.479606359	0.4907239312	0.4992201836
	0.5025576384	0.4993941667	0.489368743	0.4715423429	0.4310189257
	0.3240945767	0.1799784215	0.1065365363	0.1031655841	0.1729616838
	0.3525019415	0.5399748655	0.1666795223	0.09857510758	0.263796094
	0.3846895813	0.3637776405	0.3622620102	0.3764089899	0.3915678947
	0.4015998065	0.4071252423	0.4105517528	0.4131080108	0.4150652576
	0.4164098719	0.4171464898	0.4173612198	0.4172139633	0.4169174552
	0.4167088688	0.4168118531	0.4173929591	0.4185242976	0.4201691769
	0.4222039767	0.4244724537	0.4268449539	0.4292506358	0.4316829334
	0.4341875652	0.4367152038	0.4385608231	0.4379550184	0.4338587218
	0.4292620149	0.42985302	0.4383329088	0.453101264	0.4711513173
	0.4890106309	0.5030552107	0.5110482363	0.5108870544	0.4978928683
	0.4638115251	0.3885072349	0.2774583615	0.1913563996	0.1612910729
	0.204017823	0.4005987526	0.5540610921	0.1695537053	0.0743830391
	0.2110543531	0.341134526	0.3180377887	0.3185173175	0.3409960349
	0.3659810838	0.3829622543	0.3923797384	0.3980967527	0.4022283387
	0.4054049174	0.4077626903	0.4093791788	0.4103788686	0.4109418465
	0.4112910189	0.4116684703	0.4123005887	0.4133561724	0.4149089903
	0.4169212884	0.419261651	0.4217540255	0.4242310601	0.4265612867
	0.4286604796	0.4305236343	0.4320663075	0.4320314256	0.4270056099
	0.4146721538	0.3985923082	0.3886936708	0.3924402693	0.4078011586
	0.4301899387	0.4566968435	0.4842247082	0.509643952	0.5297465692
	0.5337151683	0.5040516464	0.4348841523	0.3389104398	0.2581379537
	0.2177672495	0.2649038627	0.4883859627	0.5638235731	0.1643490988
	0.03479928494	0.07311506006	0.2876483116	0.2695219503	0.277869176
	0.3120981095	0.3476952744	0.3707252609	0.3830689423	0.3904066265
	0.3956827377	0.3998031475	0.4030023552	0.4053974846	0.4071273577
	0.4083729991	0.4093510132	0.4102949093	0.4114256182	0.412914925
	0.4148506877	0.4172162593	0.4198950767	0.4227013566	0.4254209789
	0.4278449333	0.4298264	0.4314015428	0.432457732	0.4302734712
	0.4176635785	0.3925618181	0.3602152422	0.3278647943	0.3125976235
	0.3180012084	0.3375100195	0.3711301419	0.420655488	0.4744874795
	0.5215892089	0.5605816306	0.5575025738	0.4975394751	0.3955257961
	0.3082553791	0.2864028617	0.3915083031	0.5851544516	0.5499241073
	0.1505160058	0.02041667118	0.02517352522	0.2255760383	0.2195539851
	0.2437400833	0.2938528685	0.3395635326	0.3661905979	0.3795418911
	0.387372725	0.3931411467	0.3978153826	0.4016231496	0.4046669436
	0.4070673336	0.408982364	0.4106008954	0.412126565	0.4137549851
	0.4156480993	0.4179114786	0.4205779983	0.4235959335	0.4268187477
	0.4300061399	0.4328836097	0.4353301169	0.4374563228	0.4376798709
	0.425499977	0.3837158127	0.3230154799	0.2701724992	0.2133771875
	0.166743065	0.1452184472	0.1460026204	0.1722936781	0.2365163756
	0.3316548408	0.3985319174	0.4646824563	0.5377071309	0.5581871288
	0.4709314671	0.3888477217	0.410677852	0.5599656627	0.6356948183
	0.47234518	0.123993732	0.02768284143	0.04328189947	0.161859759
	0.1721363287	0.2203824299	0.2893717504	0.3417282697	0.3684329188
	0.3807557567	0.3880563959	0.3937586619	0.398652433	0.4028653504
	0.4064439604	0.409467207	0.4120530547	0.4143461674	0.4165012654
	0.4186664619	0.4209730218	0.4235373123	0.4264683115	0.4298498019
	0.4336552204	0.4376147086	0.441232738	0.4440662029	0.4448660627
	0.435037094	0.3909989793	0.2913156222	0.1626227173	0.09945427132
	0.07156748464	0.06192232003	0.06102710192	0.06096626217	0.06764263559
	0.08340260273	0.1128429228	0.1403359152	0.1713605984	0.2472395138
	0.4651316352	0.5277016055	0.5117608639	0.5857919216	0.6579272721
	0.5592242215	0.2255737909	0.05587063143	0.05396899806	0.1451311016
	0.1083325018	0.132443426	0.2109392907	0.2981044929	0.351620626
	0.3748445033	0.3848258995	0.3911144461	0.3964935463	0.4014304314
	0.4059244839	0.4099582067	0.413564873	0.4168200672	0.419822215
	0.422673517	0.4254676122	0.4282941077	0.431269004	0.4345784756
	0.4384657884	0.4430187208	0.4476960612	0.4510309017	0.450704644
	0.4405101072	0.4014440616	0.3071881064	0.167561089	0.0778495878
	0.04426661846	0.06506751911	0.1301566745	0.1686955822	0.1721281193
	0.1926197254	0.1923073018	0.1916094067	0.1857319545	0.1740445683
	0.1594612784	0.2631605826	0.5037361395	0.640802588	0.6790307924
	0.5811637025	0.2541781228	0.07554495855	0.01438497727	0.082180487
	0.2387681133	0.07591608063	0.1089959957	0.218376286	0.3172497277
	0.3651436402	0.3825496046	0.3899574107	0.3953237723	0.4004100502
	0.405362716	0.4100858125	0.4145177132	0.418659696	0.4225582257
	0.4262813162	0.4298981988	0.4334695459	0.4370588036	0.4407727577
	0.4448115793	0.4494164299	0.4544311889	0.4582623261	0.4570358847
	0.4446946628	0.4096536752	0.3300776492	0.2012385102	0.09539316674
	0.04944954064	0.07567012609	0.1931751085	0.388555364	0.5124690803
	0.4629597817	0.5337388395	0.5789564219	0.6177154823	0.5953978321
	0.5461228551	0.4421605847	0.3931451236	0.6332470252	0.6926691954
	0.5765731771	0.255862366	0.0806724071	0.01189816521	0.04027455789
	0.1362094979	0.2874505391	0.06015717509	0.1022087993	0.242490345
	0.3412507176	0.3783161851	0.3896310266	0.3950930671	0.3999126652
	0.4048602642	0.4098654862	0.4147900912	0.419557477	0.4241587361
	0.4286333572	0.4330464251	0.4374696912	0.4419713141	0.4466170139
	0.4514749348	0.456579362	0.461703642	0.4655937184	0.4644631524
	0.4512909464	0.4177596227	0.3533204575	0.2491635846	0.1331558258
	0.06609804055	0.06458807732	0.1703358669	0.4245282156	0.575895666
	0.4275553227	0.2499210833	0.214925493	0.2793903374	0.5139957533
	0.5927114949	0.6027767338	0.5849476463	0.5432330865	0.5942494806
	0.4551829299	0.2159730186	0.07365229393	0.01714267862	0.04418568014
	0.1350333408	0.3045592509	0.3848763724	0.05260946965	0.102980068
	0.2730588769	0.3633174067	0.3887918748	0.3956225485	0.4000052435
	0.4045935005	0.4095059851	0.4145690752	0.4196393385	0.4246462804
	0.429588712	0.434518271	0.4395202306	0.4446952366	0.4501393163
	0.4559080986	0.461928169	0.4677764446	0.4721838542	0.4720726279
	0.4613614106	0.4315511804	0.3773416953	0.2974818096	0.1951050307
	0.1041955539	0.06727934157	0.1181707646	0.3113028283	0.6048062302
	0.6671290863	0.5076116843	0.2584799659	0.1245342182	0.08379967576
	0.1316079684	0.1702358189	0.1746837374	0.1747186986	0.1685585759
	0.1742580112	0.1328700762	0.05588541455	0.04690953396	0.1024318556
	0.1656598391	0.3370569124	0.4270291248	0.4656166234	0.04803589892
	0.1037411947	0.2942361937	0.3792127312	0.3966281006	0.4010414882
	0.4048966162	0.4093423782	0.4141976017	0.4192483594	0.4243569014
	0.4294650855	0.434585637	0.4397878605	0.4451797369	0.4508836299
	0.4569924739	0.463475382	0.4699769279	0.4754370301	0.477491271
	0.4717646251	0.4516425114	0.4103902192	0.3468046783	0.2668951213
	0.1743379391	0.1012792841	0.08476533763	0.1848001769	0.4944843057
	0.6690237154	0.6633123847	0.5898226314	0.5214998758	0.3443875102
	0.2165983484	0.1755404988	0.165974457	0.1590735389	0.154658351
	0.1509691399	0.1496482193	0.1439018053	0.1429110453	0.1941535685
	0.3827434667	0.4452545661	0.4949213272	0.5188941971	0.5129939568
	0.04462566677	0.1035037498	0.3062369993	0.389503507	0.4030994279
	0.4064002856	0.4098930975	0.4141272876	0.4188181195	0.4237328925
	0.4287365636	0.433779332	0.4388827752	0.4441240385	0.4496137235
	0.4554579973	0.4616845577	0.4680978628	0.4740228691	0.4779276092
	0.4770238142	0.4671097971	0.4430230995	0.400474492	0.3400922477
	0.2675029687	0.1829603628	0.1139581043	0.1052965917	0.2238505967
	0.552538179	0.6719194279	0.6237470263	0.5762111722	0.6182977797
	0.6220036822	0.5802633915	0.5558192393	0.552564312	0.5474625052
	0.5394837971	0.5312623509	0.5264135846	0.5247097339	0.5260740281
	0.5376725193	0.573901314	0.5857534321	0.5826859789	0.5736549377
	0.553000269	0.04189487002	0.1029071338	0.3136932903	0.3968292244
	0.4089191907	0.4117123105	0.4148701234	0.4188041144	0.4232138507
	0.4278619043	0.4326140207	0.4374223628	0.4423068738	0.4473346598
	0.4525896926	0.4581199738	0.4638426672	0.4693860118	0.4738663816
	0.4756615645	0.4723392666	0.4609160824	0.4384221529	0.4027946705
	0.3543872006	0.2939323712	0.2162635969	0.1410490203	0.1271979306
	0.2511556264	0.5605966523	0.6536383085	0.5939034915	0.5363062272
	0.5504050516	0.5846966258	0.6000324635	0.6162565677	0.6383784705
	0.6492620275	0.6476649834	0.641967354	0.6371339567	0.6331736433
	0.6286539474	0.6241138323	0.6189165201	0.6050880038	0.5967147858
	0.589629338	0.5707576877	0.03966234732	0.1023172139	0.3191767946
	0.402695009	0.4141946424	0.4167508513	0.4196006202	0.4231796144
	0.4272180969	0.4314898703	0.4358638483	0.4402894173	0.4447747057
	0.4493603583	0.4540813049	0.4589050457	0.4636349221	0.467778061
	0.4704121842	0.4701443191	0.4652892016	0.4542835957	0.4360712796
	0.4101960206	0.376626172	0.3331631047	0.2696432573	0.1894582076
	0.1561633319	0.2621134759	0.5438087723	0.6374716627	0.5822357935
	0.5192872654	0.5019610172	0.5102621278	0.51954036	0.5357933647
	0.5604301293	0.5795535264	0.5867663965	0.58767926	0.5870885696
	0.5857671659	0.5831717049	0.5799210247	0.5772845459	0.5754513031
	0.5757652238	0.5740120797	0.56137214	0.03781634092	0.1018396344
	0.3236909397	0.4077224998	0.4189420936	0.4213555033	0.42390857
	0.4270953498	0.430696371	0.4345081781	0.4384061075	0.4423340754
	0.4462816584	0.4502538607	0.4542287226	0.4580960165	0.461575736
	0.4641331049	0.4649404573	0.4629693151	0.4572716143	0.4473563633
	0.4333605392	0.4157869919	0.3948558782	0.3685278123	0.3276027
	0.2624119254	0.2131557739	0.2823087615	0.5148326397	0.6195318972
	0.5819431384	0.5226094507	0.4914585962	0.4841830001	0.4843050744
	0.4897439548	0.502142741	0.5155041389	0.5236897035	0.5274169764
	0.5294190621	0.5308364711	0.5319098899	0.5332063157	0.5355758625
	0.5391632005	0.543164216	0.5445818444	0.5384407532	0.0362769102
	0.1014886971	0.3276348492	0.4121961503	0.4232131836	0.4254742137
	0.4277062389	0.4304603397	0.4335698454	0.4368586984	0.4402105908
	0.4435628622	0.4468840092	0.4501423053	0.4532642086	0.4560813468
	0.4582730064	0.459328911	0.4585800212	0.4553505459	0.4492303466
	0.4403375351	0.4293442096	0.4171696529	0.4044453235	0.3904075782
	0.3703928356	0.3364107029	0.3032974318	0.3457081119	0.5099303662
	0.6035884507	0.5840840679	0.5337351572	0.4980997247	0.4821632115
	0.4765768573	0.4753768206	0.4778213887	0.4830009626	0.4882370869
	0.4919638588	0.4944892995	0.4966039504	0.4989248729	0.501870716
	0.5056701912	0.5100261487	0.5140029498	0.5166807014	0.5157542958
	0.0349838214	0.1012526067	0.3311922769	0.416267435	0.4270686005
	0.42911367	0.4309719771	0.4332452795	0.4358155932	0.4385345007
	0.4412947478	0.4440272814	0.4466805472	0.4491909065	0.4514460097
	0.4532443714	0.4542624937	0.4540543175	0.452118184	0.44805402
	0.441776975	0.4336704809	0.4245448753	0.4154000224	0.4071158159
	0.4000343208	0.3933438013	0.3857612477	0.3848887052	0.4248863079
	0.5255645154	0.5899593475	0.5802087631	0.5408468998	0.5063436248
	0.4858824777	0.4758473756	0.4707650477	0.4681761888	0.4679537204
	0.4697688402	0.4723941065	0.4748438569	0.4770154333	0.4793215316
	0.4821387108	0.4855318385	0.4891593443	0.4923585039	0.4956881827
	0.4985853065	0.03388978627	0.1011110937	0.3344532801	0.4200175605
	0.4305558273	0.4323008608	0.4337209109	0.43546371	0.4374545829
	0.4395712225	0.4417156041	0.443813489	0.4457966305	0.4475772837
	0.4490190493	0.4499099244	0.449949853	0.4487729433	0.4460252988
	0.4414999354	0.4352856645	0.4278450499	0.4199584998	0.4125746073
	0.4066818846	0.4032749423	0.4035075356	0.4094948334	0.4270322911
	0.4680350264	0.5315144172	0.5719376029	0.5673060678	0.5388173456
	0.5090775157	0.4878161671	0.4751909687	0.4677581343	0.4629188016
	0.4600971506	0.4594569076	0.4605380453	0.4624024699	0.4644400932
	0.4665893485	0.469009431	0.4717343318	0.4745279655	0.4770196262
	0.4808975905	0.4865811575	0.03295667516	0.1010411122	0.337457877
	0.423483146	0.4337038228	0.4350649994	0.4359847411	0.4371540575
	0.4385366314	0.4400342077	0.441557991	0.4430303565	0.44437079
	0.445475861	0.4461983995	0.4463326745	0.4456165934	0.443765099
	0.4405442891	0.4358766832	0.4299385808	0.4231959823	0.416358334
	0.4102995607	0.4060366444	0.4048352158	0.4084750216	0.4196400505
	0.4420870561	0.4786282819	0.5221638237	0.5494217223	0.5485212814
	0.5292621312	0.50569369	0.4862383002	0.473002196	0.4645017981
	0.458792976	0.4550101487	0.4530987152	0.4529129881	0.4539203553
	0.4555423817	0.4574564847	0.4595662063	0.4618061272	0.4640012697
	0.466021332	0.4704368163	0.4781731019	0.03215309625	0.1010193598
	0.3402175683	0.4266724294	0.4365259223	0.4374315064	0.4378008301
	0.4383668101	0.4391271837	0.4400054698	0.4409218727	0.4417972569
	0.4425433056	0.4430484528	0.4431650304	0.4427041858	0.4414473444
	0.4391829795	0.4357707663	0.431219791	0.4257505164	0.4198099761
	0.4140398529	0.4092408772	0.4063938893	0.4067696379	0.412085096
	0.4245027059	0.4459576956	0.4758957489	0.507333164	0.5271893067
	0.5286114767	0.516148362	0.4984067968	0.4819357264	0.4694802202
	0.460904653	0.4550604449	0.4510984022	0.4487186133	0.4477916779
	0.4480539139	0.4491287611	0.4506802954	0.4524824018	0.4543689394
	0.4561666448	0.4579131552	0.4628529532	0.4721345119	0.03145274531
	0.1010235344	0.3427280364	0.4295771333	0.4390251944	0.4394214796
	0.4392071306	0.4391564044	0.4392973131	0.439572633	0.439910936
	0.4402330865	0.4404467912	0.4404383006	0.4400664294	0.4391646025
	0.4375573472	0.43509591	0.4317109884	0.4274694455	0.4226133082
	0.4175648525	0.4129049199	0.4093569454	0.4078111829	0.4093896719
	0.4154767298	0.4275119618	0.4462056434	0.4699469863	0.4932409449
	0.5082093897	0.5106394152	0.5026847849	0.4896347715	0.4762879241
	0.4653021305	0.4572697959	0.4516845764	0.447878835	0.4454446461
	0.4441920361	0.4439654408	0.4445495508	0.445691142	0.447151421
	0.4487201718	0.4502180434	0.4517998096	0.4572146352	0.4676793022
	0.03083326722	0.1010330702	0.3449773026	0.4321812454	0.4411996421
	0.4410529129	0.4402398457	0.4395760889	0.4391165601	0.4388204759
	0.4386236049	0.4384476781	0.4381992497	0.4377665298	0.4370188502
	0.4358134472	0.4340139759	0.4315226988	0.4283225145	0.4245174737
	0.4203567825	0.4162341104	0.4126706079	0.4103036596	0.4098977758
	0.4123615404	0.4186956449	0.4297252113	0.4454541621	0.4641092438
	0.4816347833	0.4930589624	0.4956841234	0.4905627501	0.4809968233
	0.4704088959	0.4610752502	0.4538801462	0.4487427491	0.4452175784
	0.4429043946	0.441569068	0.4410790042	0.4413043704	0.4420749363
	0.443191607	0.4444504125	0.4456840829	0.4471403372	0.4529484017
	0.4643223227	0.030275409	0.1010296476	0.3469514522	0.4344675981
	0.4430463142	0.4423418031	0.4409318387	0.4396742347	0.4386477789
	0.4378249289	0.437146827	0.4365361268	0.4358999114	0.4351307766
	0.4341102558	0.4327183541	0.4308520906	0.4284533428	0.4255416328
	0.422242592	0.4188017831	0.415579849	0.4130362931	0.4117159316
	0.4122437219	0.4153070257	0.4215657395	0.4314020897	0.4444603689
	0.4591269304	0.4724670898	0.4812422626	0.4836819448	0.4803202408
	0.4732632466	0.464932558	0.4571641294	0.4508872382	0.4462657871
	0.4430522942	0.4409159187	0.439614498	0.4390096926	0.4390034408
	0.43947987	0.4402878719	0.4412547061	0.4422424449	0.4435799504
	0.4496879989	0.4617574233	0.02976255915	0.1009977663	0.3486391833
	0.4364228888	0.4445639878	0.4433022205	0.4413106987	0.4394911547
	0.4379433626	0.4366492069	0.4355525323	0.4345760199	0.4336278073
	0.432605842	0.4314038673	0.429922138	0.4280847422	0.4258629335
	0.423300239	0.4205319428	0.4177917076	0.4154033309	0.4137633122
	0.4133229187	0.4145702144	0.4179929334	0.4239812295	0.4326259826
	0.4434191526	0.4549996734	0.4652553813	0.4720316706	0.4741507189
	0.4718968345	0.4666429989	0.4601024866	0.4537095484	0.4483211571
	0.4442218317	0.4413156284	0.4393611536	0.4381373687	0.4374997378
	0.4373554012	0.437615699	0.4381674983	0.4388748352	0.4396371425
	0.4408549111	0.4471767899	0.4597760041	0.02928119867	0.1009260403
	0.3500362716	0.4380414265	0.445753993	0.4439446634	0.4413958652
	0.439056047	0.4370426311	0.4353419227	0.4338965781	0.4326273118
	0.4314427807	0.4302461638	0.4289424184	0.4274489449	0.4257109322
	0.4237203853	0.4215349869	0.4192908662	0.4172040067	0.4155592158
	0.4146908832	0.4149610189	0.4167332808	0.4203285548	0.4259373093
	0.4334721089	0.4423879657	0.4515798494	0.4595293297	0.464784569
	0.4665593771	0.4650170306	0.4610713687	0.4559370509	0.4507129105
	0.4461381214	0.442540161	0.4399271181	0.4381431404	0.4370049437
	0.436371384	0.4361470705	0.4362535188	0.4366021756	0.4370893758
	0.4376517113	0.438750718	0.4452165338	0.4582212881	0.0288227249
	0.1008100106	0.351151159	0.4393274595	0.4466183723	0.4442720772
	0.4411946726	0.4383842881	0.4359706999	0.4339373561	0.4322201093
	0.4307345641	0.4293885666	0.4280898131	0.4267531163	0.4253100108
	0.4237216707	0.4219940046	0.4201915065	0.4184450146	0.4169493378
	0.415950047	0.415722598	0.4165476196	0.4186813118	0.4223117785
	0.4274885455	0.4340237067	0.4413951969	0.4487257224	0.4549250177
	0.4590098351	0.4604594667	0.4593800828	0.4563928066	0.4523609439
	0.4481145738	0.444265154	0.4411370841	0.4388021456	0.4371750618
	0.4361159723	0.4354973349	0.4352234348	0.4352185953	0.4354083052
	0.4357134316	0.4361026832	0.437087094	0.4436449822	0.4569668776
	0.02838629559	0.1006565874	0.3520125575	0.4402958241	0.4471546722
	0.4442735642	0.4406981243	0.4374761925	0.4347397633	0.4324583744
	0.430553379	0.4289312635	0.4274974883	0.4261635695	0.4248530291
	0.4235090792	0.42210486	0.4206550451	0.419225729	0.4179384919
	0.4169653407	0.4165139464	0.4168056578	0.4180494844	0.4204121888
	0.4239800229	0.4287073089	0.4343569006	0.4404577334	0.446324047
	0.4511758305	0.4543491476	0.4555064746	0.4547287907	0.4524479507
	0.4492794004	0.4458430078	0.4426293252	0.4399341755	0.4378620271
	0.43637993	0.4353894526	0.4347835019	0.4344717785	0.4343806326
	0.4344433999	0.4345979929	0.4348383204	0.4357135896	0.4423276145
	0.4559083292	0.02798117623	0.1004887348	0.3526784261	0.4409712484
	0.447348179	0.4439176309	0.43987883	0.4363193902	0.4333541524
	0.4309225276	0.4289219184	0.4272457283	0.4257961009	0.4244883656
	0.4232542704	0.4220470451	0.4208488961	0.4196796119	0.4186033836
	0.417730213	0.4172090487	0.4172120907	0.4179123554	0.419457656
	0.4219426458	0.4253781632	0.4296577344	0.4345277817	0.4395789282
	0.4442821816	0.4480837252	0.4505405615	0.4514425654	0.4508606489
	0.4491024995	0.4466085536	0.4438370797	0.4411719275	0.4388682401
	0.4370412548	0.4356931139	0.4347605246	0.434159496	0.4338105798
	0.4336447354	0.4336007488	0.4336277869	0.4337379627	0.4345085662
	0.4411551188	0.4549604407	0.02762549414	0.1003469799	0.3532420887
	0.4413861117	0.4471645868	0.4431492263	0.4386950677	0.4348974413
	0.4318202694	0.4293512851	0.4273543898	0.4257076603	0.4243107594
	0.4230841055	0.4219680937	0.4209251367	0.4199445849	0.4190488778
	0.4182980742	0.4177894375	0.4176494977	0.418018034	0.419025892
	0.4207700448	0.4232889735	0.4265402117	0.4303821649	0.4345655825
	0.4387444499	0.4425162935	0.4454929157	0.4473852807	0.4480713274
	0.447617757	0.4462490124	0.4442816096	0.4420512623	0.4398518688
	0.4378944482	0.4362909543	0.4350644848	0.4341791066	0.4335733534
	0.4331821181	0.4329443294	0.4328042495	0.4327184342	0.4327109632
	0.4333787934	0.4400426808	0.4540565496	0.02733649864	0.100281888
	0.353826659	0.4415718089	0.4465452258	0.4418954194	0.437104862
	0.4332063835	0.430161259	0.427781296	0.4258906808	0.4243539147
	0.4230718239	0.4219727626	0.4210070463	0.4201460723	0.4193851187
	0.4187476437	0.4182881964	0.4180908543	0.4182608415	0.4189088003
	0.4201295813	0.4219792807	0.4244547032	0.4274786783	0.4308939813
	0.4344689466	0.4379182943	0.4409407622	0.4432692784	0.4447215515
	0.4452346841	0.4448717259	0.4437991059	0.4422447896	0.4404524744
	0.4386428166	0.4369845945	0.435578666	0.4344587628	0.4336089599
	0.4329880933	0.4325470091	0.4322353098	0.4320037009	0.4318135269
	0.4316953406	0.4322588961	0.4389295104	0.4531482526	0.0271127122
	0.1003352937	0.354559778	0.4415344316	0.4454023465	0.4400821167
	0.4350920162	0.4312789786	0.4284347147	0.426275531	0.4245882627
	0.4232318775	0.4221152951	0.4211789571	0.4203847867	0.4197131751
	0.4191644019	0.418761712	0.4185531732	0.4186095176	0.4190158841
	0.4198570222	0.4211978131	0.423063048	0.4254212683	0.4281767698
	0.4311721806	0.4342022763	0.4370381173	0.4394586429	0.4412842461
	0.4424046787	0.4427939959	0.4425091116	0.4416733744	0.4404500239
	0.4390138054	0.4375274438	0.4361224356	0.4348852901	0.4338537907
	0.4330262031	0.4323790866	0.4318797826	0.431490472	0.4311695418
	0.4308810991	0.4306562364	0.4311108608	0.4377783459	0.4522051346
	0.02692387033	0.1005253059	0.3555434053	0.4412162576	0.4436162054
	0.4376661258	0.4327065771	0.4292161035	0.4267512649	0.4249319593
	0.4235249309	0.4223992228	0.4214813218	0.4207280853	0.4201141771
	0.4196284414	0.4192749004	0.4190752067	0.4190699022	0.419316116
	0.4198799798	0.420823463	0.422187446	0.4239749163	0.42613913
	0.4285807303	0.4311554053	0.4336908257	0.4360094407	0.437952647
	0.4394017105	0.4402915326	0.4406150754	0.4404188137	0.4397912815
	0.4388465762	0.4377071181	0.4364905474	0.4352975738	0.4342003514
	0.4332373576	0.4324171834	0.4317319487	0.4311655945	0.4306946134
	0.4302869797	0.4299086183	0.4295836783	0.4299241792	0.4365756451
	0.4512152305	0.02671760068	0.1008528491	0.3568550478	0.4404693276
	0.4410691705	0.4347118197	0.4301350183	0.4272301209	0.4252943023
	0.423889149	0.4227979795	0.4219211825	0.4212117675	0.4206450248
	0.4202072037	0.4198933058	0.4197086265	0.4196710528	0.4198120448
	0.4201745589	0.4208066742	0.4217508169	0.4230302431	0.4246362134
	0.4265200651	0.4285934072	0.4307371095	0.432816867	0.4347013332
	0.4362787291	0.4374689785	0.4382299588	0.4385579064	0.4384832389
	0.4380634643	0.4373735519	0.4364955048	0.435512241	0.4344997611
	0.4335176563	0.43260462	0.4317774529	0.4310422361	0.4303994611
	0.4298419948	0.4293510464	0.4288966688	0.4284891155	0.4287189461
	0.4353362405	0.4501908413	0.02636894158	0.1012946502	0.3586626108
	0.4392092899	0.4378922207	0.4316293611	0.4278582988	0.4257281329
	0.4243595846	0.4233475289	0.4225410753	0.4218890911	0.421372346
	0.4209798568	0.4207034031	0.4205384839	0.4204869607	0.4205593937
	0.4207759152	0.421164678	0.4217571957	0.4225806569	0.423648521
	0.4249519057	0.4264546731	0.4280942011	0.4297878651	0.4314433006
	0.4329696463	0.4342873949	0.4353355399	0.4360756362	0.4364929351
	0.436595124	0.4364093533	0.4359774892	0.435349885	0.4345830669
	0.4337346146	0.4328525716	0.4319770976	0.4311327957	0.4303382172
	0.4296097609	0.4289584914	0.4283841408	0.4278692157	0.4274161245
	0.427578132	0.4341435939	0.4492085589	0.02571417357	0.1023445684
	0.3623768695	0.438690307	0.4356115393	0.4299861278	0.4271775261
	0.4256877268	0.4246799347	0.4238896316	0.4232553388	0.4227641986
	0.4224067367	0.422169068	0.4220352207	0.4219910262	0.4220273572
	0.4221422718	0.422341895	0.4226397658	0.4230543959	0.4236051067
	0.424306807	0.4251648981	0.4261715685	0.4273042104	0.4285259351
	0.4297877353	0.4310319506	0.4321969546	0.4332228764	0.4340576659
	0.4346624016	0.4350148528	0.4351108375	0.4349630857	0.4345973513
	0.4340496116	0.4333633498	0.4325790589	0.4317399554	0.4308783122
	0.4300232057	0.4292048428	0.4284520502	0.4277874342	0.4272202679
	0.4267820083	0.4270299529	0.4334987037	0.4486625712	0.02842932163
	0.1088452789	0.3772800266	0.4472539135	0.4420169689	0.4367581293
	0.4343189356	0.4328812612	0.4318230041	0.4310142927	0.4304265328
	0.4300350545	0.429806817	0.4297047306	0.4296927007	0.4297389957
	0.4298182856	0.4299129417	0.4300139515	0.4301215166	0.430245183
	0.4304032384	0.4306210973	0.4309284113	0.4313546853	0.4319233827
	0.4326451021	0.4335113378	0.4344910249	0.4355317588	0.4365660999
	0.4375214518	0.4383307647	0.4389414178	0.4393207895	0.4394579875
	0.4393610468	0.4390509337	0.4385575463	0.4379136794	0.4371679752
	0.436356584	0.4355123122	0.4346721168	0.4338758086	0.4331629768
	0.4325703911	0.4321661616	0.4324327069	0.4373528099	0.450716043
	0.04287611277	0.1100033456	0.4014960837	0.470630967	0.4586302274
	0.4527297224	0.4501825912	0.4486184157	0.4474973209	0.4467035158
	0.4461804282	0.4458749124	0.4457346557	0.4457110111	0.4457608541
	0.4458474098	0.44594063	0.4460175744	0.4460630761	0.4460707783
	0.4460444078	0.4459988814	0.4459605766	0.4459658916	0.4460572369
	0.4462760932	0.4466538544	0.4472025732	0.4479086245	0.4487318948
	0.4496112905	0.4504750197	0.4512525085	0.4518847708	0.4523313436
	0.4525731928	0.4526107618	0.4524568021	0.4521308507	0.4516594113
	0.4510847086	0.4504390384	0.4497483454	0.4490443792	0.4483640287
	0.4477471531	0.4472387012	0.4469244066	0.4471918131	0.4501709892
	0.459902532	