2601	
	0.008808773395	0.01587024417	0.01629058209	0.01632836478	0.01639165998
	0.01647213327	0.01655436378	0.01662487658	0.0166763249	0.01671278369
	0.01674455471	0.01677817582	0.01685257514	0.0174862378	0.02307039186
	0.06392706995	0.2718725389	0.4002571797	0.4241935457	0.4359431026
	0.4390401813	0.4395082536	0.4394529122	0.4393297389	0.4392026387
	0.4390994281	0.439013838	0.4384702283	0.437759611	0.4370260269
	0.4334255532	0.4262877884	0.4164948534	0.409727795	0.4271817275
	0.5017080037	0.5543249053	0.4431514605	0.3726213076	0.4128928872
	0.439024185	0.4148051363	0.427981281	0.4316408367	0.4318315693
	0.4300290737	0.4535083443	0.4427491881	0.4642958635	0.4739491101
	0.480024064	0.09739992782	0.08929909627	0.08748846525	0.08738791415
	0.08758378266	0.08784253644	0.08811442721	0.08837176165	0.08859053066
	0.08875523609	0.08885928937	0.08890316869	0.08892726395	0.08920025716
	0.09018621071	0.08041588709	0.128449072	0.3008329941	0.3628851371
	0.4073611668	0.4162091294	0.4172282885	0.4171686109	0.4170262332
	0.416879061	0.4166987074	0.4163072097	0.4149493824	0.4154671388
	0.4184433759	0.4155277507	0.407860399	0.3974752583	0.3898595561
	0.4070265256	0.4827541958	0.5653698044	0.409878655	0.2212024271
	0.1596586584	0.1663660576	0.1560820351	0.1519266173	0.1541739668
	0.1610908315	0.2027370722	0.3697175831	0.4131106493	0.443333932
	0.458035482	0.4696881969	0.3579227881	0.3381170248	0.3331878535
	0.333239836	0.3339499797	0.3348095559	0.3357167879	0.3366039354
	0.3374019916	0.3380440497	0.3384700794	0.3386307025	0.3384712211
	0.3376776727	0.3329488386	0.2920456074	0.1288623823	0.09325823092
	0.1429760693	0.2897825087	0.3299771336	0.3335335483	0.3335803721
	0.3334816426	0.3334118453	0.333282368	0.3329917302	0.3337382758
	0.3578365764	0.3980816179	0.4025522631	0.3973095583	0.3902379706
	0.3804052054	0.390806572	0.4631818422	0.5776395231	0.516183863
	0.2337330412	0.1095191345	0.07020397228	0.06006515518	0.04986583894
	0.04299305568	0.03799865291	0.04862954236	0.1327096287	0.3260044697
	0.4092179355	0.4334015527	0.4503968135	0.4331820397	0.4205402529
	0.4146381603	0.4147566291	0.415544999	0.4164871925	0.4174851181
	0.4184698238	0.4193758622	0.4201476753	0.4207468947	0.4211560677
	0.4213592953	0.421183559	0.4192444716	0.4060972969	0.3249111292
	0.1490744455	0.08925321053	0.08086436781	0.09531206009	0.09439269327
	0.0938591518	0.09372462185	0.0936785762	0.09368775042	0.09427020093
	0.09974845096	0.1400709538	0.2877623679	0.3272415375	0.3481939422
	0.3747123683	0.366104086	0.3598687422	0.4144846343	0.5494005973
	0.623508097	0.4096981306	0.2020436789	0.1096093784	0.1079501717
	0.1064411737	0.104081344	0.09654567726	0.09174095877	0.08447645193
	0.1297763869	0.3132588514	0.3972099041	0.4253034827	0.447511884
	0.43332728	0.4273431652	0.4273830418	0.4279470155	0.4286358239
	0.4293809926	0.4301402956	0.4308834577	0.4315987496	0.4322979582
	0.4330146917	0.4337842991	0.434572968	0.4350287097	0.4334436198
	0.4222572538	0.3784135724	0.3140225777	0.1550134764	0.1114881109
	0.1040010609	0.1020600227	0.1009854763	0.100064946	0.0992083956
	0.09861594476	0.09788271752	0.08068453349	0.08029737747	0.1004879926
	0.1359048524	0.269201531	0.305022741	0.3063881917	0.3185834893
	0.4623555526	0.6306836178	0.6465129037	0.4364446018	0.2676617341
	0.2279134833	0.2349321536	0.2548233474	0.2767691472	0.292277827
	0.2640405775	0.1214142024	0.1233723327	0.296467996	0.369145598
	0.4534449968	0.4399524488	0.4347509173	0.4348133506	0.4352035896
	0.4356957269	0.4362593009	0.4368813792	0.4375619562	0.4383185814
	0.439185956	0.4402071456	0.4414114789	0.4427780325	0.4441981159
	0.4454520703	0.4460887434	0.4448922254	0.4414124956	0.4053007965
	0.3820642461	0.3757696493	0.3709196505	0.3669050111	0.3632138284
	0.3595574299	0.3555164484	0.3472195899	0.300828773	0.1486686802
	0.1061218596	0.0819514511	0.08027607843	0.1173066735	0.2042266863
	0.2126958306	0.3326633373	0.5435221728	0.6566201829	0.6580729581
	0.5040614981	0.3886160746	0.3654149974	0.3571094712	0.3558386474
	0.3564522198	0.3465880151	0.2569665358	0.07742155443	0.111170953
	0.2283725906	0.4579021016	0.4455880722	0.4410700173	0.4411440239
	0.4414514348	0.4418644653	0.4423708595	0.4429747911	0.4436894062
	0.4445373714	0.4455455105	0.4467319721	0.4480860561	0.449549219
	0.4510255583	0.4524668604	0.4540238486	0.4560735406	0.4589104687
	0.4600461442	0.4645137055	0.465206543	0.4625641865	0.4593383184
	0.4559224815	0.4524561315	0.448843742	0.4441005747	0.4321097238
	0.3886308374	0.3556301048	0.3052365228	0.1496162482	0.08742862363
	0.06644774266	0.08620288421	0.2146214137	0.4150845947	0.5480697222
	0.6397366696	0.6295473926	0.5626142577	0.5262063582	0.499748242
	0.4672719726	0.4010843879	0.3179545828	0.2605832839	0.0778778494
	0.05540879532	0.1330942129	0.4615540834	0.4503416673	0.4463654204
	0.4464570421	0.4467445787	0.4471504471	0.4476637448	0.4482909775
	0.4490424705	0.4499293813	0.4509558919	0.4521067425	0.4533333365
	0.4545484832	0.4556503581	0.4565955573	0.4574941794	0.4586070743
	0.4601665707	0.4621412658	0.465219118	0.4673365741	0.4678588336
	0.4674032393	0.4663232364	0.464957313	0.4634102987	0.4615156998
	0.4587536415	0.4540736666	0.4513825855	0.4393122324	0.3890875761
	0.3155112219	0.1302745821	0.0502472548	0.08745780642	0.2402060357
	0.3792234074	0.4851114798	0.5173764521	0.541025728	0.589039572
	0.6124312511	0.5980774702	0.5190224739	0.3098770137	0.2081210666
	0.06284251174	0.05039515731	0.1285442263	0.4642026123	0.4538647853
	0.4503206917	0.4504506695	0.4507584433	0.4511913533	0.4517289175
	0.4523680845	0.4531068445	0.4539395647	0.4548488896	0.4557961559
	0.4567149724	0.4575162427	0.4581160301	0.4584898097	0.458725038
	0.4590093277	0.4595432762	0.4604913003	0.4620169241	0.46372947
	0.4652721492	0.4663843922	0.467065803	0.4674564058	0.4676245731
	0.4675738971	0.4674211205	0.467630412	0.4688299664	0.4685216023
	0.4634533497	0.4499847083	0.3662102513	0.1788303743	0.09871991184
	0.07517557262	0.1054005092	0.1363817673	0.1662621211	0.2616623372
	0.4024620913	0.4746576579	0.4636667913	0.3081126545	0.343755352
	0.2707280262	0.07196986491	0.06292235521	0.1612158658	0.4654451862
	0.4556459534	0.4524326449	0.4526433026	0.4530222752	0.4535231455
	0.4541074078	0.4547527631	0.4554401744	0.4561499655	0.4568538202
	0.4575072508	0.4580482365	0.4584075801	0.458535258	0.4584387886
	0.4582116142	0.4580200651	0.4580529445	0.4584838647	0.459423026
	0.4607668478	0.4622961441	0.4638039774	0.465194764	0.4664559698
	0.4675886182	0.4686277087	0.4697435648	0.4713021016	0.4736154152
	0.4764345039	0.4796336056	0.4828028986	0.4779445625	0.4364914066
	0.360408313	0.1771838794	0.1262172328	0.09211710348	0.04970012891
	0.06406169992	0.1069955422	0.1368537114	0.1457110318	0.1327085536
	0.2856982674	0.5175498137	0.1431768846	0.08176193453	0.1987718833
	0.4648250584	0.4550828795	0.4520634348	0.4524166139	0.4529500515
	0.453605985	0.4543166062	0.455026927	0.4556938053	0.4562870974
	0.4567804241	0.4571410891	0.4573286308	0.4573054479	0.4570583919
	0.4566244358	0.4561047251	0.4556511366	0.4554304805	0.4555882891
	0.456202412	0.4572228562	0.4585069952	0.459915774	0.4613647342
	0.4628076319	0.4642262833	0.465655922	0.4672312493	0.4691782378
	0.4716828493	0.4748196094	0.4787979552	0.4840148795	0.490799609
	0.4976832422	0.5008915066	0.463782696	0.4263239845	0.3630956369
	0.1904789591	0.1401574517	0.1351216755	0.1360826854	0.1410494918
	0.1731865662	0.3249507566	0.5949124042	0.1888408107	0.09105091306
	0.2237894689	0.4619621219	0.4516423083	0.4485644537	0.449110739
	0.4499130435	0.450876542	0.4518861592	0.4528287693	0.4536162984
	0.4542038289	0.4545787135	0.4547370237	0.4546723889	0.4543829168
	0.4538880633	0.4532456241	0.45255791	0.4519590113	0.4515871275
	0.4515532244	0.4519068755	0.4526109789	0.4535676866	0.4546763373
	0.4558640359	0.4570850758	0.4583224577	0.4596039814	0.4610169424
	0.4626832226	0.4646917319	0.4670936616	0.4700118122	0.4737256849
	0.4788210934	0.4861519632	0.496349429	0.5069717095	0.5203852697
	0.5180972503	0.4828628582	0.4594514174	0.4440408761	0.4344134917
	0.4306574146	0.47458308	0.5990544557	0.6529811825	0.1957092212
	0.09420909108	0.2392584956	0.4566452645	0.4449949903	0.4414318085
	0.4421605995	0.4433538312	0.4448328522	0.4464151747	0.4478926408
	0.4490848185	0.4499024584	0.4503497917	0.4504721321	0.4503132791
	0.4499108406	0.4493115786	0.4485861197	0.4478327313	0.4471666368
	0.4466985461	0.4465099094	0.4466300754	0.4470268146	0.447626784
	0.4483511733	0.4491371741	0.4499442403	0.4507588749	0.4516017443
	0.4525266804	0.4535961245	0.4548458575	0.456290658	0.4579747943
	0.4600135444	0.462641094	0.4661641375	0.470832469	0.4768339676
	0.4852752095	0.492908082	0.4973170137	0.5003483608	0.4855636927
	0.4592707246	0.439549006	0.4757028059	0.6048437326	0.6473108543
	0.1877773747	0.09529516677	0.2467494979	0.448882738	0.4350932678
	0.4304654355	0.4313069863	0.4330191797	0.4352535138	0.4377415282
	0.440153547	0.4421584996	0.4435624135	0.4443653346	0.4446778179
	0.4446171045	0.4442719242	0.4437164193	0.4430301976	0.4423057243
	0.4416414483	0.4411257112	0.440818283	0.4407357939	0.440849411
	0.4411007587	0.4414258157	0.4417719879	0.442106828	0.4424233096
	0.4427420363	0.4431045322	0.4435538688	0.4441159352	0.4448051827
	0.4456477843	0.4466934309	0.4480069291	0.4495961067	0.4513130931
	0.4528400325	0.4538370666	0.4538468572	0.4529940146	0.4500805174
	0.4370987339	0.4182242106	0.4138654584	0.4563339173	0.5817132347
	0.6160539424	0.1795771441	0.08783781781	0.2319739967	0.4388686509
	0.422104284	0.4156977269	0.4165791303	0.4190486213	0.4224023265
	0.4262031419	0.4299726728	0.4332130517	0.4355890758	0.437067358
	0.4378231816	0.4380634343	0.4379427688	0.4375695775	0.4370345061
	0.4364261949	0.43583038	0.4353191041	0.4349376598	0.4346956545
	0.4345679283	0.4345072036	0.4344617847	0.4343902665	0.434271257
	0.4341089238	0.4339333216	0.4337928168	0.4337397495	0.4338193561
	0.4340724412	0.4345437745	0.4352789439	0.4363014511	0.4375579271
	0.4388588814	0.4398449298	0.4399965339	0.4388548438	0.4364671447
	0.4329517459	0.4274610817	0.4233703226	0.4367167831	0.4938590864
	0.6081075065	0.5945058638	0.1713541223	0.06209451352	0.1612562682
	0.4268689767	0.4062142338	0.3970744411	0.3979049417	0.401613655
	0.4067936046	0.4125698352	0.4181841754	0.4230108438	0.4266463443
	0.429052721	0.4304694026	0.431189888	0.4314380563	0.4313626749
	0.431070941	0.4306525368	0.4301856574	0.4297317822	0.4293274133
	0.4289790737	0.4286657661	0.4283494444	0.4279893294	0.4275553649
	0.4270386836	0.4264579489	0.4258598063	0.4253123546	0.4248941044
	0.4246848465	0.4247629435	0.4252029806	0.4260634847	0.4273629118
	0.4290495324	0.4309855936	0.4329486671	0.4346528241	0.4359082559
	0.4369100637	0.4383685957	0.4417529429	0.4515801405	0.4807676452
	0.5432767113	0.627027401	0.5616237506	0.1576842608	0.03540422257
	0.06577850132	0.4131137976	0.387533418	0.3744691827	0.375240776
	0.38098117	0.3890655726	0.3977773951	0.4058351981	0.4125312102
	0.4175632985	0.4210107969	0.4232088317	0.4245258156	0.4252425
	0.4255455962	0.4255621873	0.4253879534	0.4250986892	0.4247502766
	0.4243747095	0.4239780277	0.4235435785	0.4230409962	0.4224385005
	0.4217157106	0.4208749901	0.4199492665	0.4190040145	0.4181326482
	0.4174474876	0.4170696803	0.4171195176	0.4177033096	0.4188927065
	0.4207023598	0.4230813691	0.4259345301	0.4291633805	0.4327151697
	0.4367015305	0.4416145323	0.4485978307	0.4598846069	0.4801739064
	0.5184687743	0.5775198714	0.6208966399	0.5157296502	0.1423040811
	0.03081292391	0.04509250386	0.3976489158	0.366068382	0.3480523088
	0.3491013189	0.3580081193	0.3702970229	0.3829591964	0.394009889
	0.4027454768	0.409160521	0.4136127315	0.4165905107	0.4185314759
	0.4197545463	0.4204731236	0.4208313727	0.4209327631	0.4208542027
	0.4206497536	0.4203500641	0.4199624791	0.4194747037	0.418862609
	0.4181010462	0.4171761358	0.4160974319	0.4149076632	0.4136874037
	0.4125535258	0.4116523533	0.41114862	0.411209794	0.4119809125
	0.4135515031	0.4159342282	0.419077282	0.4229196107	0.4274652552
	0.4328498851	0.4394359212	0.4479828851	0.4599152843	0.4776383877
	0.5048653133	0.5451756395	0.5908395636	0.5980391153	0.4652515422
	0.1277945911	0.04562747523	0.07851354291	0.3800728101	0.3415327567
	0.3182544166	0.320387747	0.334003425	0.3519861385	0.3694613396
	0.3837875316	0.3944989449	0.4021134016	0.4073996983	0.4110433213
	0.4135473151	0.4152503011	0.4163762428	0.4170776052	0.4174630209
	0.4176113637	0.4175770828	0.417391702	0.4170652972	0.4165902212
	0.4159477948	0.4151176577	0.4140891313	0.4128735749	0.4115158615
	0.4101022799	0.4087631166	0.4076706707	0.4070307012	0.4070639035
	0.4079705608	0.4098786441	0.4128161211	0.4167435381	0.4216466539
	0.4276387829	0.4350257596	0.4443722074	0.4565918969	0.4730865652
	0.4957450594	0.5263073067	0.5632509782	0.5906552565	0.5646306241
	0.4133679412	0.1159616007	0.07370828017	0.1722953674	0.3592931397
	0.3134090314	0.2856315204	0.2903392203	0.3106356925	0.3358745771
	0.3586958549	0.3761434335	0.3884330882	0.3968695017	0.4027048075
	0.4068195376	0.4097623591	0.4118698834	0.4133586434	0.4143777385
	0.41503533	0.4154107779	0.4155596165	0.4155156854	0.4152931377
	0.4148898818	0.4142930701	0.4134867399	0.4124615551	0.4112264104
	0.4098208295	0.4083250503	0.4068658706	0.4056206531	0.4048223873
	0.4047459609	0.4056647818	0.4077805998	0.4111800297	0.4158763959
	0.4219417248	0.4296348646	0.4394298383	0.4520106237	0.4682225338
	0.4890145771	0.5151368699	0.5458742048	0.5748707941	0.5795968224
	0.5127961152	0.3386508932	0.09924975145	0.08902382108	0.2326574536
	0.3330111722	0.2812917715	0.2513486865	0.2609823354	0.2901815974
	0.3238914823	0.3519610964	0.3717747728	0.3848799966	0.3935907979
	0.3996220744	0.4039811252	0.4072141907	0.4096277964	0.4114138452
	0.4127073353	0.4136099836	0.4141991689	0.414531262	0.4146433033
	0.4145548519	0.4142708384	0.4137857546	0.413089413	0.4121746744
	0.4110477033	0.4097398788	0.4083163685	0.4068793268	0.4055804679
	0.4046446986	0.4043828203	0.4051445042	0.4072418252	0.4108955675
	0.4162691508	0.4236240106	0.43345172	0.4463813524	0.4630109135
	0.4836588967	0.5082647449	0.5360015404	0.5632996652	0.5778746578
	0.5468942549	0.4289242707	0.2205975055	0.06976345117	0.09139211087
	0.2486906605	0.297258234	0.2448840981	0.217522388	0.2352102796
	0.2754633083	0.3179271703	0.3501126636	0.3708672725	0.383756528
	0.3921419641	0.3980340669	0.4024345819	0.4058214909	0.4084434531
	0.4104552898	0.4119710109	0.4130817486	0.4138608037	0.4143648515
	0.4146346372	0.4146962491	0.4145632198	0.4142395168	0.4137237411
	0.4130152397	0.4121228307	0.4110738053	0.4099144293	0.4087049292
	0.4075387789	0.4065952579	0.4061664932	0.4066346515	0.4084305899
	0.4120094343	0.4178638403	0.4266754685	0.4393707129	0.4566492455
	0.4784711539	0.5037630275	0.5308428671	0.5569083935	0.5740265539
	0.5596931328	0.4767883562	0.3047306911	0.1287658875	0.04705422475
	0.09161538678	0.2448412304	0.2490496379	0.2050491954	0.1871004369
	0.2163912688	0.2692537057	0.3192315513	0.3531215139	0.3729320414
	0.3845834538	0.3921706299	0.3976934725	0.4019961814	0.4054334316
	0.4081800617	0.410349518	0.4120329189	0.4133093019	0.4142468058
	0.414901937	0.4153192503	0.4155319511	0.4155633505	0.4154291658
	0.4151410848	0.4147121448	0.4141634195	0.4135268149	0.4128326535
	0.412095145	0.4113413221	0.4106700031	0.4102764346	0.4104720354
	0.4117723369	0.4149599602	0.421082698	0.431624535	0.4483460035
	0.4717349434	0.4998117697	0.5287023795	0.554692143	0.5720242564
	0.5642319742	0.50015473	0.3573646217	0.176836766	0.07181813558
	0.04290757079	0.09948692851	0.2404603599	0.1929149369	0.1653985947
	0.1634265587	0.2078640906	0.2734152713	0.3275972477	0.3598610784
	0.376940593	0.3866829112	0.3932573048	0.3983213342	0.4024566481
	0.4058747468	0.4086784061	0.4109436951	0.4127410946	0.4141381694
	0.4151976772	0.4159754841	0.4165195185	0.4168699164	0.4170602623
	0.417120046	0.4170786608	0.4169705586	0.4168388137	0.416729641
	0.4166684796	0.4166402406	0.4166247596	0.4166332733	0.4167086636
	0.4170052202	0.4180357659	0.4209025642	0.4273838015	0.4401849627
	0.4624053556	0.4936301801	0.5275671074	0.5558232026	0.5724988027
	0.56600369	0.5110928255	0.3865473373	0.214164606	0.09701854575
	0.04941540308	0.05716931688	0.1293888913	0.2552054094	0.1397207648
	0.1312297369	0.1497280712	0.2123663704	0.2880101714	0.3410791364
	0.3684487938	0.3817441192	0.3894425057	0.3950504353	0.3996761907
	0.4036215709	0.4069733797	0.4097780818	0.4120833537	0.4139433452
	0.4154157481	0.4165580496	0.4174247982	0.4180662724	0.4185285858
	0.4188553064	0.4190908112	0.4192852411	0.4194992026	0.4198035721
	0.4202672642	0.4209286512	0.4217772578	0.4227865012	0.4239192542
	0.4250972242	0.4263310297	0.4280741468	0.431645153	0.4394955567
	0.4556236576	0.4844450759	0.5230820361	0.5579668965	0.5750364431
	0.5658709554	0.5132189236	0.3990709454	0.2384861488	0.11891615
	0.06196068175	0.0570895032	0.09811693583	0.19926981	0.304207276
	0.09840766414	0.1059746342	0.1488725572	0.2313568069	0.3105788397
	0.3565582015	0.3770150626	0.3865068967	0.3924827769	0.3973210197
	0.4015738236	0.4053226709	0.4085700653	0.4113266201	0.413621145
	0.4154956732	0.4169995448	0.4181849684	0.419104231	0.4198085064
	0.4203483478	0.4207760993	0.421150345	0.4215415647	0.4220359391
	0.4227321266	0.423726909	0.4250908326	0.4268565936	0.4290475948
	0.4316690531	0.4346735991	0.4381316048	0.4426161427	0.449656684
	0.4619888049	0.4838719452	0.5187117336	0.557131705	0.5764893033
	0.5609347418	0.5045697086	0.3966707692	0.2480798144	0.1343383262
	0.07538015295	0.06458574871	0.09488099239	0.1725410849	0.2929820344
	0.3694930723	0.07080523651	0.09063439653	0.1629250916	0.2632702195
	0.3363985016	0.3709396539	0.3843969599	0.3908884617	0.3956565688
	0.3999356594	0.4038697068	0.4074105562	0.410517223	0.4131813733
	0.4154199605	0.417265814	0.4187608738	0.4199518383	0.4208876859
	0.4216189082	0.4221986178	0.4226857741	0.4231503541	0.4236790423
	0.4243780665	0.425369076	0.4267780093	0.4287233957	0.4313198395
	0.4347159856	0.4391148673	0.4448016494	0.4523885556	0.4631494222
	0.4789930186	0.5014750226	0.5310102696	0.5633989105	0.5748061067
	0.5417086042	0.4696279385	0.3673836734	0.2389837351	0.1412531384
	0.08805820637	0.07722041253	0.1040293511	0.1716645274	0.274943951
	0.3635376236	0.4145482738	0.05500335002	0.08604007031	0.1923923132
	0.3011158235	0.3599914735	0.3822924904	0.3903370645	0.3949208452
	0.3989336407	0.4027943592	0.4064311157	0.4097436527	0.4126754271
	0.4152091535	0.4173537531	0.4191344055	0.4205861209	0.4217498223
	0.4226703198	0.4233960587	0.4239808094	0.4244874001	0.4249930039
	0.4255943509	0.4264101731	0.4275791038	0.4292569223	0.4316247756
	0.4349224463	0.4395215571	0.4460205216	0.4553756405	0.4691624653
	0.4895617402	0.5180978612	0.5521220517	0.5801044808	0.5781297143
	0.5210363549	0.4007188832	0.2756690436	0.188525905	0.1290375843
	0.09755994115	0.09640711988	0.1267358302	0.1923507649	0.2861226286
	0.3643868148	0.4096736666	0.4379372815	0.04746768901	0.08970563802
	0.2330465848	0.3360555315	0.3777266324	0.3903625237	0.3951789849
	0.3987466951	0.4022774625	0.4057823611	0.4091199505	0.4121828066
	0.4149122854	0.4172865017	0.4193080748	0.4209953826	0.4223768812
	0.4234876923	0.4243680315	0.4250634117	0.4256267113	0.4261220115
	0.4266295424	0.4272503805	0.4281095788	0.4293588324	0.4311861193
	0.4338476726	0.4377381134	0.4435070349	0.4522064317	0.4654252182
	0.4852985653	0.5137446965	0.5499482627	0.5859033802	0.6016450681
	0.5579529678	0.4197640467	0.2845058233	0.1962350329	0.1490917544
	0.1313420294	0.1416790655	0.178558704	0.24363555	0.3290471746
	0.3946109621	0.4284619782	0.4452904246	0.4585281728	0.04388949565
	0.09478337403	0.2689393077	0.3618098234	0.3891528724	0.3960795974
	0.3993776521	0.402425229	0.4055906693	0.4087598338	0.411793588
	0.4145940684	0.4171049216	0.4193014444	0.4211810944	0.4227562987
	0.4240495695	0.4250905943	0.4259150803	0.4265653018	0.4270923202
	0.4275596328	0.4280476327	0.4286581361	0.4295192504	0.430794217
	0.432703949	0.4355788549	0.4399523631	0.4466881108	0.4570909139
	0.4728784049	0.4957709024	0.5261749472	0.5607710935	0.5902699812
	0.5992185545	0.5654818195	0.462566771	0.3364163877	0.2699446375
	0.2536773761	0.2698228816	0.312497592	0.3707052706	0.421182363
	0.4542062954	0.4694332958	0.4746350817	0.478737152	0.4829079287
	0.04152720286	0.09760496195	0.2910217538	0.37764254	0.3962711718
	0.4005517679	0.4031924762	0.4058996456	0.4087379465	0.411584216
	0.4143194006	0.4168573362	0.4191450657	0.4211564648	0.422885183
	0.4243388254	0.4255348568	0.4264982247	0.4272606096	0.4278612251
	0.428349042	0.4287861412	0.4292517891	0.4298472164	0.4307026956
	0.4319919904	0.4339638833	0.4370022259	0.4417159097	0.449028024
	0.4601773649	0.4764751069	0.4986138145	0.5253732315	0.5522383659
	0.5715032249	0.5748991786	0.5576113045	0.5220033898	0.4888327111
	0.4794644797	0.4871612007	0.4983338089	0.5097627698	0.5173207597
	0.5168970162	0.5105870973	0.5035485351	0.5010249617	0.5027287271
	0.502483241	0.03954056183	0.09865234436	0.3032408318	0.3871530159
	0.401408146	0.4044518278	0.4066839196	0.4090785311	0.4116031434
	0.4141423505	0.4165922824	0.4188761539	0.4209447754	0.4227719402
	0.4243488795	0.4256795447	0.4267773029	0.4276631454	0.4283653512
	0.4289204956	0.4293756232	0.4297913417	0.4302457097	0.4308395056
	0.4317052077	0.4330248193	0.4350639386	0.4382264471	0.4431178024
	0.4505684748	0.4615194363	0.476641416	0.4956149543	0.5162256651
	0.5339922369	0.5434031531	0.5409068277	0.5281498961	0.5130977784
	0.5059002306	0.5103051821	0.5221668452	0.5326678682	0.5344775656
	0.5271663376	0.5161445406	0.5071108315	0.5030940281	0.5039622248
	0.507208637	0.5074984242	0.03780349051	0.09895489221	0.3108555935
	0.3937745064	0.4057758084	0.4080197905	0.4098494593	0.4119133135
	0.4141254471	0.4163681362	0.4185444098	0.4205838188	0.4224405848
	0.4240890384	0.4255188139	0.4267309734	0.4277354572	0.4285498915
	0.4291996602	0.4297190934	0.4301535953	0.4305625648	0.4310232437
	0.431636426	0.4325364346	0.4339094222	0.4360237959	0.4392698833
	0.4441870552	0.4514244662	0.4615522813	0.4746551007	0.489753242
	0.5043376767	0.5146037876	0.5168848834	0.5099277888	0.4964909891
	0.4823285728	0.4720844986	0.467936216	0.4718564609	0.4799285804
	0.4840279872	0.4834269003	0.4820542698	0.4826400596	0.4855452614
	0.4898528543	0.4952518597	0.4990015174	0.03628504098	0.09900778688
	0.3164371858	0.3990545426	0.4096996851	0.4112940701	0.4126953287
	0.414403095	0.4162921218	0.4182370322	0.4201429901	0.4219433018
	0.423594483	0.4250710262	0.4263609262	0.4274624647	0.4283823399
	0.4291350332	0.4297432455	0.4302392337	0.4306669001	0.4310845984
	0.4315689565	0.4322207178	0.4331745561	0.43461525	0.4368003969
	0.4400814984	0.4448979281	0.4516959501	0.4607173301	0.4716455763
	0.4832203251	0.4931017913	0.4983526132	0.4966599303	0.4878104694
	0.4743093821	0.4601068378	0.4482334111	0.4407319079	0.4396172301
	0.4437238177	0.4485364719	0.4523015799	0.4561935693	0.4609589421
	0.4662732079	0.4715174194	0.4783184663	0.4856977068	0.03495339382
	0.09897625453	0.3209469936	0.4035289467	0.4132307184	0.4142680514
	0.4152338173	0.4165641304	0.4181127404	0.4197493772	0.4213806405
	0.4229421904	0.4243915544	0.4257023905	0.4268603414	0.4278604389
	0.4287058586	0.4294077757	0.4299860961	0.4304708871	0.430904408
	0.4313437866	0.4318646997	0.4325668862	0.433582722	0.4350895266
	0.4373230304	0.440581302	0.4451951501	0.4514291713	0.4592856229
	0.4682360838	0.4770069139	0.4836378997	0.486002618	0.4827304136
	0.4740920161	0.4621561377	0.4497926214	0.4392810753	0.4321350931
	0.4293990536	0.4306652998	0.4340222817	0.4380830564	0.4425992369
	0.4474902891	0.4524087299	0.4570865783	0.464420187	0.4743910152
	0.0337890426	0.09891405926	0.3247446933	0.407405758	0.4163886145
	0.4169385946	0.4174737213	0.4184109895	0.4196013946	0.4209162133
	0.4222650767	0.4235856379	0.424835381	0.4259859683	0.4270196822
	0.4279275327	0.4287086186	0.4293704027	0.4299296518	0.4304138896
	0.4308633119	0.4313332561	0.4318975348	0.4326531634	0.4337269229
	0.4352830573	0.4375279752	0.4407011274	0.4450326104	0.4506445635
	0.4573894094	0.464666803	0.4713317005	0.4758420412	0.4767206088
	0.473208592	0.4657731352	0.4560620976	0.4461703099	0.4377413723
	0.4317230665	0.4285795633	0.4282109743	0.4299271588	0.4329094641
	0.4365664671	0.4404930725	0.4443375561	0.4480674103	0.4554144983
	0.4669335365	0.03278077806	0.09884534712	0.3279872195	0.4107902973
	0.419197416	0.4193091236	0.4194195545	0.4199522942	0.4207698263
	0.4217513542	0.422811517	0.4238898483	0.4249428278	0.4259389719
	0.4268561801	0.4276806485	0.4284068178	0.4290379852	0.4295873578
	0.4300794413	0.4305517596	0.4310570052	0.4316658188	0.4324703867
	0.4335886336	0.4351674275	0.437380201	0.4404095967	0.4444011915
	0.4493761786	0.4551087157	0.4610123826	0.4661233809	0.4692712336
	0.4694502222	0.4662657167	0.4602146395	0.4525679161	0.4448381406
	0.4381834551	0.4332081806	0.4301440035	0.4290114736	0.429618908
	0.4315505715	0.4342673171	0.4372656469	0.4401627687	0.4430631141
	0.4502239432	0.4625812646	0.03191435339	0.09878335164	0.3307715887
	0.413751899	0.421681363	0.4213842026	0.4210714375	0.4211905885
	0.4216255305	0.4222678553	0.4230382052	0.4238773312	0.4247395089
	0.4255889481	0.4263982691	0.4271482459	0.4278282577	0.4284371203
	0.4289841384	0.4294903348	0.4299898887	0.430531861	0.4311822699
	0.4320263975	0.4331706436	0.4347419423	0.4368804569	0.4397183028
	0.4433354683	0.4476884983	0.4525235036	0.4573126283	0.4612764149
	0.4635429011	0.4634294618	0.4607415269	0.4559242067	0.4499362208
	0.4438715167	0.4385645415	0.4344516234	0.4316997608	0.430367343
	0.4304201285	0.4316448699	0.4336381289	0.4359315047	0.43814517
	0.4404520474	0.447394444	0.4601768195	0.03116963651	0.09873390327
	0.3331797598	0.4163468223	0.4238601523	0.4231643343	0.4224234582
	0.4221220426	0.4221712845	0.422476769	0.4229642816	0.4235740601
	0.4242565214	0.4249703809	0.4256823038	0.4263673517	0.4270097584
	0.4276038096	0.4281547582	0.4286797959	0.429209137	0.4297872497
	0.4304741674	0.431346534	0.4324974435	0.4340330695	0.4360625322
	0.4386759702	0.4419060512	0.4456732039	0.4497274534	0.4536176728
	0.4567298283	0.4584202991	0.4582221535	0.4560440206	0.4522527521
	0.4475654709	0.4427843098	0.4385326284	0.435159271	0.4328171884
	0.4315724488	0.4314226538	0.4322357999	0.4337206332	0.4354960317
	0.4372296588	0.4391325441	0.4458757406	0.4588625187	0.03052246036
	0.09869774912	0.3352868757	0.4186245748	0.4257460163	0.4246416845
	0.4234612593	0.4227357472	0.4224052191	0.4223871757	0.4226092644
	0.4230082094	0.4235284857	0.4241222168	0.4247497867	0.4253806863
	0.4259943314	0.4265807712	0.4271413184	0.4276891753	0.4282501136
	0.4288631949	0.4295813559	0.4304713706	0.4316121763	0.433089771
	0.4349860086	0.4373581745	0.4402074306	0.4434388409	0.4468246895
	0.4499935193	0.4524710228	0.4537847566	0.4536114987	0.4519102324
	0.4489696224	0.4453254064	0.4415749773	0.4381960117	0.4354770814
	0.4335624813	0.4325175578	0.4323405776	0.4329302685	0.4340691127
	0.4354631528	0.4368474355	0.4384609775	0.4450250429	0.4581073424
	0.02994657386	0.09867253997	0.3371623383	0.4206281423	0.427340576
	0.4257959439	0.4241595817	0.4230133473	0.4223217175	0.4220073631
	0.4219938059	0.4222101394	0.422592691	0.4230862705	0.423645204
	0.4242341041	0.4248283694	0.4254144837	0.4259902225	0.4265648662
	0.4271594647	0.4278070826	0.4285527758	0.429452747	0.4305717163
	0.4319770428	0.4337277526	0.4358568154	0.438346537	0.4411006566
	0.4439226831	0.4465158133	0.4485199697	0.4495904255	0.449501021
	0.4482335812	0.4460076926	0.4432222491	0.4403261485	0.4376891693
	0.4355485092	0.4340349658	0.433212109	0.4330787167	0.4335493502
	0.4344523324	0.4355618257	0.436678218	0.4380634187	0.4444618483
	0.457596354	0.02941769125	0.09865611783	0.3388718423	0.4223919508
	0.4286298152	0.426589807	0.4244806041	0.422930122	0.421913925
	0.4213474821	0.4211416914	0.4212134001	0.4214890684	0.4219062822
	0.4224143374	0.4229743267	0.4235589419	0.4241521513	0.4247488818
	0.4253547945	0.4259861573	0.4266696995	0.4274421466	0.428348886
	0.4294409168	0.430768969	0.43237363	0.4342708125	0.4364333684
	0.4387724044	0.4411254991	0.4432617974	0.4449126862	0.445828825
	0.4458510821	0.444970582	0.4433489283	0.4412795062	0.4390986468
	0.4370920528	0.4354513516	0.4342899621	0.4336695166	0.4335950719
	0.4339959458	0.4347302194	0.4356193626	0.4365169515	0.4377037824
	0.4439501085	0.4571366952	0.02892012393	0.09865274181	0.3404806178
	0.4239370862	0.4295761594	0.4269643596	0.4243744519	0.4224589893
	0.4211788865	0.4204241386	0.4200831046	0.4200565075	0.4202606227
	0.4206272526	0.4211027426	0.4216467633	0.4222311072	0.4228386138
	0.4234622991	0.4241047164	0.424777503	0.4255009535	0.426303303
	0.4272192102	0.4282867417	0.4295420579	0.4310111357	0.4326984549
	0.4345738066	0.4365602778	0.4385285472	0.4403036965	0.4416891117
	0.4425066932	0.4426447324	0.4420978688	0.4409811095	0.4395052449
	0.4379175357	0.4364354399	0.4352114884	0.4343417492	0.4338853593
	0.4338568622	0.434202523	0.4348025094	0.4355089305	0.4362136324
	0.4372139916	0.4433280032	0.456599277	0.02845057288	0.09867941325
	0.3420573465	0.4252612418	0.4301068057	0.4268359241	0.4237843872
	0.4215795119	0.4201264604	0.4192672487	0.4188589493	0.4187850079
	0.4189537481	0.4192944937	0.4197539131	0.4202930536	0.420885007
	0.4215131008	0.4221695401	0.4228544363	0.4235751201	0.4243455545
	0.4251855429	0.4261192899	0.427172769	0.4283693452	0.4297233177
	0.4312315923	0.4328646347	0.4345590788	0.4362154603	0.4377047841
	0.4388861823	0.4396345145	0.4398722289	0.4395957491	0.4388848156
	0.4378863663	0.4367757079	0.4357127807	0.4348171385	0.4341710336
	0.4338317125	0.4338229014	0.4341080802	0.4345858662	0.4351274134
	0.4356484956	0.4364630301	0.4424737043	0.4558888857	0.02801534757
	0.09876776024	0.3436769957	0.426319207	0.4300989425	0.426099212
	0.4226617114	0.420295024	0.418793135	0.4179289742	0.417525412
	0.417452821	0.4176174566	0.4179515757	0.4184064972	0.4189478821
	0.4195524569	0.4202056781	0.4209000591	0.4216339979	0.4224109602
	0.4232388375	0.4241292127	0.4250961836	0.4261543343	0.4273154943
	0.4285841322	0.4299516734	0.4313906854	0.4328506147	0.4342572837
	0.4355182515	0.4365350929	0.4372216826	0.4375251235	0.4374433593
	0.437031334	0.4363893566	0.4356368927	0.4348857417	0.434226686
	0.4337315139	0.4334573125	0.433435572	0.4336451848	0.4340007249
	0.434384403	0.4347229909	0.4353479593	0.4412940548	0.4549330296
	0.02762361827	0.09895927076	0.3454155945	0.426989612	0.4293706258
	0.42465053	0.4210003687	0.4186622163	0.4172611257	0.4164932272
	0.4161567392	0.4161210063	0.4163000833	0.4166361782	0.4170899533
	0.4176347498	0.4182529373	0.4189334472	0.4196700383	0.4204600719
	0.4213036526	0.4222029901	0.423161785	0.4241843909	0.4252744778
	0.4264329698	0.4276551945	0.4289274874	0.4302239071	0.4315041308
	0.4327138112	0.4337884786	0.4346614042	0.4352748957	0.435593523
	0.4356162691	0.4353819073	0.4349614186	0.4344383648	0.4338889502
	0.4333766949	0.4329605494	0.4326966459	0.4326232416	0.4327340117
	0.4329607442	0.4331934171	0.433357159	0.4337971204	0.4397269407
	0.4536824228	0.02726321236	0.09928169064	0.3473230928	0.4270405652
	0.4277166499	0.4224662777	0.418909361	0.4168377808	0.4156808854
	0.4150822164	0.4148432704	0.4148522299	0.4150429467	0.4153742559
	0.415819709	0.4163621838	0.4169907123	0.4176983567	0.4184806574
	0.4193344637	0.4202570623	0.4212455264	0.4222961843	0.4234040724
	0.4245622232	0.4257606737	0.4269851709	0.4282157273	0.4294253892
	0.4305797804	0.4316380336	0.4325555152	0.4332883026	0.433799043
	0.4340642126	0.4340832184	0.4338868757	0.4335365631	0.4331055157
	0.432650101	0.4322031661	0.4317993534	0.4314887052	0.4313168809
	0.4312942014	0.4313766375	0.4314699694	0.4314907429	0.4317820313
	0.437756495	0.4521247872	0.02680290849	0.09967752579	0.3494323198
	0.4262395289	0.4251371641	0.4198264142	0.4167606893	0.4151553975
	0.4143048987	0.4138704234	0.4136993588	0.4137191653	0.4138916549
	0.4141946941	0.4146147985	0.4151437486	0.415776606	0.4165102111
	0.4173418935	0.4182683464	0.4192846732	0.4203836184	0.4215549713
	0.4227851204	0.42405673	0.4253485305	0.426635249	0.4278877651
	0.4290736369	0.4301581723	0.4311061683	0.4318842082	0.4324630105
	0.4328193136	0.4329388452	0.4328259349	0.4325202064	0.432097955
	0.4316378903	0.4311781153	0.4307153542	0.4302521178	0.4298304961
	0.4295068594	0.4293082425	0.4292181419	0.4291748261	0.4291062207
	0.4293547468	0.4354687984	0.4503429612	0.02593904125	0.1003756474
	0.3527018545	0.4254752493	0.4228504895	0.4180471414	0.4156837084
	0.4144948731	0.4138133067	0.4134063434	0.4131952229	0.4131488796
	0.4132514244	0.4134931794	0.4138682434	0.4143734604	0.4150074459
	0.4157694428	0.4166580679	0.4176700488	0.4187990338	0.4200345349
	0.421361054	0.4227574463	0.4241965936	0.4256454851	0.4270658245
	0.4284152775	0.4296494346	0.4307244675	0.4316002842	0.4322437147
	0.432630933	0.4327487399	0.4325981537	0.4322118309	0.4316853747
	0.4311510933	0.4306507027	0.4301168141	0.4295093137	0.4288560024
	0.4282275244	0.42769103	0.4272724911	0.4269691353	0.4267625912
	0.4266429454	0.4270451703	0.4334097862	0.4487965631	0.02810931732
	0.1060103033	0.3661388308	0.4335132784	0.4291142816	0.4247316823
	0.4226995218	0.4215259434	0.4207164941	0.4201489832	0.4197860849
	0.4196075099	0.4195982415	0.4197474604	0.420048451	0.420497944
	0.4210949478	0.4218393118	0.4227302023	0.423764596	0.4249358474
	0.4262323718	0.4276364861	0.4291234752	0.4306609918	0.4322089425
	0.4337200527	0.4351413093	0.4364164205	0.4374892804	0.4383081777
	0.4388302057	0.4390253187	0.4388808265	0.4384125386	0.4376989162
	0.4369387505	0.4364030992	0.4361040947	0.4356652691	0.4348832296
	0.433909739	0.4329739758	0.4321901227	0.4315499184	0.4310272386
	0.4306321508	0.4304257975	0.430837579	0.4358934872	0.4498698247
	0.04195343612	0.1068552093	0.3891885602	0.4579595806	0.4473731821
	0.442453134	0.4403905274	0.4391409806	0.438260314	0.4376420271
	0.4372385779	0.4370182234	0.4369585908	0.4370449037	0.4372684889
	0.4376251412	0.4381134381	0.4387331017	0.4394834605	0.4403620292
	0.4413632084	0.4424771095	0.443688521	0.4449760589	0.4463115813
	0.4476599865	0.4489795568	0.4502230233	0.4513394813	0.4522771572
	0.4529867823	0.4534250822	0.4535580169	0.4533651579	0.4528525411
	0.4520921104	0.4512960567	0.4508106667	0.4507547024	0.4506633548
	0.4500699853	0.449084944	0.4480596414	0.4472002228	0.4465106162
	0.4459387012	0.4454922909	0.4452673875	0.4456359783	0.4487011
	0.4588899585	