961	
	0.2747167876	0.2213345544	0.2727933371	0.2819813712	0.2732310688
	0.2531045255	0.2008162316	0.04790105381	0.005243410486	0.00406660419
	0.004809631816	0.02446181084	0.1586282701	0.2393605492	0.4109548879
	0.8499935875	0.953018919	0.9352565666	0.9383391928	0.9382111184
	0.9183893329	0.9044707661	0.8905482458	0.8732911097	0.8531949343
	0.8305604573	0.8096226522	0.7883154902	0.7769435308	0.7817392983
	0.733501757	0.000311209243	0.02792279957	0.1079645456	0.1159315651
	0.1095379321	0.09918736701	0.07839349808	0.02639304474	0.004347361368
	0.00279138609	0.002843192572	0.007586784592	0.06233519743	0.09448180589
	0.1395453879	0.7582776006	0.9685487737	0.495189464	0.1431435425
	0.9277626506	0.9436731702	0.9311323739	0.9238261084	0.9142349467
	0.9013505161	0.882285153	0.8555518664	0.825554881	0.8045236509
	0.7923440881	0.7758764487	0.0002629188266	0.0002316852313	0.0003357800745
	0.0003261263891	0.0003193489606	0.0003180583957	0.0003339803744	0.0003322447139
	0.0003288950466	0.0003367174446	0.0003443888632	0.0005243281512	0.08149255041
	0.1215948522	0.1071339117	0.203957142	0.969743209	0.005484022554
	0.0058435812	0.005600169175	0.005262358962	0.005959519336	0.01561298814
	0.08171121905	0.2431880804	0.417186838	0.513808341	0.5324823484
	0.5572274521	0.5359344755	0.6668455258	0.1918462361	0.0003323628652
	0.0002894835402	0.0003290682145	0.000322705109	0.0003162555431	0.0003245938348
	0.0003371769681	0.0003220892574	0.0003386384583	0.0002999811118	0.0002518956691
	0.0002181190639	0.0002704455264	0.0006254151559	0.0450881412	0.8597081359
	0.9549379641	0.00565793491	0.004591659067	0.002993628972	0.001538280443
	0.001221072651	0.001792562788	0.003088311378	0.005511271107	0.04530742572
	0.1763570429	0.2292437988	0.2435606022	0.4859987318	0.2275355761
	0.02483267923	0.01146827484	0.01394622904	0.02723426189	0.04440496334
	0.05878608126	0.07547544238	0.09421790835	0.1075791467	0.0799589539
	0.0008759528065	0.0002607796296	0.000232578182	0.0002634512856	0.0003012098838
	0.000374503993	0.0008395734398	0.9972556899	0.007446993875	0.00500978426
	0.003326646936	0.001372515697	0.001039229741	0.000996668682	0.001384978331
	0.003300548702	0.01563736593	0.07459939782	0.09572965964	0.2852390943
	0.2153264705	0.03407897477	0.01508483137	0.01360874039	0.02450314254
	0.04509933767	0.06218863223	0.07768168277	0.09429516244	0.1101070427
	0.1159845589	0.1107801562	0.1156126275	0.1052143204	0.0007688991771
	0.0003669529322	0.0003074913301	0.0003305709581	0.0003036930289	0.995603571
	0.3779154578	0.3928875356	0.1011571796	0.004924777678	0.001440501029
	0.0009073601047	0.0009796072514	0.003055657835	0.01320918719	0.03148404197
	0.0993060133	0.2717946816	0.05559425957	0.03723085142	0.03201202304
	0.04525627013	0.07404386806	0.1003515584	0.119964151	0.1374811126
	0.1540087956	0.1658418127	0.1670987908	0.1677701008	0.1825370926
	0.1819073239	0.1671233456	0.1156010897	0.0009045432295	0.0001934133409
	0.0004658990437	0.9883898809	0.9837012367	0.9734251824	0.9570536119
	0.239920172	0.002460095791	0.0008951714645	0.001028449757	0.004261109423
	0.01672122557	0.05258492393	0.4117683856	0.1291955642	0.1111805561
	0.1120762143	0.1246939025	0.1592672255	0.1940031773	0.2204041349
	0.2421722995	0.2607711148	0.2738053914	0.2780861808	0.2777390087
	0.2785813835	0.2750434322	0.270959771	0.264002557	0.2290771791
	0.0915194983	0.0002325520865	0.0002984655618	0.2866899818	0.8856182504
	0.8926877425	0.9685601153	0.7549489612	0.001665606104	0.000738046185
	0.001678275081	0.01174356654	0.06482936657	0.6532136721	0.4282136304
	0.416452958	0.4062872606	0.4068885655	0.4208192897	0.4326446843
	0.4431855908	0.4512199919	0.4556460894	0.4547906777	0.4480121491
	0.4379041852	0.4267726611	0.4145647042	0.4041739223	0.3938340811
	0.3733951784	0.327234178	0.1316676409	0.0003148020394	0.0003756128175
	0.001272319716	0.003011336644	0.006498333322	0.8897957916	0.993605527
	0.0008338896761	0.000712309983	0.0053159201	0.1848690555	0.8370482921
	0.8471346534	0.8362618038	0.817602828	0.7933013656	0.7635044011
	0.7336645737	0.7087847418	0.6870974807	0.6665774159	0.6456316241
	0.6240019873	0.6028379623	0.5830666464	0.5657761628	0.5529895157
	0.5440137997	0.5367826913	0.5316376479	0.5140973921	0.343869172
	0.0005121671797	0.0006328161888	0.0008378694762	0.003146258103	0.007497581175
	0.9938028886	0.003340199741	0.0006643475514	0.001339806652	0.2955338303
	0.880388787	0.9337075484	0.9234035154	0.9139311233	0.8999336993
	0.8805761973	0.8570191171	0.831864118	0.8062244971	0.780450457
	0.7544829914	0.728753381	0.704220249	0.6817849743	0.662692243
	0.6484064994	0.6394486937	0.6371320026	0.6445879857	0.6654028414
	0.691816575	0.6433244898	0.002303985176	0.001666221674	0.002546261424
	0.008465433735	0.008037123102	0.9981519338	0.000640842547	0.0004322640505
	0.2142606901	0.8019021162	0.904169514	0.8923380586	0.8925688196
	0.8880672335	0.8784515745	0.864057653	0.8462859603	0.8262345151
	0.8045061761	0.7814541616	0.7577714967	0.7344006616	0.7122140303
	0.692174793	0.6752581402	0.6625203322	0.6565740059	0.6621040944
	0.6849860759	0.7289862584	0.7992390033	0.8472022184	0.04029883986
	0.005329025322	0.005240771452	0.005748676994	0.01110217213	0.9958504178
	0.0003857265124	0.0005001013644	0.5171588215	0.5160796281	0.5511228438
	0.6291381645	0.7027999097	0.7513907659	0.7755422405	0.7830779548
	0.779879468	0.7694395527	0.7540129371	0.7355299988	0.7156576631
	0.695646358	0.6763756377	0.6583474269	0.6421209599	0.629516239
	0.6244201559	0.6333252793	0.6651879535	0.730250578	0.8551734885
	0.9354301631	0.3046592373	0.006078174909	0.006343959621	0.006340380134
	0.9936962103	0.0009423499137	0.0006562277139	0.2327328761	0.1006642862
	0.1166217529	0.1645139288	0.256736718	0.3973165614	0.5347926239
	0.6255870211	0.6720745429	0.689809368	0.6904243586	0.6812311976
	0.6669077754	0.6504893284	0.6338595823	0.6179413973	0.603050598
	0.5894112426	0.5773572261	0.5679760605	0.5652062094	0.5809940847
	0.649324291	0.8379298615	0.9470230967	0.7226366978	0.01298192045
	0.007061834042	0.9902047187	0.0008246321763	0.0008483989807	0.1048292969
	0.02446829282	0.02481955066	0.03507179058	0.06147211459	0.1289462725
	0.2639730494	0.4207061624	0.5316934973	0.5896507117	0.6122945786
	0.6144292934	0.6053657344	0.5909733568	0.575088676	0.5601492449
	0.547548811	0.5376719283	0.5293282623	0.5189729986	0.5003639598
	0.4675427174	0.4259425753	0.4254605752	0.558884911	0.7400972008
	0.5423290985	0.7721252268	0.9949397691	0.0008661546702	0.0008162144486
	0.05452337174	0.01141961981	0.01069618229	0.01333101294	0.02156554646
	0.04912900287	0.1311120197	0.2764813004	0.4161781464	0.5034632198
	0.5445209629	0.5559478753	0.5498773113	0.5342749582	0.5146972611
	0.4952690983	0.4790985306	0.4682378276	0.4631399306	0.4617292102
	0.4578350677	0.4394790107	0.3909571902	0.3226500126	0.2905051071
	0.3779504838	0.6321572179	0.9645638966	0.9927565708	0.001051028361
	0.0009344545168	0.02908137629	0.007826148911	0.007508537185	0.008534514742
	0.01273735525	0.02904298104	0.08786976362	0.2133239916	0.3531683039
	0.4507251546	0.5013220786	0.5184092769	0.5137888785	0.4957541497
	0.4705607857	0.4434996003	0.4192730982	0.4017798395	0.3936201466
	0.395693179	0.4065494946	0.4207692577	0.4266198009	0.4127570834
	0.4080320247	0.5185160084	0.8169608521	0.9750515985	0.9863328715
	0.001133561043	0.001081620458	0.0150851254	0.006973931362	0.006861253849
	0.007252496904	0.01042805073	0.02596106851	0.0843272409	0.2043508105
	0.3353339753	0.4296912603	0.4820256356	0.5020168408	0.4990280172
	0.4801239807	0.4512079275	0.4180805428	0.3867759645	0.3630377422
	0.3513555789	0.3545722996	0.3741937203	0.4097023186	0.4567218155
	0.5094016668	0.5883997476	0.7307615196	0.9164961233	0.9768303458
	0.9541072715	0.001164840962	0.001126837185	0.008857808019	0.006473111508
	0.006420036767	0.006967446278	0.01053243789	0.03299943978	0.108323473
	0.2303076974	0.3462155707	0.4289678737	0.4780183279	0.4997306531
	0.500010418	0.4836527263	0.455365124	0.4207593199	0.386607762
	0.3600794636	0.3472598612	0.3522853868	0.3785846404	0.4295920205
	0.5037670072	0.5987703734	0.7246556417	0.8685608752	0.9540188823
	0.9712498135	0.4702047417	0.001215294741	0.001142878689	0.007001129461
	0.005934345564	0.006022096162	0.006919285566	0.013407968	0.05652807876
	0.1594695006	0.2753897193	0.3690573849	0.4360793107	0.4797371914
	0.5034285679	0.5095435786	0.5001568749	0.4781599988	0.4483212538
	0.4174897784	0.3933551502	0.382355315	0.3886417004	0.4168050241
	0.4762214563	0.5722542039	0.6996565121	0.8352481532	0.9261987344
	0.959685282	0.9153936163	0.006963910183	0.00143958387	0.001164985263
	0.005915926663	0.005549742279	0.005780920162	0.007119604245	0.02434830091
	0.1097604759	0.2278784353	0.3215030541	0.3899291874	0.4414945995
	0.4800784193	0.5066748845	0.5209615564	0.522640789	0.5126203706
	0.4942145387	0.4737109776	0.4586414724	0.454494292	0.4637265766
	0.4932907096	0.556626155	0.6622650293	0.8022803838	0.9056890523
	0.9458643713	0.9406894463	0.1143989589	0.005342126488	0.003128576031
	0.001999522255	0.00532038743	0.004889645152	0.005581936687	0.008756203851
	0.0606398528	0.1906791562	0.2916682956	0.3548685046	0.4009057666
	0.4401507843	0.4752579238	0.5055332249	0.5291756271	0.5446522947
	0.551597189	0.5516410501	0.5490803345	0.549640043	0.5576384811
	0.5780756758	0.6232561121	0.693763724	0.7796411526	0.8841264598
	0.9360072175	0.9337202743	0.5029809423	0.006633054738	0.004597343942
	0.003991755608	0.004507517553	0.004524208046	0.004055740766	0.005442575426
	0.01757031398	0.1410405884	0.2708855662	0.3347116622	0.3702339897
	0.3996681133	0.430707045	0.4642186114	0.4984349152	0.5311239124
	0.5605584533	0.5857287828	0.6062686306	0.6227585902	0.6379328536
	0.6590222698	0.7010796265	0.7778053248	0.8519353956	0.8891607165
	0.916448311	0.9051853909	0.4528531198	0.006831669456	0.005211948235
	0.004610375814	0.00443482458	0.005623044169	0.003114141422	0.003259273599
	0.005406059881	0.05363481626	0.2416726046	0.3265472663	0.3530499022
	0.3679743357	0.386952686	0.413639428	0.4469789873	0.4845853394
	0.5243099809	0.5646112504	0.6042154829	0.6417852536	0.6769023374
	0.7134253745	0.7628033311	0.8305868716	0.8991340579	0.9342786493
	0.9101081055	0.5602180056	0.007557289452	0.005537297644	0.004647703526
	0.004826833902	0.005006362823	0.005760589884	0.01336771947	0.001566133647
	0.002157612004	0.006644033892	0.1432905537	0.3216005055	0.3502593807
	0.3481022155	0.3505537521	0.3645948728	0.3896706854	0.4232073855
	0.4627244664	0.5064058575	0.5530491502	0.6019153103	0.6528110805
	0.7067431847	0.7664284809	0.8334330783	0.8942396616	0.9380016489
	0.9499416834	0.905190682	0.04464509034	0.006793554209	0.006232945472
	0.004852124965	0.004990974932	0.006385178376	0.01223817463	0.2169276872
	0.001011436672	0.001269089524	0.01584794927	0.2633804419	0.3635639107
	0.3430099531	0.3237444642	0.321729631	0.3348696835	0.3593103374
	0.3920921689	0.4314270629	0.4761498192	0.5254089478	0.5791628081
	0.638865038	0.7064756941	0.7804300081	0.8515062685	0.9072431867
	0.9396125904	0.9564769331	0.9281910414	0.3960960546	0.009479617451
	0.007631648004	0.01051713497	0.1398395731	0.7812350983	0.8933957409
	0.7830910564	0.0008979883884	0.001005440557	0.05027451148	0.3603042845
	0.3637896623	0.3108102756	0.287080148	0.2866677266	0.3004189705
	0.3231789428	0.3530392329	0.3898020308	0.4334600162	0.4834480141
	0.539337385	0.6023361656	0.6746141222	0.7538051034	0.828405053
	0.8856128016	0.9224534933	0.9410214894	0.9462968867	0.9108290216
	0.7993527209	0.8998336761	0.9689753813	0.9766764506	0.9695492743
	0.9646803317	0.9138601539	0.0008301594446	0.000901797424	0.1250808277
	0.40630854	0.3258577659	0.2648405382	0.2473631373	0.2510244756
	0.2642010211	0.2827719014	0.3068794657	0.3384118337	0.3791387541
	0.4293766638	0.4875621751	0.5514399796	0.6198602575	0.6917586934
	0.7623228864	0.8238881079	0.8720021251	0.9067544346	0.9276035777
	0.9373557016	0.9433060522	0.9576452809	0.9636976085	0.9590487207
	0.9499818741	0.9467709289	0.9023637168	0.0007628485553	0.0008319714739
	0.2408639395	0.3880196238	0.2681270352	0.2217103987	0.2144745113
	0.2203996555	0.2299334718	0.2414278792	0.2568772704	0.2796133326
	0.3131744473	0.3601876583	0.4204984304	0.4894952236	0.5594631878
	0.6242812758	0.6823616889	0.7351700216	0.7838941778	0.8263768236
	0.8580633802	0.8712879601	0.8639609989	0.847275262	0.8281796496
	0.8114582119	0.8073079287	0.8190215062	0.8126775007	0.0006688716654
	0.0007633015244	0.3972448007	0.3324346522	0.2285678301	0.1983259719
	0.1935047211	0.1939927487	0.1946563743	0.1960551858	0.2007462059
	0.2121923649	0.2348221471	0.2742232551	0.3360950495	0.4218502182
	0.5217744045	0.6156762045	0.6861746854	0.7277679772	0.7420706184
	0.7308492851	0.6991169664	0.6573708455	0.6149601783	0.578485898
	0.5527652578	0.5392992682	0.5308160721	0.540975874	0.6736515601
	0.001151396696	0.0008225250271	0.8509061594	0.5352601787	0.4719031315
	0.4358346366	0.4203769719	0.4124021629	0.4061217	0.4011117205
	0.3993032688	0.4037738161	0.4181531462	0.4459035018	0.4890424947
	0.5461622898	0.6107767985	0.6723231685	0.7202355428	0.747191145
	0.7483550465	0.7197872967	0.6634743941	0.5979789015	0.5558243744
	0.5498665791	0.563137533	0.5700185037	0.5624597343	0.5505809496
	0.6171608265	