961	
	0.06072827713	0.211215764	0.5879241532	0.6926561699	0.6103578385
	0.4707574962	0.4500665667	0.4787329887	0.4454372252	0.3776789162
	0.3103374701	0.2590218683	0.2314526582	0.2220011166	0.2270673212
	0.23707585	0.2449896766	0.2422570674	0.222285081	0.2011848839
	0.1924523319	0.1948619181	0.2095067247	0.2322297311	0.2609470994
	0.3241616168	0.405410215	0.4187737728	0.343404454	0.2000447462
	0.1671145273	0.07529265991	0.2067698032	0.6019495682	0.7286426775
	0.6474168885	0.4812296562	0.4385406154	0.4824123966	0.4545276109
	0.3731358567	0.2858229187	0.2143074689	0.1761035208	0.1585716471
	0.1512495817	0.1498473878	0.1477973869	0.1380850926	0.1223658484
	0.1068776986	0.09824694578	0.09667505723	0.1011542022	0.1108694348
	0.1284293636	0.1816976818	0.3020027838	0.338468728	0.2883171431
	0.1658194201	0.1311491526	0.0788951054	0.207560135	0.6073379596
	0.7376881222	0.657070333	0.4911032238	0.43870274	0.4908394324
	0.4808588527	0.4005216695	0.3008699949	0.2085569936	0.1502508347
	0.1221743222	0.1067941822	0.09796562809	0.09356438901	0.08598648237
	0.07938624742	0.07543131805	0.07619408607	0.08050890987	0.08434850348
	0.08300307266	0.076654222	0.0803434233	0.1126734948	0.1333313391
	0.1237908875	0.09118707403	0.08017306044	0.08078673258	0.208804424
	0.6079024604	0.7368668185	0.6592188718	0.501941917	0.445796539
	0.5003441629	0.5097350125	0.4403377556	0.3415225881	0.241246019
	0.1692335723	0.1319579328	0.1143090016	0.1082782128	0.1116582955
	0.1208977074	0.1332794594	0.1510139247	0.1764833773	0.2058583443
	0.228869012	0.2343223805	0.2153483489	0.194122372	0.1915604331
	0.196982774	0.2013996536	0.1863282282	0.1586168809	0.08233838663
	0.2097064596	0.6063256006	0.734103498	0.6627255244	0.5196397698
	0.4588406102	0.5105953023	0.5380730688	0.4841043756	0.3926017812
	0.2964245921	0.2183883959	0.1754269831	0.1593222478	0.1647216427
	0.1888180949	0.228592104	0.2798634283	0.3313311589	0.3853428692
	0.4349415681	0.4720503481	0.4978099885	0.5116045151	0.513052501
	0.509300751	0.514137471	0.5531765829	0.5776007174	0.4934474542
	0.08407722572	0.2108921018	0.6049278948	0.7297545595	0.6661315522
	0.5431170498	0.4785968098	0.5222264359	0.5640012919	0.530205819
	0.4504501893	0.3637057936	0.2919234797	0.2511345602	0.2421739578
	0.2595202518	0.2992607364	0.3545415376	0.417423612	0.4773512007
	0.5286964293	0.5653459475	0.5872854038	0.5987420379	0.600668556
	0.5844170554	0.5283477722	0.4433158094	0.4356514664	0.6096953716
	0.6171517884	0.08621997808	0.2123808086	0.6039598472	0.7246543002
	0.6668864127	0.5681941104	0.5060272313	0.5363893374	0.5854750832
	0.5721999242	0.510478197	0.4366014883	0.3761987901	0.3448379429
	0.3447014469	0.369270852	0.4103498929	0.4601079354	0.51107428
	0.55488983	0.5852404137	0.6000543733	0.6029052349	0.5979620994
	0.5854512564	0.5559480533	0.4784668133	0.3364479114	0.2372421225
	0.3260441157	0.4291390093	0.08885009974	0.2138106316	0.6023475023
	0.7187149676	0.6634026138	0.5885548253	0.5371197216	0.5536352036
	0.6019715452	0.6059788868	0.5647078741	0.5082606209	0.4608644866
	0.4363562623	0.4377693726	0.4589123814	0.4903059841	0.5246604345
	0.5565393523	0.5799179396	0.5912522789	0.592260985	0.5865344065
	0.5765811653	0.5634346236	0.5420002332	0.4835694199	0.3358191036
	0.1700397117	0.1990883865	0.3037856218	0.09187728676	0.2144609902
	0.5980499144	0.7119374187	0.6563037227	0.6003486591	0.5651802871
	0.5710617415	0.6125691905	0.6283934674	0.6058026524	0.5667349628
	0.531649166	0.5115269884	0.50853169	0.5189594824	0.5360026472
	0.5534513517	0.5673020836	0.574654893	0.5750212374	0.5711517618
	0.5654450254	0.5586724117	0.5518199124	0.5436016596	0.5121733093
	0.3806973917	0.1630236572	0.1619162777	0.2803732107	0.09558382128
	0.213775559	0.588862593	0.7041733342	0.6478234683	0.6030425382
	0.585784528	0.5880830288	0.6193020215	0.6405513531	0.6320164312
	0.6069056019	0.5812794962	0.563678121	0.5555464679	0.554986729
	0.5585807241	0.5623232422	0.5633327596	0.5607365348	0.5559220754
	0.55149147	0.5485744145	0.5465821161	0.5455824671	0.5460637918
	0.5348067379	0.427127577	0.1771349047	0.1464531498	0.265066476
	0.1006331119	0.2113987807	0.572385391	0.6951857413	0.6415159504
	0.5993719803	0.5977004681	0.6024173754	0.6244495291	0.6460260956
	0.6463509166	0.6308245108	0.6116666452	0.5955999219	0.583655356
	0.575120256	0.5688440118	0.5630513479	0.5562377625	0.5484838175
	0.541607542	0.5376673041	0.5370311498	0.5384930594	0.5414027183
	0.5463318684	0.5457809564	0.4768524792	0.2223437037	0.1215793073
	0.2090300808	0.1075206909	0.2063020038	0.5451105654	0.6841062208
	0.640928964	0.5944094295	0.601833673	0.6125672018	0.62873515
	0.6481151948	0.6531386582	0.6434098457	0.6280449613	0.6129474823
	0.5987402793	0.5853173413	0.5728358366	0.5610932658	0.5498668142
	0.5397378607	0.5322269506	0.5287332818	0.5293202054	0.5328845446
	0.538752262	0.5474134237	0.5545923019	0.5266639239	0.3600492907
	0.1256720907	0.09849995502	0.1178047775	0.1981207156	0.5024126516
	0.6682673212	0.6475342955	0.5938722801	0.6021845546	0.6189075759
	0.6319011539	0.6482687928	0.6554672228	0.6489878882	0.63524563
	0.6205054867	0.6051924103	0.5891572223	0.5732111561	0.558139089
	0.5446308301	0.5335407404	0.5259473047	0.5226817946	0.5237600276
	0.5285369187	0.53670601	0.5486207844	0.5605529606	0.5470119854
	0.4185205238	0.1486026089	0.07189230538	0.1397946319	0.1947006999
	0.4501131996	0.6450629573	0.6575657952	0.6010396002	0.6029092008
	0.623489786	0.6343467798	0.6468470448	0.6546326492	0.6502136633
	0.6367561027	0.6216764606	0.6059044393	0.588764161	0.5711524252
	0.5544531493	0.539939055	0.5285690523	0.5210491362	0.5178347594
	0.5190222923	0.52447249	0.5343143808	0.5488114573	0.5641421818
	0.55670026	0.4370464034	0.1534672829	0.06615577251	0.1917680785
	0.2156150748	0.4153633406	0.619711447	0.6637575126	0.6158306506
	0.6063497794	0.6272059626	0.6369372729	0.6445769064	0.650931657
	0.6480034581	0.6345133764	0.6186231051	0.6025693941	0.5852171177
	0.5670753875	0.5498009414	0.5350312566	0.5237245124	0.5163234778
	0.5131025777	0.5143096807	0.5202369445	0.531387234	0.5480267744
	0.5662642188	0.5629233763	0.4462606805	0.1552868758	0.06400453402
	0.2786516159	0.2773110998	0.4208992634	0.6035753689	0.6628495925
	0.6332946116	0.6149232267	0.6290770118	0.6379127585	0.6410288249
	0.644279197	0.6423136601	0.629174356	0.6124464341	0.5959544943
	0.5788405785	0.5609526493	0.5438385971	0.5293274679	0.5183314672
	0.5111386181	0.507999012	0.5093502637	0.5158162604	0.5281777621
	0.5467556961	0.5676497007	0.5676656769	0.4527427655	0.1571397842
	0.06360684004	0.376243791	0.368783657	0.4647856507	0.6033076861
	0.6588299015	0.6440282537	0.6244525163	0.628609309	0.6346999994
	0.6347894339	0.634543102	0.6329974756	0.6209033211	0.6041663292
	0.5869446988	0.5699435479	0.5528406173	0.5365019174	0.5226799276
	0.5122271038	0.5053852721	0.50249702	0.5042029632	0.5113644693
	0.5249449133	0.5453236042	0.5685899101	0.5713279174	0.4575757701
	0.1589187785	0.06403134446	0.4499664729	0.451016342	0.5138163393
	0.6060570521	0.6498871447	0.6438772809	0.6274506404	0.6249015091
	0.6273187823	0.6261130958	0.6227435724	0.6201317356	0.610158538
	0.5945112375	0.5773819009	0.5600115424	0.5434890468	0.5281889146
	0.5153243058	0.5055843779	0.4992299802	0.4967625472	0.4990145375
	0.5070030056	0.5217948691	0.543815099	0.5691278488	0.5739864467
	0.4608563117	0.1597118007	0.06405556932	0.4952377219	0.5025549067
	0.5449763627	0.603790401	0.635235722	0.634485458	0.6226084755
	0.6176491125	0.6173862301	0.615201526	0.6106343611	0.6055849835
	0.5981971825	0.5831881534	0.5674272412	0.5509150504	0.5343247841
	0.5195474413	0.507517045	0.4985322692	0.4927868283	0.4909032956
	0.493853256	0.5027365781	0.518668627	0.542117115	0.5691352962
	0.5756414384	0.4628079491	0.1594615878	0.06308021247	0.5225237766
	0.5333277483	0.5625104869	0.5994383756	0.6202121087	0.6210650035
	0.6130508838	0.6076987848	0.6056349252	0.6026317556	0.5978970268
	0.5923543945	0.5850047212	0.5708705697	0.5565444131	0.5422228733
	0.5260700771	0.5110936846	0.4993929036	0.4910343897	0.4860100648
	0.4848939967	0.4886736638	0.4984553936	0.5153749892	0.5399675194
	0.5683374304	0.576174044	0.4636915136	0.1588514962	0.06181844901
	0.5337366471	0.54632055	0.5676834424	0.591907629	0.6061567863
	0.6068980626	0.60106163	0.5957986824	0.5922599159	0.5882502974
	0.5832562513	0.5780398414	0.5713624092	0.558646861	0.5444036296
	0.5321499596	0.5177515449	0.502831455	0.4911911045	0.4832524468
	0.4789703068	0.4787427602	0.4834099855	0.493997051	0.511648677
	0.5370196602	0.5663782755	0.5753604436	0.4635658419	0.1582170594
	0.06079832735	0.5306094715	0.5422977178	0.5586779497	0.5759332556
	0.5870862043	0.5887363581	0.5847117423	0.5799884616	0.5760126117
	0.5717611708	0.5669558622	0.5621672217	0.5561846488	0.5453266284
	0.5318085612	0.5204416046	0.5081347773	0.494457148	0.4833065866
	0.4758100476	0.4721730562	0.4727393078	0.4781441264	0.489261247
	0.5072371049	0.5329125498	0.5628820796	0.5729473176	0.4623341813
	0.1576798636	0.06021003816	0.5196557699	0.5283990814	0.5411087919
	0.5544550899	0.5640338901	0.5669427697	0.5649857682	0.561441864
	0.5578643	0.554017282	0.5497649396	0.5454577756	0.5402041236
	0.531375237	0.5196199326	0.508834729	0.4981608941	0.4864525721
	0.4764352975	0.4695941401	0.4664524497	0.4674969035	0.4732315878
	0.48435685	0.5020267764	0.5273522427	0.5574799169	0.568662901
	0.4596966115	0.1566191921	0.05961308367	0.5067811492	0.5120611741
	0.5218726928	0.5328183554	0.5414041863	0.5452560024	0.5452205909
	0.5432817685	0.5406554073	0.53757261	0.5341098262	0.5303638232
	0.5256074298	0.5182285959	0.5084904141	0.4989084392	0.4897252105
	0.4801657993	0.4715882108	0.4654425692	0.4626265517	0.4637774727
	0.4692830818	0.4796865975	0.4961676624	0.5202138093	0.5498460414
	0.5621753975	0.4551855429	0.1538406317	0.05780145937	0.4941671684
	0.4962095304	0.5036075965	0.5128666348	0.5207105451	0.5252009334
	0.5266399029	0.5262147539	0.524793044	0.5227596632	0.5203035207
	0.517351248	0.513216679	0.5069598363	0.4990125559	0.4911397054
	0.4837429061	0.4762912389	0.4692618742	0.4638799071	0.4613224084
	0.4622664617	0.4669703282	0.4758632981	0.4901085964	0.5116205148
	0.5397716801	0.55322076	0.4495802325	0.1495035056	0.05434395095
	0.4818169536	0.4807811001	0.4859135999	0.4938002259	0.5010366782
	0.5060278974	0.5087186894	0.5097416963	0.5096896182	0.5089472377
	0.5076996742	0.5057828261	0.5026029275	0.4976744137	0.4916161083
	0.4857357495	0.4802588295	0.4747386149	0.4692741037	0.4648579168
	0.4626654067	0.4632317593	0.4667341931	0.4735085918	0.4845381729
	0.5019663139	0.5269896933	0.5411908026	0.4433828934	0.1507409996
	0.05506417884	0.46946519	0.4653286903	0.4680716829	0.4746384264
	0.4812670877	0.4866230132	0.4904599734	0.4930078442	0.4945707374
	0.4954033553	0.4956218403	0.495047258	0.4932373873	0.4900349615
	0.4861272464	0.4823916925	0.4788073347	0.4749957222	0.4710370388
	0.4678024777	0.466154499	0.4663827972	0.4686190993	0.4730579271
	0.4802865243	0.4921339625	0.5111613049	0.5233487657	0.4338153355
	0.1540744076	0.05943490425	0.4570744099	0.449877976	0.4500552299
	0.4552607094	0.4612054616	0.4667128691	0.4714943158	0.4755406567
	0.4788844549	0.4815472012	0.4835039786	0.4846027191	0.4845860532
	0.4834892017	0.4819211122	0.4803604367	0.4786084674	0.4763674551
	0.4738551119	0.4718624542	0.4708767007	0.4709797881	0.4722324582
	0.4746165258	0.4781600173	0.4836805667	0.4927722372	0.490487425
	0.4029095074	0.1562212397	0.06433778297	0.4449702461	0.4351640058
	0.4327062364	0.43652765	0.4418031434	0.4473369697	0.4528200354
	0.4581320943	0.463134228	0.4676306483	0.4714235649	0.4743735299
	0.4763980409	0.4775987761	0.4784005104	0.4789515776	0.4789440993
	0.4781643791	0.4769706803	0.4760945745	0.4757989021	0.4760508205
	0.4768530482	0.4780222689	0.4790666873	0.4793392446	0.4765891441
	0.4466614714	0.3254432071	0.1195458645	0.0498537916	0.4407634337
	0.4281980677	0.4231523065	0.4254185641	0.4298740378	0.4352176628
	0.4409945979	0.4469533892	0.4528611522	0.4584299452	0.4633944811
	0.4676471789	0.4712322219	0.4742209812	0.4768481135	0.4790587141
	0.4804577531	0.4808283575	0.4805655019	0.4804116442	0.4806176539
	0.4811368401	0.4819702347	0.482982023	0.4836195898	0.4823924675
	0.473771418	0.4291427745	0.2802548494	0.09970276636	0.03597273376
	0.4475673039	0.4369048926	0.4304391364	0.431752257	0.4352182452
	0.4397677123	0.444917979	0.4503365208	0.455760831	0.460916481
	0.4655804244	0.4696934648	0.4733358887	0.4765403126	0.4794269676
	0.4819244997	0.4836577884	0.4843893842	0.4844105297	0.4843924239
	0.4846404839	0.4851426167	0.4859015352	0.486850701	0.4875705959
	0.4865157663	0.4776509093	0.4371040529	0.304771475	0.1215304135
	0.03793588551	