2017	
	0.3650459385	0.02905574514	0.007522198958	0.0394941018	0.001808093656
	0.001123767731	0.0008629557438	0.001243552815	0.0003805065989	0.0002234677437
	0.0002289529738	0.0003858972152	0.0002091253169	0.0002093746561	0.0002092491523
	0.0002561939267	0.0002095619698	0.0002100352956	0.0002092305055	0.0002085957861
	0.0002100940744	0.0002096241622	0.000209719473	0.0002364261219	0.0002042069069
	0.0001962553638	0.0001982823492	0.0002106790833	0.0002094861572	0.0002100839657
	0.0002283337226	0.001035416465	0.0001690774498	0.000241402289	0.0001385773356
	0.0001815447672	0.0004363152087	0.0002543698727	0.000365828655	0.000302729701
	0.001366649839	0.0001599043388	0.001077052539	0.000548929005	0.001369349675
	0.0002292762243	0.0001833115197	0.002202352481	0.002443939279	0.0005812575908
	0.0003442201929	0.000204173514	0.000189189137	0.003495345192	0.003576273078
	0.001254562597	0.002059330066	0.0006270421259	0.4059610579	0.002811242387
	0.04375067149	0.0009850810786	0.2617434626	0.0002662165667	0.01331776271
	0.0002044264338	0.0003036488831	0.0002032724569	0.0002072650929	0.002489445631
	0.006687769773	0.02051793029	0.000821887996	0.0002111243579	0.0310685072
	0.0554423335	0.002812119028	0.02220166359	0.0002111415227	0.0009475154176
	0.3683832636	0.4075338888	0.001029277372	0.0002387526599	0.0003829422772
	0.00644635747	0.0002504658796	0.000816412279	0.2023831708	0.003203101564
	0.008635177129	0.002349438811	0.2258704917	0.009866907232	0.0002131146034
	0.0002114674964	0.002261079677	0.02151668436	0.04978978635	0.1355015104
	0.0002110033447	0.2551860991	0.006573732476	0.0600935735	0.3495651006
	0.3653606438	0.3675833634	0.0002518084794	0.1455816481	0.007414497222
	0.0002124031066	0.0003877909345	0.001885372571	0.007269679286	0.0263165346
	0.005656455632	0.004578376449	0.23787821	0.005460477923	0.0008257939171
	0.03068943243	0.001676075612	0.1719430305	0.06021603983	0.0004017307882
	0.0002124339168	0.0003033197121	0.0002116598584	0.03496212803	0.311399048
	0.2801582443	0.0002153321932	0.4234979213	0.1798185542	0.3121760124
	0.263449962	0.2808647085	0.3222333051	0.0004351219988	0.6539817476
	0.01854476928	0.0002215899886	0.001696308455	0.00586462278	0.3617327588
	0.1755338086	0.006169808585	0.00039149447	0.00284472596	0.0003022120586
	0.0002472710875	0.7104242668	0.9424995482	0.001164594371	0.1556219472
	0.0003034603245	0.0002359474205	0.0002150493521	0.4522897465	0.8338450451
	0.7515220579	0.0002158600209	0.8418260742	0.2589634999	0.2385101957
	0.03584044678	0.3882796312	0.9388005568	0.7395021437	0.0166708606
	0.7438471566	0.8663324303	0.8626972015	0.00107680513	0.0004006954354
	0.0002111665869	0.006300913972	0.987691308	0.9667950252	0.9530096796
	0.1418903419	0.001666172619	0.0002808919817	0.000396674223	0.0002123424357
	0.0004374696746	0.000390684887	0.0003310384312	0.0007924107746	0.0002114696405
	0.9807237177	0.9843374513	0.9728580203	0.9641836436	0.2218417901
	0.373470944	0.03860429235	0.5794533107	0.9623867433	0.9859550308
	0.9718771598	0.8764666454	0.9737524287	0.0006260506646	0.0002098944896
	0.0002609812634	0.0009713338852	0.0199093406	0.9960586497	0.994597011
	0.9939925017	0.8442762365	0.02289560313	0.002922132776	0.0002110540591
	0.0002477658116	0.003234968819	0.001726660463	0.0005780603141	0.001298362739
	0.0003573434137	0.0002247090761	0.002150194371	0.2938130689	0.001347065498
	0.0002113949448	0.0002108624392	0.9945198687	0.9974185069	0.9945722043
	0.4845917608	0.4819810449	0.7819220645	0.4089142885	0.9045420338
	0.9903154659	0.9953422541	0.9880619727	0.969295353	0.0005063683384
	0.0002828694374	0.002201208628	0.05013461063	0.9980907761	0.9966646333
	0.9037149664	0.9564878934	0.007026287583	0.0002104401779	0.1658004627
	0.004324154307	0.0005386962406	0.003682227899	0.0002717395477	0.0002096783715
	0.03149967168	0.4362769476	0.001672676407	0.003071209558	0.9874480833
	0.01693326459	0.09677362554	0.0002105561215	0.00021015477	0.99677971
	0.9983225928	0.997121684	0.9617213493	0.9427397459	0.9972407045
	0.6817375654	0.996115363	0.994227942	0.9860195254	0.9925098982
	0.001092835738	0.000366157168	0.01152980722	0.006076615548	0.998807882
	0.9976901692	0.9852176614	0.7942010141	0.0002097885253	0.9629173663
	0.2642862773	0.000922452815	0.1623449187	0.000246743901	0.0008553996334
	0.0002092889387	0.3826733453	0.004427504806	0.00409288507	0.9981805749
	0.9959955593	0.1186118817	0.8393572241	0.9514023659	0.9929698589
	0.997169188	0.6927067787	0.9979587465	0.00123007163	0.9987615093
	0.0002100249976	0.02672212829	0.0002095026965	0.000209414016	0.9977053191
	0.9981658201	0.9977374843	0.9976842667	0.9918956647	0.9837901893
	0.9986687954	0.79658708	0.996937249	0.9963283568	0.9948423401
	0.000648189905	0.2659448306	0.9991397129	0.9922812506	0.9149158308
	0.9752041138	0.001968218009	0.9863830917	0.0002477456433	0.0007669751543
	0.0002092102939	0.05643171801	0.006733388423	0.9987971633	0.8870195303
	0.9892722816	0.9758631246	0.9639240393	0.9976709348	0.9962242192
	0.9963638434	0.997390652	0.9991196986	0.00176751938	0.9984642996
	0.0002093586703	0.4814863626	0.9955305387	0.0003556993111	0.9969300223
	0.4657795113	0.9964200912	0.9929088673	0.000209190376	0.0002091651614
	0.0003528988506	0.9976547814	0.9975120297	0.9988452116	0.9978202656
	0.9970065726	0.9993907364	0.99939951	0.999029831	0.9947144037
	0.997526857	0.9968376844	0.9963311607	0.9989022847	0.9959871887
	0.9965145021	0.001164875914	0.9951912655	0.9954559265	0.0002098385938
	0.001080947351	0.001482847536	0.01773796806	0.9959185032	0.9610344355
	0.882271797	0.7145170983	0.9991104459	0.9361206632	0.5155635727
	0.9929700519	0.9956001949	0.02465825381	0.002980177836	0.9987778444
	0.0003972753924	0.7306074791	0.9979752578	0.0004476937649	0.8583065267
	0.9974852642	0.9685230397	0.7033414494	0.997452847	0.9974455511
	0.9979638575	0.8672613929	0.9544324803	0.9857128938	0.7826097293
	0.9970681729	0.9956695773	0.02690200601	0.02520022178	0.02874212647
	0.9717002672	0.008400454683	0.9886662112	0.0002972931156	0.0002242796898
	0.0003242869828	0.00136605868	0.9979052156	0.9972893374	0.9983078647
	0.9997049222	0.9996600478	0.999058909	0.9994796609	0.9971855099
	0.9973983877	0.9976097507	0.9983271988	0.9976689554	0.99803957
	0.007708446273	0.002377183902	0.9974483777	0.005450350168	0.04332730868
	0.9317809973	0.4404994449	0.98197509	0.06728123257	0.1732958236
	0.2037645253	0.979370367	0.9723128869	0.03822207414	0.9896291737
	0.9983992323	0.001469871422	0.8198503605	0.9982737644	0.7680339403
	0.1017390724	0.9986465519	0.9981524417	0.9980782393	0.2879602911
	0.8245722363	0.9934000525	0.2787205027	0.6726515306	0.9967209582
	0.9963924175	0.006817263361	0.01594413551	0.01885449392	0.01533125571
	0.01122637546	0.9905398352	0.9608860859	0.2940630139	0.1561934807
	0.9077394332	0.6287105954	0.001205333352	0.9980221229	0.01005835388
	0.9963138133	0.0006074782008	0.0005977734148	0.001245687861	0.6084474479
	0.9964127809	0.9971746737	0.9997843274	0.9994737217	0.9964547103
	0.9987999219	0.9979471015	0.9964350172	0.9985284699	0.9980540598
	0.9983481236	0.002688180642	0.003783876959	0.9973053331	0.5489365654
	0.1447114941	0.001718828118	0.06931938571	0.00362058498	0.9951182399
	0.005919777002	0.007772467737	0.03696239824	0.1618211027	0.6063425496
	0.9973719985	0.003187701402	0.01711191922	0.998257803	0.9962937606
	0.05043778222	0.06514952128	0.09810375456	0.03833665552	0.8525614389
	0.3259536688	0.9956020897	0.9970836186	0.005922706019	0.00662097071
	0.009363919892	0.009244705961	0.9848525158	0.09547847451	0.03015231333
	0.1801159336	0.61446302	0.9175448991	0.8661200185	0.009198543202
	0.997682167	0.00723213715	0.006450906342	0.9964900809	0.9968966693
	0.9967319561	0.062248093	0.073306404	0.01111360072	0.9959814171
	0.107532694	0.3617732749	0.001500114214	0.01250297501	0.8512274569
	0.9226984146	0.00112296374	0.0007692891822	0.9914244462	0.1081714997
	0.995691692	0.9979664647	0.9947626827	0.9986026311	0.9977368979
	0.9986704858	0.9978217919	0.9964770226	0.9978140492	0.9967854052
	0.5951541228	0.009266802371	0.9964570139	0.9687762587	0.06878392068
	0.001555980127	0.0006055610982	0.0007153203927	0.0008910939211	0.007419600681
	0.0051743203	0.006844448139	0.9978965321	0.002287858506	0.01218474737
	0.9964035998	0.9941313204	0.04898585218	0.008202077878	0.9785648785
	0.9216850292	0.5519653253	0.9940439349	0.9969896573	0.9975554917
	0.1478375205	0.284830492	0.0008076242611	0.007027128802	0.01109340753
	0.07140301821	0.6551644581	0.06897596151	0.0990696	0.01487383379
	0.9965371392	0.9965691578	0.004225380116	0.003951953331	0.005876344989
	0.9946400103	0.9646476257	0.0004865636421	0.004764816818	0.006734189285
	0.2348000524	0.9869250248	0.9990953056	0.9904330334	0.9952084383
	0.3791779353	0.3960412361	0.004053242503	0.9606151251	0.003275686907
	0.9953476886	0.201732078	0.9924053393	0.9942640625	0.8236224735
	0.9744749801	0.03674905991	0.9090745315	0.944749432	0.9989201102
	0.9963516539	0.9965146263	0.9972981933	0.9986694415	0.9985124016
	0.9969637524	0.9956118922	0.9966411698	0.9091843276	0.9956445216
	0.9950824196	0.0006195264322	0.0004017371625	0.0006372710397	0.0004243183629
	0.0003075069982	0.006960759938	0.007596732864	0.004632292608	0.9988022414
	0.9876786492	0.04895779004	0.2698919204	0.00920138193	0.003153829775
	0.8905300128	0.9955956925	0.9963782522	0.9988219996	0.0004206660306
	0.000260574608	0.0009799011244	0.005754453509	0.0006160147194	0.9984581024
	0.9892561971	0.0005077091291	0.003082386857	0.9985124921	0.9992428947
	0.00199650325	0.003151345248	0.4928310253	0.004202335534	0.9944345334
	0.9995248576	0.997959127	0.999387943	0.8665762343	0.01492441784
	0.5782588333	0.002051166788	0.9738508252	0.001008986201	0.0009424891072
	0.9889421397	0.6254103611	0.008054527939	0.0370522184	0.9756124101
	0.9948178649	0.0003415177641	0.0002285674559	0.9998480551	0.9965481623
	0.9992793209	0.9994557359	0.9973667055	0.9968875724	0.9961862729
	0.9982505431	0.997482429	0.9984536985	0.9954197046	0.994238271
	0.9983047788	0.9967043049	0.9499395462	0.001778788443	0.0004052957413
	0.0002091364475	0.0002091235631	0.003944616862	0.006801302313	0.006454165926
	0.003909802367	0.9891740549	0.0924529392	0.5422539198	0.009366823386
	0.003188778583	0.001770353901	0.9730281855	0.9936322627	0.9906550115
	0.999533839	0.0002091116916	0.000297453036	0.0002983386388	0.9997029232
	0.9990820281	0.9992902035	0.9997948398	0.002271731378	0.002310544074
	0.8917841513	0.08272246076	0.9997461256	0.00485965791	0.002836376287
	0.01359729243	0.0008001151296	0.8840236537	0.0003634701583	0.0003257331508
	0.1651018553	0.008536565035	0.003166680765	0.0003090867905	0.0002154581992
	0.0002094140583	0.9998411865	0.9997141518	0.000688321383	0.0004834562283
	0.0006726586123	0.001524973749	0.0002091083397	0.0004585813154	0.0005531590481
	0.9150726962	0.9997012503	0.2007165941	0.9998832656	0.993800059
	0.9970307679	0.9998553411	0.99985135	0.9994348438	0.9998747444
	0.9998455659	0.9997551176	0.9997377933	0.9962136994	0.9944585892
	0.9948809328	0.9479960202	0.9872511308	0.9969385801	0.9991415802
	0.8246321969	0.0006378651957	0.0002410723423	0.00020916788	0.0002095451659
	0.001232588748	0.003362251109	0.002742467724	0.001880670925	0.08248904949
	0.5810806939	0.8209702992	0.01466276195	0.002753129581	0.004102736069
	0.002152855165	0.9743834421	0.9875158374	0.8170854517	0.9997629571
	0.0002134588406	0.9998166353	0.9997307455	0.001776608923	0.001740064345
	0.1376772218	0.9998863818	0.002189258959	0.002660580755	0.002930238165
	0.003064981327	0.0003408279114	0.0002091175889	0.0124174314	0.001763805847
	0.001820312585	0.0002297445194	0.0002235913871	0.0002157033799	0.9997630616
	0.9996933134	0.001985648701	0.0002648965455	0.0002091297383	0.9997054489
	0.9993474413	0.1636056544	0.9998085969	0.9998554233	0.989222032
	0.981377915	0.9992108991	0.9996112992	0.9990360252	0.9989609888
	0.9995793839	0.0008810912646	0.001067737446	0.001036262828	0.1452717548
	0.09834691294	0.003326604679	0.788736842	0.9931068756	0.809223594
	0.9558639077	0.9993784019	0.6824332519	0.0002121383679	0.001023113308
	0.001059908868	0.002446326323	0.00204062122	0.9847316592	0.9983580872
	0.1499186249	0.9997947908	0.8001533209	0.9941612386	0.9901086294
	0.988777812	0.02383159891	0.9969966799	0.9992946537	0.7999761294
	0.0003429787628	0.0002269451782	0.0002105400076	0.0002103922917	0.0005572675489
	0.0006503169283	0.7212484133	0.5604936435	0.9618105577	0.9663960841
	0.02199816974	0.005336875225	0.001100115344	0.9799425091	0.9997162058
	0.9996841037	0.0008988479577	0.0008003330879	0.9998159833	0.00189930673
	0.001247300003	0.003064645029	0.01792596271	0.00401778621	0.0002091320055
	0.0009556344144	0.01065688918	0.001291764534	0.0002132354284	0.9980753522
	0.0002107281	0.0002091485016	0.9997601311	0.9533584518	0.9951992859
	0.9994745333	0.9864979159	0.1830252226	0.998917428	0.9994094115
	0.9993923307	0.9824712239	0.8017036895	0.001424961158	0.000584566098
	0.02328519603	0.6878995772	0.006113823221	0.01608334084	0.002742010004
	0.003898156381	0.04272935029	0.04951217635	0.9929247792	0.9947921066
	0.9950677472	0.9562493343	0.7299451479	0.9509210345	0.0002113555511
	0.0005484056431	0.0004942744185	0.0005378842644	0.001161930436	0.9982527631
	0.6706402047	0.4278469117	0.001685130206	0.0002098520198	0.0004243490308
	0.001109305557	0.9996741287	0.9746088307	0.9941120338	0.9887146043
	0.007193254736	0.9625599951	0.6048171973	0.0005262729138	0.8595907824
	0.02846261764	0.9942166138	0.993453817	0.9947271419	0.0002306639949
	0.9990915854	0.9956387563	0.0002126715653	0.0002117566776	0.0002149978987
	0.0003984356564	0.9777717897	0.04015593517	0.1784524099	0.001132890555
	0.9854094295	0.9503204994	0.7860830086	0.5010712297	0.001433152279
	0.0005036621463	0.001038887032	0.00112940052	0.005036510207	0.01884686123
	0.0002092000961	0.001279052081	0.0003173742617	0.0002139230909	0.05762522792
	0.000217691505	0.0002091638668	0.7880308038	0.9985421068	0.04538232642
	0.009489036182	0.01118653456	0.9956207726	0.0005369988193	0.9987076622
	0.9995423064	0.9995642674	0.0002293643001	0.9471034373	0.8623700118
	0.005382644219	0.004159461496	0.01137190211	0.0285841835	0.05854464403
	0.01283589662	0.001157298006	0.0006557391632	0.9968727704	0.9857720702
	0.01487173078	0.9939902372	0.9925613299	0.9848185717	0.0002920255225
	0.0003123631589	0.9987014209	0.9423499529	0.8827838436	0.0002099887599
	0.0008947675808	0.9868273023	0.9963690945	0.0005603789096	0.0009457358849
	0.0002186599086	0.0003591730188	0.0002500121494	0.1364685476	0.0003676263232
	0.279513782	0.02960450123	0.9988704383	0.001743614087	0.995036781
	0.01059351822	0.0007923467969	0.1299435613	0.004761074417	0.0002319089682
	0.004557659639	0.0006405008318	0.99658817	0.9955365943	0.00022672989
	0.9991968142	0.0002220360654	0.0002112948536	0.0002091633648	0.0002451194684
	0.6524396952	0.2996887018	0.002254874152	0.9952786209	0.05722964044
	0.006132858821	0.000378846566	0.0002524861048	0.0006788186059	0.005724513999
	0.00020953996	0.0002092553304	0.0004687587539	0.002537890255	0.0002385339513
	0.0002269215643	0.004174295367	0.6153170612	0.0006804103772	0.0004833228743
	0.0004641206107	0.9968487135	0.9996550451	0.999368247	0.9993163578
	0.0002141919823	0.0002090881699	0.9928015184	0.8381622738	0.08089849817
	0.001055949912	0.08577131973	0.03366138751	0.6507228537	0.0007171047254
	0.0004042685514	0.0002374424147	0.0002558765683	0.9969793213	0.03535781581
	0.9978930397	0.9974410807	0.9963910749	0.9933426746	0.9480341
	0.9794577376	0.9985562569	0.0003589372929	0.001306709372	0.0005916650261
	0.0002275074022	0.0005517054908	0.9965237075	0.01920957535	0.0004768735914
	0.7133333919	0.3326961541	0.001482038902	0.0006209760723	0.0002493594146
	0.0002702668489	0.0008755451692	0.001019921309	0.9918750347	0.1607455149
	0.0003007581267	0.0002800544297	0.000416261006	0.9970580122	0.0002091019652
	0.0003668017989	0.996772117	0.9976280107	0.0002494544845	0.9990904019
	0.0002300434807	0.0002094335813	0.0002862651163	0.966131941	0.002829762394
	0.9943193346	0.001793277651	0.001853698245	0.0005146833809	0.0002547647384
	0.000209089901	0.001209657068	0.0006147230407	0.0002094686227	0.000211056878
	0.0005998938687	0.000889625437	0.000239270123	0.0002148496378	0.0002108329828
	0.0002389167056	0.0002873192894	0.9965390805	0.9995507935	0.9988335903
	0.0002090891655	0.0003137457216	0.0002688500163	0.955217201	0.04864870328
	0.4915082956	0.01073844194	0.6340343728	0.253313673	0.9709011613
	0.001061316214	0.01225919319	0.0002143400264	0.0002091198413	0.9966347903
	0.3980519411	0.9966726639	0.9969415039	0.9885988049	0.9948127887
	0.9788294799	0.9981588438	0.0008853219701	0.0002564134866	0.0002223520082
	0.0316481441	0.0003015172635	0.8740234844	0.0002209536918	0.0005978061873
	0.000580542551	0.0004451855328	0.0003123771256	0.0002298336094	0.9971564914
	0.9955929236	0.0002091079256	0.0002091004347	0.0002457013566	0.001393506727
	0.0002465287642	0.000460150297	0.000745337242	0.9964383179	0.00031998055
	0.0002576349998	0.9960905276	0.9958016859	0.9963682444	0.0002409077066
	0.0002627604413	0.9992731762	0.0004711663013	0.0002152996742	0.0004607281032
	0.992031665	0.01683055571	0.9869126367	0.000215408699	0.0004161867448
	0.0002101341012	0.0002150263264	0.0002297828323	0.0002090899973	0.003030465427
	0.0002085978887	0.0002101900492	0.002754745171	0.0002092302879	0.0002093987802
	0.0002100186677	0.9952700324	0.9995854097	0.9972121151	0.0009500171154
	0.0006153901569	0.0004216400205	0.3628213991	0.9322608803	0.8585130206
	0.6228997195	0.9900849912	0.9783549547	0.009584534222	0.001744268437
	0.0002090931941	0.0002091300615	0.9950053538	0.9975536061	0.6079881461
	0.9973686256	0.9983664925	0.2338972665	0.001012112318	0.002244901699
	0.002785289529	0.0002266032517	0.9977578028	0.9954633297	0.0002343079964
	0.0002091028777	0.002215522671	0.002283364493	0.9964186118	0.9980597292
	0.000789022855	0.001237618973	0.001722383952	0.0002107380056	0.001439299538
	0.9990866325	0.0002091658912	0.9959464789	0.0003174539148	0.0002317471178
	0.9922614807	0.9927683636	0.9945352294	0.0002282587802	0.9995008857
	0.0004394351609	0.0006175273323	0.0003063126368	0.0002140734574	0.001133564179
	0.9970847999	0.05945894322	0.9796769624	0.0002108177555	0.0002105385665
	0.0002116224411	0.0002178685729	0.0003478249965	0.0004306953953	0.8713990143
	0.0002052203373	0.0002070692913	0.009020335846	0.0002093307594	0.0002100534243
	0.9917747207	0.9990516157	0.9346601734	0.001188901257	0.00212125944
	0.001713008381	0.7739026754	0.9812558848	0.9590726619	0.9920203379
	0.007007261177	0.003144817841	0.0002814369077	0.0002095910168	0.998320145
	0.9986280608	0.7437399025	0.00722953983	0.007198047858	0.01060768914
	0.002344947099	0.9988408253	0.0003922727353	0.01269804036	0.9970882003
	0.9977697676	0.001979968543	0.01249261261	0.001450298352	0.9992380187
	0.0002125911135	0.9946470743	0.0005350619827	0.0003209077132	0.00140933451
	0.0002041928778	0.01130642153	0.0006231026629	0.001802381614	0.0002173541911
	0.9927992827	0.9939659164	0.0006486153705	0.9994875594	0.9994110148
	0.00116325653	0.00254911883	0.0009144141495	0.0002142295111	0.01427285072
	0.9976282623	0.1595375329	0.9932974475	0.0002111858751	0.0002114554531
	0.0002106864467	0.0002130621861	0.002110945852	0.9985185118	0.0002054907053
	0.0002046700504	0.3675055642	0.0002095793975	0.9977637677	0.9841727733
	0.002190711837	0.003681346906	0.002654359467	0.9703263393	0.9896865142
	0.9938549862	0.9679493058	0.6509335376	0.1987571665	0.0007762123451
	0.0002636290182	0.9979952168	0.9975104576	0.9993052492	0.8474507716
	0.04417714601	0.01134259753	0.1913421189	0.9982741306	0.997022738
	0.9960712949	0.99695391	0.004995461014	0.5916830002	0.000210003159
	0.9960315118	0.008141905451	0.001420134107	0.00583521812	0.3145327147
	0.008933551659	0.002691542494	0.001360934204	0.9975909023	0.2201145284
	0.8217067826	0.9994606328	0.06371029472	0.01350322383	0.0002291987517
	0.0002129522684	0.9976635083	0.9966524782	0.9994727049	0.9989144507
	0.001635690594	0.0006287850981	0.0002066296178	0.3375298979	0.996627561
	0.7290213329	0.9929816402	0.0002109807178	0.0002106172365	0.0002115146628
	0.0002104378379	0.0002295383428	0.006489612963	0.9987264741	0.0002070421803
	0.9508610241	0.9991713672	0.9961112317	0.0135587885	0.01318031337
	0.005681274754	0.4469968056	0.9919576517	0.9569333374	0.9765356016
	0.9049832379	0.2991154416	0.0003549126163	0.0006352971414	0.9963773515
	0.9963263104	0.7011112381	0.9962319393	0.9963596295	0.9985878099
	0.9933715767	0.989816257	0.9963365512	0.0002237321504	0.02721493319
	0.3274560134	0.9464079984	0.02451603105	0.2293958863	0.9994674611
	0.9995362864	0.9992870488	0.3280067576	0.8943975608	0.8151150842
	0.04109470234	0.7413525036	0.986938682	0.9928282887	0.9923680699
	0.0002163380762	0.9982430199	0.9994587119	0.9976093411	0.9360986196
	0.9946148791	0.008995021762	0.0008805746366	0.0007430620257	0.8884419794
	0.9386830063	0.9966321067	0.9640917164	0.996179694	0.0002708607088
	0.0002103658478	0.0004818532264	0.9991795435	0.9989083311	0.3265986377
	0.7860846791	0.9802707223	0.9916843081	0.9727431785	0.9835022628
	0.9995583939	0.9994499028	0.007403008338	0.9908026132	0.9936061321
	0.9978197051	0.9992262178	0.9856380422	0.9661236418	0.9995007721
	0.002531309375	0.9993151609	0.9943629977	0.9696261347	0.4892867933
	0.9994620731	0.9991293167	0.9773489912	0.9954489913	0.9986456106
	0.997926753	0.8016869372	0.4528080276	0.9591920242	0.9877744025
	0.995476899	0.9926536518	0.8813484565	0.9899378757	0.9791597745
	0.969090927	0.0002608887197	0.9992806645	0.9994916958	0.9965927469
	0.9988330795	0.467527964	0.007230081965	0.979363687	0.9752683327
	0.9808346435	0.0009082568987	0.005848715236	0.9993254184	0.9992437627
	0.9721574304	0.9979989095	0.9807925994	0.9798530616	0.9844408748
	0.9997821124	0.9997231906	0.02718327616	0.9342791263	0.8454749231
	0.9964622084	0.9989923578	0.9797231235	0.5550929466	0.9996925857
	0.9994118789	0.9982376525	0.9790865267	0.9649402133	0.999462552
	0.9971563843	0.997890359	0.9852781086	0.9992827736	0.2870112289
	0.865816143	0.9839186088	0.9844143398	0.8767115825	0.5457025477
	0.9596880396	0.9515399912	0.9745679789	0.9362498944	0.97155287
	0.9657050568	0.980703701	0.9938845838	0.9877376219	0.5209830224
	0.002385435196	0.9994458108	0.9993172757	0.9987277833	0.9994115607
	0.663522811	0.9847881018	0.9853959781	0.9880158885	0.9864377309
	0.9157357956	0.5710468409	0.006713657169	0.1171210083	0.9996214651
	0.9995032129	0.9990612028	0.99868139	0.9322010396	0.9997615553
	0.9995924884	0.9996856519	0.2045995441	0.1037041263	0.9971053711
	0.9413296895	0.08759336828	0.9994451702	0.9996443238	0.9990977028
	0.9988847062	0.9987357154	0.9905251827	0.9171492651	0.8699393079
	0.1121160627	0.8310710066	0.871379242	0.9916063273	0.8374735188
	0.9929829679	0.9883672049	0.9936450031	0.9914178874	0.03963013482
	0.0852710525	0.635909377	0.9902501173	0.7063822093	0.9928808452
	0.2676793178	0.008476352788	0.04138869814	0.9986823414	0.999193819
	0.9973178433	0.9990399034	0.9988343106	0.9941688082	0.992094698
	0.9919385793	0.2056768619	0.01408214338	0.7419210197	0.9997252747
	0.9992143968	0.9991206931	0.999709918	0.9997014644	0.005278089193
	0.9035858657	0.004123101656	0.9995312196	0.999661055	0.9985478956
	0.9994532939	0.9985887051	0.9980011815	0.9966199282	0.9925002298
	0.9823047697	0.2870712568	0.7374534995	0.1281039405	0.6235987553
	0.7614166693	0.9976255015	0.9301545962	0.8077520057	0.9908986427
	0.9984953098	0.9981654952	0.01072951454	0.003245003943	0.08624905074
	0.4785059555	0.9796757772	0.01756192936	0.002510171765	0.001911680361
	0.008451420866	0.5504840975	0.9723376811	0.3775481775	0.998392874
	0.9868164917	0.9984018511	0.9986247719	0.997958283	0.003938455257
	0.003455904736	0.9837581462	0.9996313523	0.9995098495	0.9981648177
	0.9994238119	0.9995097588	0.001623682903	0.0305367059	0.999194944
	0.9992594964	0.9992402551	0.9982869079	0.9973369094	0.9954638514
	0.3361739996	0.04798793964	0.0193600403	0.3295089486	0.6218541878
	0.7138888914	0.9564923704	0.997312525	0.9990515122	0.002204879496
	0.001343350414	0.001333120783	0.8349215676	0.0004196840982	0.0005021661157
	0.002919873057	0.03556850349	0.9867817282	0.9988278547	0.9968208592
	0.9986565377	0.9866334643	0.9993787866	0.9829308609	0.9324152108
	0.9897676038	0.9980299263	0.9990934147	0.9993689443	0.001614234276
	0.003944443091	0.0007071337851	0.995212697	0.9995357736	0.9990311151
	0.9888453472	0.9993507777	0.0004190259062	0.004020455984	0.9994462513
	0.9976776686	0.02374509681	0.05159986759	0.3053759325	0.7317593413
	0.9975035165	0.0007727612357	0.0008180914164	0.8673890085	0.1580244743
	0.0003562256894	0.0002731271194	0.0009513824797	0.005996688349	0.999191868
	0.9988344191	0.9963100262	0.9993042144	0.9984931394	0.7936911408
	0.9662328551	0.7230542851	0.9920628688	0.9991210266	0.9981803951
	0.008755902805	0.9967620251	0.995193162	0.7017195914	0.9923682604
	0.9881435848	0.9974867261	0.9978816461	0.0005733065473	0.002342576033
	0.0002411447062	0.9994538327	0.6093258859	0.9995031064	0.000377626918
	0.0008139438287	0.9970270272	0.0197022313	0.1325377311	0.0003102452127
	0.0005343953818	0.0004501458138	0.03876256927	0.0002344933542	0.004532220205
	0.9914232085	0.9978470931	0.9969703773	0.9981591425	0.9979925196
	0.9978040395	0.3768620376	0.1504206683	0.9930005631	0.8096542183
	0.9987778611	0.003502721697	0.9319543801	0.9101259006	0.954574087
	0.9965071412	0.02653094308	0.8353290608	0.6502923248	0.4815499208
	0.9564415046	0.9051221965	0.0004445659588	0.0008969914357	0.0002192431387
	0.0002919506623	0.9991257244	0.9980464598	0.09688475182	0.0002392019783
	0.0002203697079	0.0009379077577	0.0003846247317	0.007202692135	0.0002479051342
	0.9625710902	0.9109156216	0.9966101974	0.9986217268	0.9966427245
	0.0975053613	0.01630507093	0.9974722861	0.001927882697	0.3848562875
	0.1624444008	0.3142295931	0.5111353003	0.9963757914	0.986069681
	0.9805948612	0.002426731102	0.0214730906	0.0435663721	0.05736522615
	0.1255329987	0.05651716975	0.1486511848	0.0736356319	0.0005809968052
	0.0005737496421	0.0002288242982	0.0002091178246	0.0002737816195	0.9982741386
	0.9979655781	0.0002097309875	0.0006095752338	0.004233278158	0.001522303077
	0.0003703808954	0.6320620146	0.9961884288	0.9981622456	0.01056842617
	0.01231242875	0.0306464569	0.02362066229	0.9952138331	0.9934911969
	0.8498973225	0.8717374698	0.9929390981	0.7609372098	0.4495012645
	0.0101187046	0.9845997463	0.9580714032	0.8690208124	0.7466772977
	0.002470909291	0.0215853254	0.004384240331	0.006042582017	0.00738244342
	0.02294771568	0.0115386253	0.001945592577	0.0004515359848	0.001206870109
	0.0002092600565	0.0002091174213	0.0002412182161	0.9970439681	0.9937838085
	0.9954364274	0.0002522883935	0.000736951419	0.06217483748	0.003355301458
	0.006957065686	0.9942282164	0.9728386012	0.1391297916	0.2132043061
	0.8898885297	0.02568408556	0.01486742128	0.006312273031	0.0002091097783
	0.9732466262	0.9033806705	0.7537285115	0.6729102476	0.5184701167
	0.4129539417	0.01172810626	0.001215842441	0.009697683232	0.002671153423
	0.003132086008	0.005125372619	0.0008360403002	0.0003241325905	0.0002091267933
	0.0002128483653	0.9920387788	0.9815018643	0.0005126957361	0.003327802952
	0.002700890557	0.9844866578	0.9480025761	0.02442371894	0.04268788169
	0.2652420328	0.7523587294	0.004250891729	0.02982993889	0.003909371131
	0.0002102553059	0.000209028799	0.3206306524	0.009847191522	0.004278563995
	0.91487277	0.8022068362	0.6754871521	0.5917259528	0.427941946
	0.4002117865	0.408224292	0.02573205022	0.000572909702	0.01148135269
	0.002651138113	0.002516994677	0.001543662955	0.0002673658774	0.0002090259377
	0.9633126121	0.002342003072	0.8459698059	0.006977658753	0.02601865693
	0.6173266043	0.004211718858	0.01953651634	0.003936652421	0.0002958805901
	0.0002106670125	0.1502287535	0.00157178765	0.02995637082	0.7847287694
	0.6582286593	0.4702785725	0.4915879178	0.5267197365	0.5365805385
	0.4973088699	0.4706044102	0.4473524795	0.01830345311	0.00022333687
	0.007117002823	0.00314140934	0.003413142594	0.001602533272	0.002963525425
	0.5570014108	0.007880515738	0.04038965135	0.3371749572	0.0002558775636
	0.0005836478762	0.02191111781	0.003243640566	0.03597909084	0.4485058657
	0.4582781115	0.032870171	0.0118100964	0.0007502071139	0.004208175143
	0.003612229577	0.002551676658	0.004493604536	0.2330914829	0.01162236998
	0.03999420036	0.04448472832	0.006811900207	0.1354904693	0.4441703133
	0.25591408	0.02298173374	0.0164446948	0.008626649784	0.00485245333
	0.004538037569	0.006964217994	0.006081700495	0.0485612245	0.4112520778
	0.3588677213	0.3906797025	0.08851267824	0.0115404061	0.008182214249
	0.006826188061	0.008362045797	0.01842516695	0.3160454495	0.2568596585
	0.2373480316	0.1752031149	0.265603191	0.02423614803	0.0216098478
	0.09480079305	0.04820823632	