961	
	0.4407916725	0.4359934117	0.4901530989	0.502714507	0.5054191336
	0.5073580033	0.4930215509	0.1788239669	0.00475612055	0.006767949659
	0.2384733638	0.4620920161	0.485443779	0.4910044799	0.513975599
	0.6051042142	0.7493092156	0.7670950087	0.625666895	0.5922440992
	0.6594220052	0.6722036959	0.6646046125	0.6489218091	0.6364830896
	0.6280657948	0.622486846	0.6184315694	0.6158472685	0.6151685048
	0.6020583993	0.000518938774	0.0343980667	0.3936675709	0.4304597671
	0.4329373859	0.43341698	0.4162247426	0.2108259997	0.004663786467
	0.003374043039	0.07497688966	0.3854825826	0.417988612	0.4194820297
	0.4321216345	0.5410511333	0.8027309047	0.8544825307	0.5238659091
	0.3919048967	0.6673031067	0.7509851393	0.750772253	0.7258679189
	0.6962784063	0.6664818409	0.6472503564	0.6372015689	0.6304434051
	0.626127298	0.6135438515	0.0005467679238	0.0004781539941	0.0007665128101
	0.0007603011461	0.0007743991089	0.0007916576533	0.000786940782	0.0007792322894
	0.0007683018879	0.0007869246418	0.0005027974201	0.4435523491	0.4471285693
	0.4427818694	0.4290598583	0.4622403517	0.7503946633	0.6104758828
	0.01783620795	0.03840497853	0.1291387835	0.3293628836	0.521061074
	0.6169959354	0.6600714706	0.6609520715	0.6292983308	0.6059815372
	0.5969037891	0.5886799549	0.5984512722	0.2699171443	0.0003406022226
	0.000815596445	0.0007508301126	0.0007646176041	0.0007839228063	0.0007906456733
	0.0007795665233	0.0007758205934	0.0008098739577	0.0003415057508	0.0004142346555
	0.00060972275	0.0006605516261	0.0006817337898	0.3945059601	0.5483996798
	0.9477659667	0.03235516445	0.01881535836	0.01595546307	0.01385986292
	0.01516878055	0.02183394864	0.07033297159	0.2788844262	0.5508055347
	0.5505359478	0.5391476041	0.5329790541	0.5715905436	0.473578074
	0.348815996	0.3285269949	0.3322391492	0.3367835503	0.3430670137
	0.35152626	0.3627377857	0.3773316228	0.3945235957	0.3964169978
	0.0003709468395	0.0007298146387	0.0005968611722	0.0004619167117	0.0004929311124
	0.0008690036882	0.0007637003244	0.9961933517	0.02722002443	0.0168273562
	0.008567019936	0.00349383766	0.002277101907	0.001749986642	0.001634674146
	0.001351583226	0.384643116	0.4874745404	0.4851552206	0.5447909065
	0.4976041571	0.3815993617	0.36470253	0.3641011628	0.3652325445
	0.3681607922	0.3720331218	0.3762725156	0.3802828074	0.3835180275
	0.3794146789	0.3526659149	0.3468783851	0.3847384066	0.3829858359
	0.0007360851805	0.0008899930177	0.000540063826	0.0005611269181	0.9949457105
	0.03840060194	0.01933776637	0.009081400201	0.003337838335	0.002162357958
	0.001765638854	0.0009437549834	0.0009106957689	0.3339592934	0.4629320186
	0.5286299372	0.5327227068	0.4460424247	0.4420732757	0.4410014693
	0.438807274	0.4367376615	0.4345474457	0.4315508339	0.4276117023
	0.4235262632	0.4188565434	0.4062110589	0.3843063862	0.3878344676
	0.38807675	0.3755084955	0.3830253919	0.4010282113	0.0006283316072
	0.0006709704522	0.9482346709	0.03607928175	0.09441764207	0.2723520683
	0.5169064474	0.5193819158	0.1145831729	0.0009326374071	0.0008380715742
	0.3812631198	0.5218418345	0.5684500348	0.5176197464	0.5164907008
	0.5151494938	0.5121720376	0.5079220699	0.502826559	0.496754952
	0.4899525367	0.483171357	0.4766483239	0.4677666304	0.4543351249
	0.44162128	0.4323768411	0.4180109098	0.4029101491	0.4040925088
	0.3991991566	0.0006989047427	0.0007321595966	0.9263562375	0.8316463908
	0.9255733048	0.8211074904	0.05547096149	0.6143740538	0.1807010404
	0.0008324293282	0.001191299659	0.5143246058	0.6013183287	0.5859803809
	0.5853823098	0.5830153241	0.5797211689	0.5751789326	0.5695876296
	0.5630111366	0.5557495951	0.5482160897	0.5405951151	0.5319644429
	0.5209989652	0.5084184626	0.4957347226	0.4804537585	0.46144011
	0.4417362591	0.4113426958	0.3848154365	0.0007644995734	0.000793066271
	0.5979309693	0.5856048872	0.06007413057	0.006824835526	0.01527592127
	0.9529362645	0.001322149704	0.001365403555	0.5106811297	0.628094516
	0.6427663819	0.6413932031	0.6385263466	0.6351424283	0.6308929322
	0.6258164359	0.6199269827	0.6133890394	0.6064184845	0.5992250845
	0.5916924446	0.5834038786	0.5742241324	0.5642977744	0.5528924307
	0.5388259739	0.5216350377	0.4960665225	0.4501922595	0.4099336922
	0.0007971838662	0.0008548607388	0.001750151042	0.002307426697	0.003490364688
	0.01902090147	0.9871884869	0.001461308514	0.001370113097	0.5195835997
	0.6461587127	0.6824865422	0.6799540812	0.676994019	0.6737820216
	0.66993785	0.6655033769	0.6604580212	0.6548539015	0.6488402159
	0.6426855757	0.6366320074	0.6307545815	0.624991146	0.6192979996
	0.6135605757	0.6074994229	0.6008160624	0.5919378154	0.5749486461
	0.5405076971	0.5105628267	0.001308785818	0.001552397785	0.001804226679
	0.002519054621	0.004541087867	0.9314839254	0.001276787904	0.0008226163296
	0.5164377555	0.6540390399	0.7030692998	0.6997285046	0.6968147905
	0.6938643303	0.6904398567	0.6865379292	0.6821128259	0.6771761486
	0.6718645796	0.6664657618	0.6613197887	0.656658916	0.6525298746
	0.6489227341	0.6458724265	0.6434332592	0.6418400249	0.6416143415
	0.6430089923	0.6443423872	0.6508941625	0.686446355	0.5971305805
	0.1785222636	0.09025997214	0.02197782546	0.02024744831	0.9917216883
	0.0007856673235	0.001046309915	0.651388432	0.7044103807	0.7009149927
	0.6980890976	0.6954902162	0.6925709248	0.6892111071	0.6852990839
	0.680820833	0.6759017479	0.6708039995	0.6658371352	0.6612149636
	0.6569750511	0.6530544135	0.6493698988	0.6458242753	0.6424610453
	0.6396741808	0.6380974651	0.6384271974	0.6421847572	0.6728238273
	0.7451615914	0.7805918201	0.5125901387	0.06424899543	0.03522636704
	0.9826301935	0.003126438948	0.001480020151	0.638789876	0.686764292
	0.6836393149	0.6809816744	0.6789831135	0.6769251772	0.6744412382
	0.6712897435	0.6674017271	0.662869982	0.657902643	0.6527299985
	0.6474886472	0.642164227	0.636642089	0.6307753041	0.6244377484
	0.617679646	0.6108372603	0.6041940256	0.5972565688	0.5880809034
	0.5749252203	0.5697642293	0.5972854563	0.5774240153	0.3262518999
	0.168069443	0.982308975	0.002928753131	0.0027453634	0.6178306266
	0.6507763163	0.647805584	0.6454872921	0.6445875359	0.6440748575
	0.6431892088	0.6414669056	0.6387435021	0.635053674	0.6305269564
	0.6252891927	0.619380977	0.612736691	0.605246473	0.5968604464
	0.587737095	0.5784735449	0.5702101556	0.5641715066	0.5604345003
	0.5560568798	0.5431654652	0.5104438372	0.4574208085	0.4073000036
	0.4510585084	0.7369511706	0.9748882576	0.003143440442	0.002887159054
	0.5910781126	0.5983290735	0.5936152976	0.5920199357	0.5932151329
	0.5953347954	0.5970837981	0.5977937879	0.5972384882	0.5953935424
	0.592273973	0.587856002	0.5820514936	0.5747354997	0.5658353956
	0.5554801084	0.5442332869	0.533393284	0.5251021505	0.5217908448
	0.5246483754	0.5313765274	0.5344917306	0.5225977257	0.4887872714
	0.4675704424	0.6089207961	0.8802594047	0.9502212694	0.003490632556
	0.003204931505	0.562102311	0.5335050708	0.5225787057	0.5223839083
	0.5274056655	0.5337085643	0.5392543897	0.5434455438	0.5462715755
	0.547737577	0.5476835975	0.5458260234	0.5418552199	0.5355353526
	0.5268188899	0.5160077808	0.5040016093	0.4926018504	0.4846193715
	0.4833220847	0.4908962151	0.5063532306	0.5247556133	0.5408924504
	0.5594880447	0.6220162357	0.8003882622	0.9295605859	0.8916470943
	0.003760772407	0.003526014103	0.535148608	0.4625693735	0.4385591244
	0.4410188159	0.4524335845	0.4645178116	0.4745169341	0.4826391268
	0.4897332681	0.4960348919	0.5010780823	0.5040832242	0.5043188149
	0.501315755	0.495000652	0.4858385897	0.4750346241	0.4647713852
	0.4583167768	0.4596240397	0.4720787621	0.4968668649	0.5328792605
	0.5808577237	0.6505300685	0.7639986883	0.8897709195	0.9344561808
	0.4568130747	0.004121277302	0.003781437372	0.5146795305	0.3922915314
	0.3479081656	0.3549388372	0.3761247097	0.3950928091	0.4087299384
	0.4197110476	0.4309264156	0.4430993385	0.4551532074	0.4653759916
	0.4722773077	0.4749757729	0.4733245877	0.4680117742	0.4607236314
	0.4542912856	0.4527020918	0.4608092821	0.4833767723	0.5235929899
	0.5825423402	0.6609492179	0.7576678685	0.8563046297	0.9202475346
	0.8612260424	0.0556484432	0.004837445259	0.00418844795	0.5051322983
	0.3272511982	0.2581517807	0.2720489791	0.3067660368	0.3331043236
	0.3475098127	0.3581516887	0.3719039732	0.3902012316	0.410799662
	0.4303749016	0.4461785996	0.4567139346	0.4618123994	0.4625825452
	0.4615245685	0.4626809979	0.4714267676	0.4937581717	0.5349631419
	0.5970434694	0.675937904	0.7623221567	0.8422117612	0.8971251165
	0.8992726441	0.3424604748	0.02050296482	0.006795142994	0.005342792293
	0.5105400115	0.2682655392	0.1763992011	0.198586879	0.2506199709
	0.2847358538	0.2949615584	0.3001161361	0.3136919729	0.3377207203
	0.3680606873	0.3989712616	0.4257611645	0.4460253446	0.4597610774
	0.4689625193	0.477376453	0.4905957223	0.5156640266	0.5590592746
	0.6230462713	0.7014416459	0.7787391841	0.8402642122	0.8786624002
	0.8859632807	0.6743398555	0.06284067918	0.01262711389	0.009319194779
	0.009569908504	0.5339091621	0.2132426954	0.1088472902	0.1376757788
	0.2106773333	0.2538906226	0.2529363329	0.2465085822	0.2571323753
	0.2862147593	0.3271584129	0.3713027243	0.4112309251	0.4430661191
	0.4670198793	0.4865612018	0.5072404167	0.5359279604	0.5798818872
	0.6432162198	0.7205579071	0.795507666	0.8500629332	0.8755849182
	0.8631017239	0.7362156253	0.1740871564	0.02776156624	0.01192291028
	0.01144562451	0.02195805121	0.575518654	0.1605229529	0.06057539133
	0.08993907436	0.1874110688	0.2424762626	0.2206986724	0.1974770081
	0.2038083662	0.237250128	0.2889759228	0.3477514931	0.4028692289
	0.448150174	0.4835151456	0.5139237638	0.5470880573	0.5908049033
	0.6499916282	0.7226147448	0.7963782765	0.853913036	0.8839158755
	0.8770255837	0.775098234	0.341089384	0.05314877044	0.01960437493
	0.015028084	0.0170400973	0.08013312399	0.6301287676	0.1128273483
	0.03318296816	0.0553350128	0.1809265091	0.2504494447	0.1947040182
	0.1530465308	0.1562428544	0.1934422414	0.255063331	0.3284245358
	0.3996024757	0.4596315728	0.507285694	0.5479650672	0.5907364356
	0.6438686168	0.7093180781	0.7792947647	0.8400541241	0.8806362414
	0.8941612568	0.8608544542	0.6472522598	0.1460713337	0.03668523783
	0.02152580402	0.02189218707	0.03665611695	0.213047495	0.6865937187
	0.07675254997	0.02153803934	0.03381792198	0.1927545186	0.2737484161
	0.1690297811	0.113681086	0.1168385049	0.1573941109	0.2272976215
	0.3130199707	0.3983095143	0.4724193551	0.5326639248	0.5830996323
	0.6318551731	0.6865645972	0.7483259997	0.8091712738	0.8579711257
	0.8877453606	0.8920692971	0.8435788257	0.5875031279	0.1311553238
	0.0400405596	0.03533247878	0.04685689383	0.1102413629	0.3595607532
	0.7326099992	0.05591474143	0.01714421086	0.02335208864	0.2247508921
	0.301024196	0.1385330708	0.08056749633	0.08640516649	0.1302135632
	0.2070515239	0.3008541028	0.3945449674	0.4789271775	0.5508352291
	0.6111815695	0.6644259541	0.7161716863	0.7686046041	0.8180458977
	0.857635546	0.8815656244	0.8825734846	0.834179125	0.6183363876
	0.2123838993	0.08449175765	0.09649464306	0.1797541922	0.3490062635
	0.5050633777	0.7607300914	0.04744876167	0.01496882008	0.01924201674
	0.2724600787	0.3163414236	0.104657067	0.0550888345	0.06381827833
	0.1109073867	0.1939286928	0.2898421015	0.3831084616	0.4711173925
	0.5523830911	0.6236431417	0.6833617185	0.7334290194	0.7769907556
	0.8152785176	0.8464698748	0.8663430804	0.8676623946	0.831328268
	0.695876591	0.4275692156	0.2854803181	0.3409960172	0.5051101405
	0.6467842977	0.6309678075	0.7651682166	0.04692674957	0.01351630256
	0.01728131893	0.310407821	0.3084904908	0.07569791255	0.03742361229
	0.04678569258	0.09629785192	0.1833849674	0.2738709951	0.3581877515
	0.4435528197	0.5314573629	0.6149777318	0.6856596398	0.7399596113
	0.7798598968	0.8095349013	0.832019903	0.8473371804	0.8515358111
	0.8346874163	0.7761532951	0.6712559003	0.6081129959	0.6550848762
	0.7414053374	0.8050782773	0.715003579	0.74672889	0.05366280959
	0.01222002586	0.0153264834	0.3173065432	0.2904685896	0.0589470254
	0.02618955185	0.03303165225	0.08396747548	0.174022031	0.2520142035
	0.3210500334	0.3973087697	0.4846997424	0.5763161882	0.660302855
	0.7275462416	0.7759383103	0.8087392659	0.8308382982	0.8460645751
	0.8556654945	0.8574381118	0.8462043849	0.8219077805	0.8028383969
	0.8073303431	0.8241784167	0.8460283502	0.7507290966	0.6938057457
	0.09203348472	0.01035415174	0.01355812467	0.221092458	0.2412882753
	0.05596407633	0.02020287468	0.02393019767	0.06210546159	0.1317874778
	0.1900330811	0.2466539007	0.318380889	0.4094347694	0.515192248
	0.6234323519	0.7191492467	0.7926128094	0.8428344345	0.8743642017
	0.8927477121	0.9021387571	0.9046344896	0.900167217	0.887277286
	0.8654274407	0.8373257012	0.8089098987	0.7979996585	0.732745329
	0.6164865857	0.3117658156	0.0209873269	0.01504867448	0.294614071
	0.3309642988	0.1156101062	0.03599378688	0.02927519918	0.08188611141
	0.1899141281	0.2627017823	0.3251246649	0.3932737126	0.4669750534
	0.5417075993	0.6124565006	0.6753732883	0.7282675769	0.7702261451
	0.8010490908	0.8208975934	0.83010498	0.8290208886	0.8179095305
	0.7969565853	0.7662842864	0.7271394788	0.6859254944	0.6534094625
	0.6429688629	